1585929600,5.0977,5.088,5.0883,5.0977,670.3
1585929660,5.095,5.0833,5.0949,5.0838,1902.21
1585929720,5.0831,5.0755,5.0831,5.0769,1866.11
1585929780,5.0799,5.0761,5.0769,5.0792,1076.93
1585929840,5.0794,5.0724,5.0793,5.0755,2495.82
1585929900,5.0739,5.0707,5.0725,5.0717,1851.19
1585929960,5.0727,5.0619,5.0727,5.0651,3311.45
1585930020,5.0651,5.0296,5.0651,5.0435,16248.57
1585930080,5.0411,5.0242,5.0402,5.0284,8918.58
1585930140,5.0329,5.022,5.0264,5.0274,4828.01
1585930200,5.0356,5.0264,5.0267,5.0356,2646.98
1585930260,5.0374,5.0337,5.034,5.0349,1260.13
1585930320,5.0406,5.0246,5.0368,5.0252,2824.52
1585930380,5.0365,5.0253,5.0255,5.033,5071.47
1585930440,5.0372,5.0269,5.0324,5.0269,2382.24
1585930500,5.0326,5.025,5.0298,5.0322,3400.09
1585930560,5.0425,5.0321,5.0328,5.0394,3174.19
1585930620,5.043,5.037,5.0394,5.037,2021.23
1585930680,5.0401,5.031,5.0369,5.0321,2234.69
1585930740,5.034,5.0219,5.034,5.0246,1399.94
1585930800,5.0274,5.019,5.0231,5.0213,2994.72
1585930860,5.0211,5.0038,5.0201,5.0092,6242.69
1585930920,5.0074,4.9902,5.0074,5.005,14635.06
1585930980,5.0221,5.0035,5.0052,5.0196,3763.92
1585931040,5.0192,5.0135,5.0161,5.0157,2035.98
1585931100,5.0265,5.0152,5.0185,5.0251,1676.45
1585931160,5.0284,5.02,5.0263,5.022,3829.31
1585931220,5.0307,5.0207,5.0231,5.0282,1258.02
1585931280,5.0387,5.0303,5.0307,5.0387,4959.22
1585931340,5.0465,5.0371,5.0376,5.0449,2205.02
1585931400,5.0492,5.0366,5.0449,5.0491,3065.54
1585931460,5.0492,5.0459,5.0465,5.0465,2114.95
1585931520,5.045,5.0396,5.045,5.0405,800.66
1585931580,5.0518,5.0408,5.0428,5.0518,1102.44
1585931640,5.0603,5.0512,5.0512,5.0591,2452.7
1585931700,5.058,5.0494,5.0563,5.0563,3300.48
1585931760,5.0552,5.0472,5.0552,5.0491,1785.44
1585931820,5.0492,5.04,5.0492,5.0443,659.31
1585931880,5.0445,5.0406,5.043,5.044,394.54
1585931940,5.0542,5.0458,5.0458,5.0506,3441.86
1585932000,5.0535,5.0496,5.0535,5.053,571.93
1585932060,5.0526,5.0497,5.05,5.0499,240.54
1585932120,5.052,5.0462,5.052,5.0485,405.28
1585932180,5.0535,5.0515,5.0515,5.0535,203.06
1585932240,5.0535,5.0474,5.0535,5.0499,2387.46
1585932300,5.0468,5.0468,5.0468,5.0468,71.49
1585932360,5.04,5.0265,5.04,5.029,7507.06
1585932420,5.0295,5.0232,5.0293,5.0232,2941.91
1585932480,5.023,5.0162,5.023,5.0195,3249.63
1585932540,5.0278,5.0204,5.0204,5.0249,2346.22
1585932600,5.0323,5.022,5.0224,5.0323,798.28
1585932660,5.0334,5.03,5.0311,5.0334,1904.8
1585932720,5.0344,5.0266,5.0334,5.0266,3723.81
1585932780,5.0374,5.0257,5.0266,5.0291,8454.59
1585932840,5.0566,5.0296,5.0315,5.0566,6024.02
1585932900,5.0582,5.0489,5.0543,5.0528,4935.17
1585932960,5.0542,5.0495,5.0517,5.0514,3043.34
1585933020,5.0736,5.0525,5.0525,5.0675,5494.4
1585933080,5.0682,5.065,5.0682,5.067,1833.26
1585933140,5.067,5.0596,5.067,5.0643,3002.56
1585933200,5.0921,5.065,5.0677,5.0767,9547.22
1585933260,5.0778,5.0654,5.0757,5.0654,3957.33
1585933320,5.0661,5.0607,5.0659,5.0607,1256.31
1585933380,5.0658,5.0603,5.0619,5.0606,1397.55
1585933440,5.0664,5.0569,5.0605,5.0662,7410.57
1585933500,5.065,5.0627,5.065,5.0627,656.18
1585933560,5.0616,5.0548,5.0616,5.0548,1280.55
1585933620,5.0604,5.047,5.0544,5.0522,2257.95
1585933680,5.0507,5.0445,5.0498,5.0458,2011.04
1585933740,5.0531,5.0474,5.0495,5.0491,1618.84
1585933800,5.0534,5.0476,5.0476,5.0517,518.07
1585933860,5.0501,5.0468,5.0501,5.0468,607.07
1585933920,5.0531,5.0464,5.0468,5.0531,1161.42
1585933980,5.061,5.0562,5.0562,5.0588,2994.24
1585934040,5.0603,5.057,5.0588,5.0582,675.77
1585934100,5.066,5.0596,5.0596,5.0598,1537.46
1585934160,5.0592,5.0505,5.0592,5.0511,454.31
1585934220,5.0562,5.0522,5.0522,5.0536,1430.62
1585934280,5.0611,5.0523,5.0523,5.061,1937.26
1585934340,5.0614,5.0592,5.0612,5.0602,398.67
1585934400,5.0641,5.0599,5.0599,5.0602,1992.88
1585934460,5.0613,5.0585,5.0589,5.0585,1310.16
1585934520,5.0629,5.0604,5.0624,5.0604,150.76
1585934580,5.0635,5.0624,5.0624,5.0635,138.06
1585934640,5.0616,5.0604,5.0604,5.0616,129.37
1585934700,5.0635,5.0624,5.0624,5.0635,960.63
1585934760,5.0682,5.0623,5.0623,5.0682,6114.72
1585934820,5.0682,5.0682,5.0682,5.0682,0
1585934880,5.07,5.0667,5.0667,5.0691,482.97
1585934940,5.07,5.0659,5.07,5.067,1566.06
1585935000,5.065,5.0562,5.0648,5.0562,2210.57
1585935060,5.0597,5.0533,5.0562,5.0562,3192.83
1585935120,5.0559,5.0431,5.0559,5.0454,1881.09
1585935180,5.0509,5.0428,5.0454,5.0509,2454.3
1585935240,5.0512,5.0457,5.0511,5.0457,606.87
1585935300,5.0471,5.0454,5.0454,5.0467,654.93
1585935360,5.0467,5.0467,5.0467,5.0467,0
1585935420,5.046,5.0376,5.046,5.0376,732
1585935480,5.0376,5.0326,5.0357,5.0326,1470.3
1585935540,5.0345,5.0324,5.0324,5.0345,707.17
1585935600,5.0376,5.0324,5.0336,5.0358,915
1585935660,5.0386,5.0337,5.0376,5.0337,669.28
1585935720,5.0371,5.0335,5.0337,5.0346,413.76
1585935780,5.0338,5.0252,5.0335,5.0252,2134.16
1585935840,5.0334,5.0252,5.0252,5.0323,996.56
1585935900,5.0345,5.0314,5.0314,5.0335,869.8
1585935960,5.0345,5.0335,5.0335,5.0341,694.21
1585936020,5.0345,5.0312,5.0329,5.0312,538.42
1585936080,5.035,5.031,5.0312,5.0332,973.56
1585936140,5.0325,5.0318,5.0324,5.0325,339.26
1585936200,5.0329,5.0313,5.0323,5.0313,577.8
1585936260,5.034,5.031,5.034,5.031,1009.34
1585936320,5.0402,5.0322,5.0322,5.0395,797.75
1585936380,5.0456,5.0382,5.0407,5.0395,1840.13
1585936440,5.042,5.0404,5.0404,5.042,337.94
1585936500,5.042,5.04,5.04,5.0404,284.04
1585936560,5.0424,5.042,5.042,5.0424,13.08
1585936620,5.0449,5.0346,5.0418,5.0346,3873.2
1585936680,5.0352,5.0323,5.0343,5.0331,1526.79
1585936740,5.0365,5.032,5.0347,5.0365,561.71
1585936800,5.0404,5.035,5.035,5.0404,519.1
1585936860,5.0408,5.0381,5.0391,5.0408,1871.81
1585936920,5.0424,5.039,5.0424,5.0398,1945.81
1585936980,5.0407,5.0362,5.0407,5.0376,1261.34
1585937040,5.0414,5.0386,5.0406,5.0386,188.59
1585937100,5.0391,5.0267,5.0391,5.0283,6389.06
1585937160,5.0356,5.0272,5.0287,5.0355,5500.81
1585937220,5.0355,5.0335,5.0338,5.0335,406.56
1585937280,5.0372,5.0351,5.0351,5.0372,153.07
1585937340,5.035,5.0334,5.035,5.0334,398.98
1585937400,5.0353,5.0307,5.0334,5.0307,598.29
1585937460,5.0344,5.0344,5.0344,5.0344,160
1585937520,5.0335,5.0307,5.0309,5.0307,195.29
1585937580,5.0332,5.0289,5.0289,5.0323,523.05
1585937640,5.0346,5.0309,5.0343,5.0309,2163.86
1585937700,5.032,5.0287,5.0288,5.032,1179.05
1585937760,5.0295,5.0267,5.029,5.0286,1232.92
1585937820,5.0334,5.0307,5.0307,5.0334,268.46
1585937880,5.0335,5.0312,5.0327,5.0312,528.96
1585937940,5.0312,5.0312,5.0312,5.0312,300.95
1585938000,5.0347,5.0328,5.0328,5.0347,424.94
1585938060,5.0402,5.0353,5.0355,5.0353,915.92
1585938120,5.037,5.037,5.037,5.037,4.96
1585938180,5.0398,5.0331,5.0331,5.0398,262.81
1585938240,5.0401,5.0401,5.0401,5.0401,4.81
1585938300,5.0445,5.0438,5.0438,5.0445,149.86
1585938360,5.0491,5.0456,5.049,5.0456,535.33
1585938420,5.0457,5.0456,5.0456,5.0456,55.34
1585938480,5.0472,5.0465,5.0469,5.0465,542.79
1585938540,5.0555,5.0488,5.0488,5.0555,687.09
1585938600,5.0624,5.0522,5.0554,5.0596,9312.61
1585938660,5.0608,5.0478,5.0593,5.049,4583.76
1585938720,5.0572,5.051,5.051,5.0523,869.55
1585938780,5.0586,5.0478,5.0552,5.0497,856.45
1585938840,5.056,5.0516,5.0533,5.0516,671.78
1585938900,5.0547,5.0536,5.0547,5.0536,9.65
1585938960,5.0536,5.0467,5.0536,5.0493,705.62
1585939020,5.0477,5.0402,5.0458,5.0477,1057.6
1585939080,5.051,5.0486,5.0494,5.051,544.74
1585939140,5.0512,5.0489,5.0489,5.0512,159.18
1585939200,5.056,5.0523,5.0523,5.056,308.99
1585939260,5.0551,5.0523,5.0551,5.0523,351.85
1585939320,5.0519,5.0498,5.0519,5.0498,54.94
1585939380,5.0489,5.0489,5.0489,5.0489,35
1585939440,5.0578,5.0502,5.0509,5.0535,2390.62
1585939500,5.0578,5.0513,5.0578,5.0513,2434.24
1585939560,5.0613,5.0552,5.0552,5.0613,384.76
1585939620,5.0604,5.0544,5.06,5.0563,1782.32
1585939680,5.057,5.0566,5.057,5.0566,33.21
1585939740,5.0593,5.0575,5.0575,5.0593,166.21
1585939800,5.0613,5.0598,5.0598,5.0613,71.42
1585939860,5.0607,5.0599,5.0607,5.0599,370.27
1585939920,5.0622,5.0584,5.0584,5.0612,371.14
1585939980,5.0584,5.0525,5.0584,5.0552,316.2
1585940040,5.0562,5.0539,5.0549,5.0562,305.85
1585940100,5.0577,5.054,5.0541,5.054,385.42
1585940160,5.0593,5.0548,5.0548,5.0593,327.74
1585940220,5.054,5.054,5.054,5.054,10
1585940280,5.055,5.0536,5.055,5.0536,153.73
1585940340,5.0548,5.0522,5.0539,5.0522,253.38
1585940400,5.0622,5.0529,5.0562,5.0612,600.34
1585940460,5.0697,5.0612,5.0613,5.0697,3464.32
1585940520,5.0691,5.0664,5.0691,5.0664,334.57
1585940580,5.0695,5.064,5.068,5.0695,960.67
1585940640,5.0748,5.0698,5.0698,5.0748,1379.48
1585940700,5.0751,5.0728,5.0733,5.074,102.11
1585940760,5.0747,5.0708,5.072,5.0747,578.2
1585940820,5.0754,5.0753,5.0754,5.0753,123.44
1585940880,5.0762,5.0739,5.0754,5.0762,536.43
1585940940,5.0763,5.0744,5.0763,5.0751,109.46
1585941000,5.0791,5.0769,5.0769,5.0791,439
1585941060,5.0794,5.0794,5.0794,5.0794,3.9
1585941120,5.0814,5.0794,5.0814,5.0794,264.37
1585941180,5.0827,5.0793,5.0798,5.0827,601.94
1585941240,5.0834,5.0834,5.0834,5.0834,4.94
1585941300,5.0872,5.0779,5.0836,5.0779,1393.72
1585941360,5.0775,5.0775,5.0775,5.0775,182.26
1585941420,5.0775,5.0748,5.0768,5.0775,890.81
1585941480,5.0797,5.0775,5.0775,5.0784,722.07
1585941540,5.0809,5.0809,5.0809,5.0809,88.24
1585941600,5.0801,5.0768,5.0801,5.0768,334.24
1585941660,5.0748,5.0698,5.0748,5.0728,386.08
1585941720,5.0697,5.0628,5.0697,5.0636,811.05
1585941780,5.0674,5.0646,5.0674,5.0658,406.35
1585941840,5.0671,5.0613,5.0635,5.0671,1288.05
1585941900,5.0688,5.0627,5.0633,5.0688,1737.51
1585941960,5.0701,5.0659,5.0675,5.0676,95.78
1585942020,5.0682,5.0682,5.0682,5.0682,57.06
1585942080,5.0718,5.0716,5.0716,5.0718,28.94
1585942140,5.0755,5.0711,5.0747,5.0755,119.73
1585942200,5.0755,5.0744,5.0755,5.0744,119.96
1585942260,5.0745,5.0679,5.0745,5.0679,1855.06
1585942320,5.0692,5.0677,5.0692,5.0677,1038.2
1585942380,5.0677,5.0677,5.0677,5.0677,0
1585942440,5.0672,5.0665,5.0672,5.0665,120.05
1585942500,5.0673,5.0652,5.0663,5.0673,412.17
1585942560,5.0655,5.0652,5.0655,5.0652,167.09
1585942620,5.0607,5.0582,5.0607,5.0582,15.79
1585942680,5.0668,5.0591,5.0623,5.0638,2776.99
1585942740,5.0611,5.0611,5.0611,5.0611,4.49
1585942800,5.0629,5.0629,5.0629,5.0629,113.51
1585942860,5.0629,5.0629,5.0629,5.0629,0
1585942920,5.0629,5.0629,5.0629,5.0629,0
1585942980,5.0703,5.0655,5.0655,5.0703,790.71
1585943040,5.0709,5.0601,5.0709,5.0601,2363.29
1585943100,5.0651,5.0651,5.0651,5.0651,5.89
1585943160,5.0695,5.0676,5.0676,5.0695,555.32
1585943220,5.0738,5.0688,5.0688,5.0738,80.1
1585943280,5.0882,5.0753,5.0753,5.0877,4782.29
1585943340,5.0899,5.0778,5.0883,5.0779,2017.82
1585943400,5.0887,5.0759,5.0759,5.0887,957.94
1585943460,5.085,5.0713,5.085,5.0713,2490.8
1585943520,5.0748,5.072,5.073,5.0748,794.64
1585943580,5.0778,5.0693,5.0722,5.0778,2015.41
1585943640,5.0777,5.0759,5.0777,5.0759,202.91
1585943700,5.0797,5.0727,5.0742,5.0777,2421.57
1585943760,5.0834,5.0795,5.0795,5.0823,599.3
1585943820,5.0788,5.0767,5.0788,5.0767,327.49
1585943880,5.0801,5.0773,5.0776,5.0778,248.82
1585943940,5.0838,5.0772,5.0772,5.0817,357.81
1585944000,5.0957,5.0859,5.0859,5.093,870.08
1585944060,5.092,5.0884,5.0914,5.092,608.5
1585944120,5.0916,5.0888,5.0899,5.0899,194.07
1585944180,5.0935,5.0897,5.0897,5.0934,625.83
1585944240,5.0979,5.0931,5.0934,5.0979,865.34
1585944300,5.1047,5.0977,5.0979,5.1047,6492.85
1585944360,5.1076,5.1007,5.1056,5.1045,1923.43
1585944420,5.102,5.0942,5.102,5.0978,2850.23
1585944480,5.099,5.0942,5.0942,5.099,376.69
1585944540,5.0956,5.0953,5.0954,5.0956,273.4
1585944600,5.097,5.0968,5.0968,5.097,182.8
1585944660,5.1001,5.0968,5.0994,5.0968,538.52
1585944720,5.0968,5.0928,5.0968,5.0928,904.5
1585944780,5.0966,5.0956,5.0956,5.0966,86.16
1585944840,5.094,5.0882,5.094,5.0882,444.79
1585944900,5.0884,5.0805,5.0884,5.0805,513.22
1585944960,5.0884,5.0841,5.0841,5.0851,1027.56
1585945020,5.0835,5.0832,5.0832,5.0835,28.16
1585945080,5.0897,5.0788,5.0819,5.0843,2535.36
1585945140,5.0862,5.0847,5.0862,5.0847,903.22
1585945200,5.0875,5.0859,5.0874,5.0859,569.84
1585945260,5.0913,5.0874,5.0894,5.0902,524.97
1585945320,5.0934,5.0883,5.0883,5.09,1108.04
1585945380,5.0944,5.0906,5.0906,5.0944,450.63
1585945440,5.0929,5.0873,5.0926,5.089,3889.19
1585945500,5.09,5.0884,5.0892,5.0887,30.46
1585945560,5.0889,5.0889,5.0889,5.0889,3.29
1585945620,5.0875,5.0832,5.0864,5.0867,428.67
1585945680,5.0882,5.0881,5.0881,5.0882,410.41
1585945740,5.0897,5.0868,5.0868,5.0897,86.87
1585945800,5.092,5.09,5.09,5.0912,411.82
1585945860,5.0912,5.0912,5.0912,5.0912,0
1585945920,5.0918,5.09,5.0911,5.0918,108.6
1585945980,5.0912,5.0912,5.0912,5.0912,229.8
1585946040,5.0926,5.0926,5.0926,5.0926,3
1585946100,5.0933,5.0918,5.0928,5.0928,1237.72
1585946160,5.0919,5.0877,5.0919,5.0877,641.7
1585946220,5.0875,5.0774,5.0867,5.0774,1343.29
1585946280,5.0779,5.0757,5.0778,5.0757,343.36
1585946340,5.0765,5.0765,5.0765,5.0765,256.55
1585946400,5.0762,5.0753,5.0753,5.0762,408.12
1585946460,5.0774,5.0774,5.0774,5.0774,64.02
1585946520,5.0771,5.0748,5.0749,5.0748,76.28
1585946580,5.0759,5.0748,5.0749,5.0748,328.01
1585946640,5.0766,5.0751,5.0766,5.0751,10.36
1585946700,5.0749,5.071,5.0748,5.071,1380.85
1585946760,5.0742,5.071,5.071,5.0742,506.62
1585946820,5.0742,5.0742,5.0742,5.0742,0
1585946880,5.0718,5.0627,5.0718,5.0657,1493.43
1585946940,5.0693,5.0585,5.0603,5.0664,5896.17
1585947000,5.0669,5.0587,5.0663,5.0607,1923.57
1585947060,5.063,5.0607,5.0607,5.0629,275.94
1585947120,5.0634,5.0522,5.0634,5.0522,1770.56
1585947180,5.0578,5.0535,5.0535,5.0562,1050.22
1585947240,5.0559,5.0522,5.0547,5.0525,1981.61
1585947300,5.0539,5.0476,5.0504,5.0539,1061.18
1585947360,5.0539,5.0512,5.0539,5.0512,77.72
1585947420,5.0582,5.0535,5.0535,5.0582,1743.26
1585947480,5.0582,5.0582,5.0582,5.0582,0
1585947540,5.0591,5.0565,5.0566,5.0565,757.3
1585947600,5.0587,5.0505,5.0587,5.0518,856.93
1585947660,5.0509,5.0473,5.0509,5.0473,684.1
1585947720,5.0542,5.0445,5.0445,5.0516,822.66
1585947780,5.0609,5.0537,5.0537,5.0573,1237.28
1585947840,5.0568,5.0546,5.0546,5.0567,87.85
1585947900,5.0558,5.0536,5.0536,5.0558,268.94
1585947960,5.0558,5.0558,5.0558,5.0558,20
1585948020,5.0602,5.0557,5.0557,5.0602,332.39
1585948080,5.0621,5.0596,5.0615,5.0596,312.84
1585948140,5.0596,5.0596,5.0596,5.0596,0
1585948200,5.0621,5.0621,5.0621,5.0621,84.11
1585948260,5.0621,5.0621,5.0621,5.0621,0
1585948320,5.0621,5.0621,5.0621,5.0621,0
1585948380,5.0621,5.0621,5.0621,5.0621,0
1585948440,5.0621,5.0616,5.0621,5.0616,233.17
1585948500,5.0616,5.0616,5.0616,5.0616,0
1585948560,5.0616,5.0616,5.0616,5.0616,0
1585948620,5.0618,5.0591,5.0591,5.0618,10
1585948680,5.0592,5.0575,5.0592,5.0575,589.49
1585948740,5.0575,5.0575,5.0575,5.0575,0
1585948800,5.0639,5.0608,5.0608,5.0639,2350.13
1585948860,5.0639,5.0639,5.0639,5.0639,188.49
1585948920,5.0639,5.0639,5.0639,5.0639,0
1585948980,5.065,5.0645,5.0645,5.065,138.25
1585949040,5.0641,5.0641,5.0641,5.0641,40.75
1585949100,5.0619,5.0619,5.0619,5.0619,116.77
1585949160,5.0619,5.0619,5.0619,5.0619,0
1585949220,5.0671,5.0638,5.0651,5.0671,329.28
1585949280,5.0701,5.0671,5.0671,5.0701,313.21
1585949340,5.0731,5.0691,5.0691,5.0731,50.17
1585949400,5.0752,5.074,5.074,5.0752,202.78
1585949460,5.0767,5.0738,5.0747,5.0767,304.99
1585949520,5.0767,5.0767,5.0767,5.0767,0
1585949580,5.0767,5.0767,5.0767,5.0767,0
1585949640,5.0777,5.0777,5.0777,5.0777,105.5
1585949700,5.0783,5.0782,5.0783,5.0782,6.95
1585949760,5.0908,5.0776,5.0784,5.088,4387.3
1585949820,5.0909,5.0885,5.0904,5.0909,144.83
1585949880,5.0915,5.0904,5.0904,5.0915,114.99
1585949940,5.0915,5.0915,5.0915,5.0915,0
1585950000,5.0885,5.0808,5.0885,5.0808,2320.5
1585950060,5.0819,5.0785,5.0807,5.0787,2867.95
1585950120,5.0794,5.0786,5.0789,5.0794,311.1
1585950180,5.0791,5.0695,5.0791,5.0695,582.68
1585950240,5.0821,5.0733,5.0733,5.0805,353.21
1585950300,5.0795,5.0749,5.0795,5.0769,227.37
1585950360,5.0769,5.0747,5.0769,5.0747,383.78
1585950420,5.0747,5.0747,5.0747,5.0747,0
1585950480,5.0734,5.0697,5.0728,5.0704,293.62
1585950540,5.0691,5.0588,5.0691,5.0618,895.9
1585950600,5.0641,5.0593,5.0635,5.0593,275.17
1585950660,5.06,5.06,5.06,5.06,499.75
1585950720,5.0661,5.063,5.063,5.0661,205.14
1585950780,5.0661,5.0661,5.0661,5.0661,0
1585950840,5.073,5.0656,5.0656,5.073,1098.16
1585950900,5.0751,5.073,5.073,5.0751,297.97
1585950960,5.0697,5.0661,5.0697,5.0665,608.81
1585951020,5.0665,5.0665,5.0665,5.0665,0
1585951080,5.0757,5.0703,5.0703,5.0757,614.27
1585951140,5.0736,5.0736,5.0736,5.0736,5.23
1585951200,5.0821,5.0738,5.0738,5.0821,610.54
1585951260,5.0919,5.0849,5.0853,5.0919,1014.23
1585951320,5.0942,5.0885,5.0941,5.0904,1126.1
1585951380,5.0867,5.0867,5.0867,5.0867,42.73
1585951440,5.0868,5.0841,5.0867,5.0845,1740.29
1585951500,5.0921,5.084,5.084,5.092,1032.54
1585951560,5.0949,5.0833,5.093,5.0833,1006.51
1585951620,5.0833,5.0833,5.0833,5.0833,0
1585951680,5.0894,5.0872,5.0894,5.0872,189.42
1585951740,5.0872,5.0872,5.0872,5.0872,0
1585951800,5.1007,5.0887,5.0887,5.0988,1201.88
1585951860,5.1008,5.0907,5.1008,5.0907,322.02
1585951920,5.1008,5.0943,5.0943,5.0998,444.47
1585951980,5.0988,5.0976,5.0988,5.0976,55.59
1585952040,5.0959,5.092,5.0959,5.092,1390.59
1585952100,5.0932,5.0883,5.0906,5.0883,211.81
1585952160,5.0891,5.0867,5.0867,5.0873,1046.73
1585952220,5.0873,5.0873,5.0873,5.0873,0
1585952280,5.0889,5.0833,5.0859,5.0889,1635.71
1585952340,5.0889,5.0889,5.0889,5.0889,0
1585952400,5.0852,5.0833,5.0849,5.0852,160.85
1585952460,5.0848,5.0848,5.0848,5.0848,46.66
1585952520,5.084,5.0781,5.084,5.0784,92.52
1585952580,5.0784,5.0784,5.0784,5.0784,0
1585952640,5.0795,5.0784,5.0795,5.0794,338.08
1585952700,5.0771,5.0771,5.0771,5.0771,16.93
1585952760,5.0761,5.0646,5.0761,5.0646,2046.59
1585952820,5.0668,5.0644,5.0668,5.0665,142.97
1585952880,5.0678,5.0678,5.0678,5.0678,69.6
1585952940,5.069,5.0674,5.0674,5.069,171.14
1585953000,5.0786,5.07,5.0714,5.0786,2795.7
1585953060,5.0815,5.0775,5.0777,5.0785,1055.35
1585953120,5.0807,5.0798,5.0798,5.0807,91.7
1585953180,5.0807,5.0807,5.0807,5.0807,44.08
1585953240,5.0808,5.0805,5.0805,5.0808,118.38
1585953300,5.0809,5.0809,5.0809,5.0809,13.02
1585953360,5.0785,5.071,5.0785,5.071,2050.78
1585953420,5.0743,5.0711,5.0711,5.0726,162.9
1585953480,5.0744,5.0731,5.0731,5.0744,183.59
1585953540,5.0773,5.0769,5.0771,5.0771,1252.89
1585953600,5.0783,5.0783,5.0783,5.0783,87.63
1585953660,5.0743,5.0743,5.0743,5.0743,4.34
1585953720,5.0751,5.0751,5.0751,5.0751,32.2
1585953780,5.0729,5.0727,5.0729,5.0727,37.74
1585953840,5.0741,5.0725,5.0735,5.0741,683.4
1585953900,5.0786,5.0783,5.0783,5.0786,294.41
1585953960,5.0827,5.0764,5.0776,5.0827,1649.84
1585954020,5.0822,5.0815,5.0815,5.0816,669.8
1585954080,5.0827,5.0797,5.0797,5.0827,204.02
1585954140,5.0921,5.0827,5.0827,5.0921,1569.7
1585954200,5.1023,5.0906,5.0906,5.1023,1920.97
1585954260,5.1012,5.0973,5.0996,5.1009,164.36
1585954320,5.1027,5.0955,5.1022,5.0974,1411.94
1585954380,5.0996,5.0996,5.0996,5.0996,55.93
1585954440,5.1032,5.0987,5.0987,5.1032,106.76
1585954500,5.1315,5.1023,5.1023,5.1301,10087.09
1585954560,5.1311,5.1065,5.13,5.1112,7107.96
1585954620,5.1288,5.1126,5.1126,5.1277,8054.02
1585954680,5.1303,5.1228,5.1272,5.1303,2083.54
1585954740,5.14,5.1279,5.1279,5.1363,4173.53
1585954800,5.149,5.1339,5.1366,5.1392,8801.99
1585954860,5.1452,5.1404,5.1421,5.1426,1330.16
1585954920,5.1428,5.1392,5.1392,5.1413,626.04
1585954980,5.1392,5.1332,5.1392,5.1332,1272.73
1585955040,5.1329,5.1327,5.1329,5.1328,283.74
1585955100,5.1377,5.1345,5.1347,5.1373,1335.1
1585955160,5.1371,5.1324,5.1335,5.1371,1564.37
1585955220,5.1348,5.1312,5.1348,5.1312,804.06
1585955280,5.1338,5.1272,5.1338,5.1272,1745.12
1585955340,5.1287,5.125,5.125,5.1269,44.95
1585955400,5.1324,5.125,5.1259,5.1324,2221.8
1585955460,5.1376,5.1317,5.1317,5.1376,2442.49
1585955520,5.1438,5.1376,5.1376,5.1438,317.25
1585955580,5.147,5.1431,5.1436,5.1439,769.58
1585955640,5.1458,5.1442,5.1444,5.1442,874.15
1585955700,5.1491,5.1451,5.1462,5.149,521.94
1585955760,5.148,5.1402,5.1478,5.1402,2711.95
1585955820,5.1412,5.1371,5.1411,5.1389,252.73
1585955880,5.1395,5.1395,5.1395,5.1395,60.26
1585955940,5.1373,5.1373,5.1373,5.1373,10.4
1585956000,5.1375,5.1337,5.1369,5.1337,203.36
1585956060,5.1337,5.1337,5.1337,5.1337,0
1585956120,5.1343,5.1336,5.1343,5.1336,61.59
1585956180,5.1368,5.133,5.133,5.1368,582.87
1585956240,5.1343,5.1343,5.1343,5.1343,19.04
1585956300,5.1359,5.1336,5.1338,5.1359,327.15
1585956360,5.1367,5.1367,5.1367,5.1367,9
1585956420,5.1363,5.1326,5.1326,5.1363,826.71
1585956480,5.1363,5.1363,5.1363,5.1363,0
1585956540,5.1335,5.1335,5.1335,5.1335,16.47
1585956600,5.1347,5.1343,5.1347,5.1343,58.75
1585956660,5.135,5.135,5.135,5.135,12.02
1585956720,5.1337,5.133,5.1337,5.133,16.38
1585956780,5.1337,5.132,5.132,5.1337,341.79
1585956840,5.132,5.1307,5.132,5.1307,675.51
1585956900,5.1306,5.1244,5.1306,5.1244,362.34
1585956960,5.1258,5.1243,5.1254,5.1254,149.23
1585957020,5.1247,5.1246,5.1246,5.1247,7.6
1585957080,5.1213,5.1155,5.1213,5.118,2149.89
1585957140,5.1206,5.1181,5.1187,5.1181,1368.27
1585957200,5.1215,5.1183,5.1196,5.1194,1618.86
1585957260,5.122,5.1199,5.12,5.121,1303.68
1585957320,5.1232,5.1211,5.1211,5.1224,506.95
1585957380,5.1241,5.1226,5.1226,5.1229,382.83
1585957440,5.1229,5.1229,5.1229,5.1229,0
1585957500,5.1253,5.1235,5.1239,5.1235,112
1585957560,5.1229,5.1179,5.1217,5.1196,1043.17
1585957620,5.1195,5.1175,5.1175,5.1195,397.55
1585957680,5.1225,5.1198,5.1198,5.1225,808.55
1585957740,5.1225,5.1225,5.1225,5.1225,0
1585957800,5.1214,5.1175,5.1214,5.1207,1796.46
1585957860,5.1212,5.1184,5.1211,5.1184,205.07
1585957920,5.122,5.1192,5.1218,5.1192,35.39
1585957980,5.1228,5.1203,5.1203,5.1207,80.52
1585958040,5.1207,5.1207,5.1207,5.1207,0
1585958100,5.1245,5.1228,5.1239,5.1245,46.95
1585958160,5.1242,5.123,5.124,5.123,96.63
1585958220,5.1218,5.1107,5.1218,5.1107,1280.92
1585958280,5.1216,5.1128,5.1139,5.1216,956.19
1585958340,5.1202,5.1164,5.1181,5.1164,39.48
1585958400,5.1176,5.1101,5.1163,5.112,1331.27
1585958460,5.117,5.1118,5.1118,5.1145,786.2
1585958520,5.1139,5.1135,5.1139,5.1135,327.3
1585958580,5.1139,5.1135,5.1135,5.1139,234.61
1585958640,5.1139,5.111,5.1138,5.1115,1706.81
1585958700,5.1115,5.1087,5.1115,5.1087,337.59
1585958760,5.1123,5.1101,5.1117,5.1101,417.79
1585958820,5.1105,5.1088,5.1093,5.1105,645.72
1585958880,5.1089,5.1065,5.1089,5.1065,325.51
1585958940,5.1049,5.1013,5.1049,5.1013,680.32
1585959000,5.1054,5.1001,5.1025,5.1014,1118.02
1585959060,5.1,5.0962,5.1,5.0962,643.68
1585959120,5.0976,5.0909,5.096,5.0909,1771.01
1585959180,5.0918,5.0885,5.0908,5.0885,1120.33
1585959240,5.0891,5.0796,5.0881,5.0796,3749.14
1585959300,5.0863,5.0796,5.0796,5.0814,2247.73
1585959360,5.082,5.0788,5.082,5.0788,1155.07
1585959420,5.0807,5.0768,5.0807,5.0773,569.72
1585959480,5.0779,5.0738,5.0759,5.0753,136.42
1585959540,5.0811,5.0745,5.0754,5.0811,882.18
1585959600,5.0819,5.0783,5.0804,5.0783,287.78
1585959660,5.0794,5.0769,5.0769,5.0794,147.26
1585959720,5.0796,5.0764,5.0795,5.0764,215.44
1585959780,5.0826,5.0769,5.0771,5.0815,2058.57
1585959840,5.0823,5.0796,5.0823,5.0796,268.87
1585959900,5.0831,5.0803,5.0823,5.0803,700.12
1585959960,5.0856,5.0796,5.0803,5.0856,840.67
1585960020,5.0901,5.0818,5.0836,5.0901,660.25
1585960080,5.0952,5.0888,5.091,5.0895,1663.15
1585960140,5.0905,5.0807,5.09,5.0853,3723.47
1585960200,5.0861,5.0802,5.0844,5.0825,698.89
1585960260,5.0824,5.0804,5.0809,5.0824,251.33
1585960320,5.0901,5.0844,5.0844,5.0901,478.99
1585960380,5.0959,5.0901,5.0901,5.0959,260.58
1585960440,5.1016,5.0954,5.0959,5.0999,2276.98
1585960500,5.1005,5.0958,5.0998,5.0972,1512.3
1585960560,5.0991,5.0972,5.0991,5.0972,236.34
1585960620,5.1014,5.096,5.0972,5.1014,405.79
1585960680,5.1014,5.0988,5.0991,5.1006,805.27
1585960740,5.105,5.1014,5.1014,5.1038,899.39
1585960800,5.102,5.0957,5.1015,5.1001,1894.37
1585960860,5.1021,5.0985,5.1019,5.0998,437.49
1585960920,5.1004,5.0996,5.0996,5.1004,559.61
1585960980,5.1019,5.0985,5.1003,5.1019,162.76
1585961040,5.1,5.0972,5.1,5.0972,708.42
1585961100,5.1009,5.0955,5.0957,5.1009,659.22
1585961160,5.1009,5.1009,5.1009,5.1009,11.35
1585961220,5.108,5.1028,5.1028,5.1067,1340.94
1585961280,5.1067,5.1046,5.1067,5.1046,250.88
1585961340,5.1041,5.1022,5.104,5.1022,522.99
1585961400,5.1018,5.0982,5.0982,5.0994,417.45
1585961460,5.1024,5.1024,5.1024,5.1024,38.58
1585961520,5.1024,5.0999,5.1005,5.0999,219.81
1585961580,5.1027,5.1027,5.1027,5.1027,9.33
1585961640,5.1064,5.1034,5.1038,5.1064,100.05
1585961700,5.1142,5.1068,5.1068,5.1142,2805.99
1585961760,5.1128,5.1089,5.1128,5.1089,170.88
1585961820,5.108,5.1056,5.1076,5.1056,525.31
1585961880,5.1078,5.1059,5.1078,5.1059,71.31
1585961940,5.1167,5.1082,5.1085,5.1163,1212.04
1585962000,5.1354,5.116,5.116,5.1271,8169.72
1585962060,5.1269,5.1197,5.1249,5.1234,3442.97
1585962120,5.1266,5.1187,5.1245,5.1188,3312.02
1585962180,5.1214,5.1166,5.1166,5.1188,1510.92
1585962240,5.1198,5.1164,5.1174,5.1164,3394.23
1585962300,5.1363,5.1162,5.1162,5.1269,4768.55
1585962360,5.129,5.1222,5.1251,5.1264,701.14
1585962420,5.1303,5.1275,5.13,5.1275,355.39
1585962480,5.128,5.1242,5.1275,5.1242,841.54
1585962540,5.1242,5.1222,5.1241,5.1222,2163.79
1585962600,5.1258,5.1226,5.1243,5.1226,386.81
1585962660,5.1232,5.1204,5.1219,5.1204,889.78
1585962720,5.1182,5.1132,5.1182,5.1132,628.68
1585962780,5.1118,5.109,5.1096,5.1114,241.15
1585962840,5.1171,5.1132,5.1137,5.1132,819.86
1585962900,5.114,5.1116,5.1127,5.1136,350.5
1585962960,5.1125,5.1098,5.1109,5.1098,241.55
1585963020,5.1112,5.1047,5.1112,5.1073,863.49
1585963080,5.1126,5.108,5.108,5.1125,771.63
1585963140,5.1119,5.1069,5.1106,5.1069,490.54
1585963200,5.1122,5.1094,5.1101,5.1103,1119.13
1585963260,5.1177,5.1094,5.1094,5.1149,928.67
1585963320,5.1155,5.1148,5.1155,5.1148,238.65
1585963380,5.1168,5.1155,5.1162,5.1155,161.84
1585963440,5.1183,5.1154,5.1183,5.1154,338.47
1585963500,5.1154,5.1131,5.1154,5.1131,439.11
1585963560,5.1141,5.1122,5.1122,5.1141,167.34
1585963620,5.1141,5.1141,5.1141,5.1141,239.37
1585963680,5.1157,5.1029,5.1141,5.1029,1268.77
1585963740,5.1108,5.1014,5.1014,5.1055,2188.48
1585963800,5.1109,5.1027,5.1038,5.1109,1320.68
1585963860,5.111,5.107,5.1106,5.107,972.63
1585963920,5.1103,5.1081,5.1102,5.1081,199.87
1585963980,5.1077,5.1043,5.1076,5.1043,973.56
1585964040,5.1037,5.1027,5.1037,5.1027,215.82
1585964100,5.1089,5.1027,5.1027,5.1089,783.96
1585964160,5.1065,5.106,5.1065,5.106,159.29
1585964220,5.1067,5.1057,5.106,5.1064,1461.86
1585964280,5.1086,5.106,5.106,5.1061,181.74
1585964340,5.1069,5.1058,5.1068,5.1058,165.22
1585964400,5.1087,5.106,5.106,5.1085,150.69
1585964460,5.1102,5.1068,5.1068,5.1102,1303.3
1585964520,5.1094,5.1094,5.1094,5.1094,79.31
1585964580,5.109,5.1032,5.1073,5.1032,515.34
1585964640,5.107,5.1029,5.1029,5.1056,329.15
1585964700,5.1159,5.1077,5.1084,5.1159,516.82
1585964760,5.1184,5.1162,5.1162,5.1184,265.25
1585964820,5.117,5.1168,5.117,5.1168,5
1585964880,5.1187,5.1174,5.1184,5.1174,197.98
1585964940,5.1186,5.1164,5.1186,5.1171,227.07
1585965000,5.1162,5.1158,5.1162,5.1162,32.27
1585965060,5.1167,5.1086,5.1167,5.1086,2921.02
1585965120,5.1103,5.1095,5.1103,5.1095,50.21
1585965180,5.1116,5.1109,5.1115,5.1109,1178.52
1585965240,5.1121,5.1121,5.1121,5.1121,189
1585965300,5.1108,5.1094,5.1108,5.1094,283.1
1585965360,5.1104,5.1104,5.1104,5.1104,10.51
1585965420,5.1099,5.1092,5.1099,5.1092,190.83
1585965480,5.1092,5.1092,5.1092,5.1092,0
1585965540,5.1085,5.1045,5.1073,5.1061,303.3
1585965600,5.1061,5.1039,5.1039,5.1057,67.98
1585965660,5.105,5.098,5.103,5.0985,1101.49
1585965720,5.0964,5.0964,5.0964,5.0964,5
1585965780,5.0979,5.0951,5.0964,5.0979,24
1585965840,5.0957,5.0922,5.0956,5.0922,421.64
1585965900,5.0932,5.092,5.092,5.093,237.46
1585965960,5.0926,5.0891,5.0926,5.0891,1276.87
1585966020,5.0896,5.0827,5.0896,5.0835,4421.2
1585966080,5.0848,5.0819,5.0848,5.0827,398.97
1585966140,5.0833,5.0809,5.0833,5.0809,56.09
1585966200,5.0904,5.0825,5.0825,5.0882,2948
1585966260,5.0949,5.09,5.0904,5.09,1050.73
1585966320,5.09,5.0872,5.09,5.0872,1216.06
1585966380,5.0892,5.0892,5.0892,5.0892,133.79
1585966440,5.0891,5.0826,5.0891,5.084,151.69
1585966500,5.0824,5.0813,5.082,5.0817,305.87
1585966560,5.0815,5.0775,5.0815,5.0785,1573.67
1585966620,5.0787,5.0756,5.0786,5.077,1950.81
1585966680,5.08,5.08,5.08,5.08,33.81
1585966740,5.0826,5.0802,5.0806,5.0826,267.14
1585966800,5.0826,5.0826,5.0826,5.0826,0
1585966860,5.0826,5.0826,5.0826,5.0826,0
1585966920,5.0815,5.0785,5.0815,5.0785,386.14
1585966980,5.0859,5.08,5.08,5.0856,2295.32
1585967040,5.085,5.0848,5.085,5.0848,127.5
1585967100,5.0848,5.0848,5.0848,5.0848,0
1585967160,5.0991,5.0842,5.0842,5.0964,2609.01
1585967220,5.0972,5.0949,5.0958,5.0972,416.42
1585967280,5.0961,5.0961,5.0961,5.0961,39
1585967340,5.0968,5.0968,5.0968,5.0968,3.55
1585967400,5.0941,5.0941,5.0941,5.0941,73.1
1585967460,5.0967,5.0932,5.0932,5.0967,373.22
1585967520,5.1023,5.0971,5.0971,5.1023,417.59
1585967580,5.1038,5.099,5.1038,5.099,369.7
1585967640,5.1006,5.0952,5.1006,5.0952,691.71
1585967700,5.1002,5.0996,5.0997,5.1002,180.54
1585967760,5.0978,5.0953,5.097,5.0978,124.06
1585967820,5.0969,5.0941,5.0959,5.0942,1414.9
1585967880,5.0944,5.0929,5.0929,5.0944,169.06
1585967940,5.103,5.0954,5.0956,5.1025,1777.98
1585968000,5.1064,5.1017,5.1017,5.1064,704.67
1585968060,5.1029,5.0992,5.1029,5.0992,358.1
1585968120,5.0977,5.0942,5.0977,5.0942,64.78
1585968180,5.0997,5.0955,5.0955,5.0997,230.43
1585968240,5.1001,5.0983,5.1,5.0985,1042.12
1585968300,5.098,5.0867,5.0968,5.087,661.5
1585968360,5.0876,5.0809,5.0861,5.0849,2006.84
1585968420,5.0863,5.086,5.0863,5.086,349.41
1585968480,5.0887,5.0851,5.0878,5.0876,409.39
1585968540,5.0864,5.0785,5.0864,5.0785,391.8
1585968600,5.08,5.075,5.0795,5.075,786.9
1585968660,5.0787,5.0756,5.0756,5.0787,296.97
1585968720,5.0791,5.0774,5.0774,5.0774,504.92
1585968780,5.0754,5.075,5.0754,5.075,47.81
1585968840,5.0752,5.0679,5.075,5.0712,2690.44
1585968900,5.073,5.0584,5.073,5.0598,2338.39
1585968960,5.0671,5.06,5.06,5.0664,788.19
1585969020,5.0672,5.0643,5.0643,5.065,317.31
1585969080,5.0647,5.0591,5.0647,5.0591,904.32
1585969140,5.0591,5.0533,5.0591,5.0533,807.92
1585969200,5.0538,5.0501,5.0532,5.0538,652.62
1585969260,5.0647,5.0552,5.0552,5.0647,1837.16
1585969320,5.0672,5.0662,5.0662,5.0662,737.22
1585969380,5.0678,5.0638,5.0639,5.0678,394.99
1585969440,5.0678,5.0668,5.0678,5.0674,339.42
1585969500,5.0687,5.0617,5.0687,5.0617,473.55
1585969560,5.0673,5.063,5.063,5.0646,738.41
1585969620,5.0629,5.0629,5.0629,5.0629,127.01
1585969680,5.0662,5.0629,5.0629,5.0652,1526.03
1585969740,5.0705,5.0684,5.0684,5.0696,590.7
1585969800,5.0693,5.0629,5.0686,5.0643,1819.81
1585969860,5.0677,5.0648,5.0648,5.0667,718.68
1585969920,5.0679,5.0575,5.0629,5.0612,3397.53
1585969980,5.0618,5.0605,5.0618,5.0606,209.56
1585970040,5.0632,5.0622,5.0632,5.0622,497.32
1585970100,5.0645,5.0579,5.0645,5.0579,457.13
1585970160,5.0604,5.0535,5.0602,5.0535,315.41
1585970220,5.0657,5.0552,5.0567,5.0624,4128.14
1585970280,5.0669,5.0553,5.0658,5.0606,9703.09
1585970340,5.0607,5.054,5.0607,5.054,823.46
1585970400,5.0581,5.0535,5.0543,5.0569,3154.24
1585970460,5.0572,5.0561,5.0569,5.0561,212.04
1585970520,5.0579,5.0552,5.0558,5.056,364
1585970580,5.0604,5.0478,5.0537,5.0507,12603.97
1585970640,5.0619,5.0473,5.048,5.0608,10800.95
1585970700,5.0647,5.0435,5.0607,5.0435,8054.44
1585970760,5.0482,5.0433,5.045,5.0471,6435.88
1585970820,5.05,5.0438,5.0499,5.0438,1881.77
1585970880,5.0518,5.0461,5.0461,5.0518,69.86
1585970940,5.0541,5.0539,5.0539,5.0541,18.6
1585971000,5.0525,5.0429,5.0525,5.0429,962.42
1585971060,5.0464,5.0435,5.0435,5.0464,14.46
1585971120,5.0509,5.0489,5.05,5.0489,166.92
1585971180,5.0511,5.0505,5.0511,5.0505,65.86
1585971240,5.0535,5.0487,5.0505,5.0535,3016.26
1585971300,5.0526,5.0502,5.0523,5.0516,1409.91
1585971360,5.0503,5.0491,5.0503,5.0491,1011.91
1585971420,5.0585,5.0517,5.0523,5.0585,1770.18
1585971480,5.0602,5.0562,5.0569,5.0562,761.5
1585971540,5.0578,5.0578,5.0578,5.0578,132
1585971600,5.0628,5.059,5.059,5.0628,745.1
1585971660,5.065,5.0625,5.0625,5.0641,129.83
1585971720,5.0652,5.0652,5.0652,5.0652,60.75
1585971780,5.065,5.0613,5.065,5.0625,3490.35
1585971840,5.0606,5.0598,5.0603,5.0606,99.01
1585971900,5.061,5.0565,5.061,5.0594,549.28
1585971960,5.0587,5.0572,5.0572,5.0587,301.08
1585972020,5.0606,5.0586,5.0586,5.06,145.38
1585972080,5.0684,5.0625,5.0625,5.0656,773.57
1585972140,5.0649,5.0649,5.0649,5.0649,7.51
1585972200,5.0649,5.0649,5.0649,5.0649,0
1585972260,5.0649,5.0602,5.0649,5.0602,302.18
1585972320,5.0603,5.0588,5.0588,5.0603,343.27
1585972380,5.0691,5.0623,5.0626,5.0691,1087.14
1585972440,5.0667,5.0667,5.0667,5.0667,166.09
1585972500,5.0667,5.0667,5.0667,5.0667,0
1585972560,5.0667,5.0667,5.0667,5.0667,0
1585972620,5.0658,5.0618,5.0653,5.0619,374.53
1585972680,5.0631,5.0618,5.0618,5.0631,119.38
1585972740,5.0656,5.0607,5.0607,5.0624,155.17
1585972800,5.0621,5.0593,5.0607,5.0595,1138.99
1585972860,5.0591,5.0542,5.0587,5.0568,1105.2
1585972920,5.0534,5.051,5.0534,5.051,170.15
1585972980,5.051,5.051,5.051,5.051,0
1585973040,5.05,5.0468,5.05,5.0469,819.23
1585973100,5.0514,5.0464,5.0464,5.0514,2518.45
1585973160,5.0519,5.0497,5.0519,5.0498,169.76
1585973220,5.052,5.0503,5.052,5.0518,179.13
1585973280,5.0485,5.0473,5.0485,5.0483,425.69
1585973340,5.0577,5.0469,5.047,5.0577,1770.5
1585973400,5.0576,5.0566,5.0576,5.0576,1189.41
1585973460,5.0605,5.06,5.06,5.0605,321.47
1585973520,5.0669,5.0605,5.0605,5.0669,977.02
1585973580,5.0644,5.0638,5.0644,5.0638,167.51
1585973640,5.0761,5.0667,5.0676,5.0677,3257.11
1585973700,5.0733,5.0663,5.0665,5.0733,595.72
1585973760,5.0724,5.0692,5.0724,5.0715,742.43
1585973820,5.077,5.0739,5.0744,5.0739,1999.59
1585973880,5.0825,5.0741,5.0741,5.081,1473.17
1585973940,5.0832,5.0747,5.0822,5.0786,4723.25
1585974000,5.0845,5.079,5.0799,5.0834,932.84
1585974060,5.0821,5.0779,5.0821,5.0794,1496.86
1585974120,5.0795,5.0775,5.0782,5.0795,430.24
1585974180,5.0814,5.0779,5.0794,5.0814,248.45
1585974240,5.0853,5.0813,5.0824,5.0813,451.03
1585974300,5.0809,5.0737,5.0809,5.0737,421.53
1585974360,5.0785,5.075,5.0751,5.075,513.74
1585974420,5.0791,5.0773,5.0786,5.0773,155.01
1585974480,5.0801,5.0785,5.0785,5.0797,40
1585974540,5.0791,5.0781,5.0791,5.0781,29.41
1585974600,5.0781,5.0781,5.0781,5.0781,180.7
1585974660,5.077,5.0752,5.0752,5.077,24.4
1585974720,5.0765,5.0765,5.0765,5.0765,114.25
1585974780,5.075,5.075,5.075,5.075,19.3
1585974840,5.0725,5.0725,5.0725,5.0725,14
1585974900,5.0725,5.0725,5.0725,5.0725,0
1585974960,5.0828,5.0725,5.0725,5.0827,3742.49
1585975020,5.0864,5.0828,5.0828,5.0864,85.01
1585975080,5.0908,5.0877,5.0877,5.0908,484.17
1585975140,5.0873,5.081,5.0873,5.0842,2631.75
1585975200,5.0865,5.0842,5.0842,5.0865,411.84
1585975260,5.0859,5.085,5.0859,5.0851,247.01
1585975320,5.0859,5.0852,5.0857,5.0859,389.59
1585975380,5.0856,5.0833,5.0833,5.0856,35
1585975440,5.0865,5.0856,5.0856,5.0865,17.56
1585975500,5.0883,5.0867,5.0883,5.0877,217.62
1585975560,5.0877,5.0877,5.0877,5.0877,0
1585975620,5.0894,5.0858,5.0894,5.0873,493.21
1585975680,5.0854,5.0828,5.0849,5.0854,994.46
1585975740,5.0849,5.0842,5.0849,5.0842,80
1585975800,5.085,5.0815,5.0817,5.085,435.17
1585975860,5.0901,5.0874,5.0874,5.0878,561.38
1585975920,5.0877,5.0874,5.0874,5.0877,47.55
1585975980,5.0927,5.0895,5.0895,5.0925,4435.14
1585976040,5.0928,5.0901,5.0903,5.0905,71.48
1585976100,5.0915,5.09,5.09,5.09,295.4
1585976160,5.0904,5.0853,5.09,5.0904,610.52
1585976220,5.0931,5.0909,5.092,5.0909,449.93
1585976280,5.0959,5.0913,5.0913,5.0953,2526.37
1585976340,5.0934,5.0904,5.0934,5.0904,76.41
1585976400,5.0915,5.0904,5.0904,5.0905,534.97
1585976460,5.0903,5.0894,5.0903,5.0894,134.76
1585976520,5.0885,5.0876,5.0885,5.0877,72.82
1585976580,5.0916,5.0878,5.0878,5.0916,409.63
1585976640,5.0935,5.0903,5.0916,5.0903,598.19
1585976700,5.1006,5.0908,5.0908,5.0996,3747.08
1585976760,5.109,5.1002,5.1002,5.1031,2595.78
1585976820,5.1085,5.1044,5.1049,5.1058,840.05
1585976880,5.1035,5.1024,5.1027,5.1035,358.13
1585976940,5.1061,5.1038,5.1038,5.1059,599.14
1585977000,5.1069,5.1047,5.1059,5.1069,480.52
1585977060,5.1069,5.1046,5.1054,5.1049,409.8
1585977120,5.1043,5.0934,5.1043,5.0963,1517.69
1585977180,5.0964,5.0961,5.0961,5.0964,127.32
1585977240,5.0999,5.0971,5.0999,5.0971,163.94
1585977300,5.1006,5.0984,5.0991,5.0984,259
1585977360,5.0966,5.0966,5.0966,5.0966,160
1585977420,5.0966,5.0966,5.0966,5.0966,160
1585977480,5.1001,5.0966,5.0966,5.1001,1270.42
1585977540,5.1001,5.1001,5.1001,5.1001,0
1585977600,5.099,5.0906,5.099,5.0936,1460.22
1585977660,5.0998,5.0974,5.0974,5.0998,264.28
1585977720,5.0995,5.0995,5.0995,5.0995,96.64
1585977780,5.0971,5.0965,5.0971,5.0965,463.65
1585977840,5.0977,5.0977,5.0977,5.0977,86.02
1585977900,5.0963,5.0937,5.0963,5.096,1239.25
1585977960,5.096,5.096,5.096,5.096,0
1585978020,5.096,5.096,5.096,5.096,0
1585978080,5.1081,5.0962,5.0962,5.1049,3938.62
1585978140,5.111,5.1027,5.1027,5.1088,1250.99
1585978200,5.1147,5.1035,5.1123,5.1044,2039.1
1585978260,5.1029,5.0956,5.1029,5.1009,1453.12
1585978320,5.0977,5.0977,5.0977,5.0977,34.71
1585978380,5.1038,5.1004,5.1004,5.1038,155.13
1585978440,5.1017,5.0962,5.1017,5.0962,487.34
1585978500,5.0948,5.0934,5.0948,5.0934,240.16
1585978560,5.0949,5.0919,5.0949,5.0919,673.34
1585978620,5.0927,5.0907,5.0914,5.0927,545.23
1585978680,5.0933,5.0917,5.0933,5.0917,1119.69
1585978740,5.0921,5.0904,5.0904,5.0921,185.88
1585978800,5.0954,5.0952,5.0952,5.0954,149.75
1585978860,5.0964,5.0936,5.0936,5.0964,151.33
1585978920,5.1,5.097,5.097,5.1,316.17
1585978980,5.1092,5.1,5.1,5.1074,2583.32
1585979040,5.1044,5.1027,5.1044,5.1027,403.52
1585979100,5.1008,5.0982,5.1008,5.0982,1282.52
1585979160,5.101,5.0987,5.0987,5.101,322
1585979220,5.1009,5.1001,5.1001,5.1009,10.56
1585979280,5.1015,5.0996,5.1015,5.0996,47.34
1585979340,5.0996,5.0962,5.0996,5.0962,290.08
1585979400,5.0981,5.0972,5.0972,5.0981,125.31
1585979460,5.0951,5.0951,5.0951,5.0951,160
1585979520,5.0937,5.0928,5.0937,5.0928,295.35
1585979580,5.0928,5.0912,5.0927,5.0928,406.37
1585979640,5.0916,5.0904,5.0916,5.0904,108.38
1585979700,5.0914,5.0914,5.0914,5.0914,13.98
1585979760,5.0945,5.0943,5.0943,5.0945,169.8
1585979820,5.0945,5.0945,5.0945,5.0945,0
1585979880,5.0935,5.0903,5.0935,5.091,411.42
1585979940,5.088,5.088,5.088,5.088,2.39
1585980000,5.0898,5.0876,5.0876,5.0886,497.28
1585980060,5.0906,5.0906,5.0906,5.0906,1.99
1585980120,5.0872,5.087,5.0872,5.087,136.55
1585980180,5.0835,5.0822,5.0832,5.0835,77.72
1585980240,5.0884,5.0837,5.0837,5.0884,453.8
1585980300,5.0965,5.0923,5.0923,5.0959,1215.27
1585980360,5.0943,5.0923,5.0934,5.0943,297.79
1585980420,5.0934,5.0934,5.0934,5.0934,58.01
1585980480,5.0928,5.091,5.0928,5.0914,73.4
1585980540,5.0983,5.0939,5.0939,5.0974,2524.94
1585980600,5.0986,5.0983,5.0983,5.0986,17.8
1585980660,5.0994,5.0982,5.0986,5.0994,742.41
1585980720,5.1026,5.0996,5.0996,5.1021,278.23
1585980780,5.1064,5.0919,5.1024,5.0938,9126.47
1585980840,5.1,5.0969,5.0969,5.1,148.96
1585980900,5.1001,5.0998,5.1001,5.0998,4.21
1585980960,5.1003,5.0965,5.0999,5.0982,926.44
1585981020,5.0966,5.0966,5.0966,5.0966,10
1585981080,5.0952,5.0942,5.0952,5.0942,376.75
1585981140,5.1061,5.0947,5.0947,5.1018,2577.22
1585981200,5.1027,5.1018,5.1018,5.1027,96.33
1585981260,5.1009,5.0953,5.1009,5.0953,441.8
1585981320,5.0953,5.0953,5.0953,5.0953,33.44
1585981380,5.1022,5.0979,5.0979,5.1022,634.89
1585981440,5.103,5.101,5.103,5.101,182.64
1585981500,5.101,5.0985,5.101,5.0985,622.45
1585981560,5.0958,5.0929,5.0953,5.0929,364.36
1585981620,5.0904,5.0904,5.0904,5.0904,2.5
1585981680,5.0922,5.0903,5.0915,5.0922,302.9
1585981740,5.0932,5.0903,5.0903,5.0932,210.66
1585981800,5.0895,5.0884,5.0895,5.0884,387.92
1585981860,5.0885,5.0816,5.0874,5.0817,1227.7
1585981920,5.0839,5.0819,5.0831,5.0819,293.27
1585981980,5.0819,5.0819,5.0819,5.0819,0
1585982040,5.0819,5.0819,5.0819,5.0819,0
1585982100,5.0882,5.0864,5.0864,5.0882,1178.87
1585982160,5.0882,5.0882,5.0882,5.0882,0
1585982220,5.0914,5.0881,5.0881,5.0886,815.9
1585982280,5.0886,5.0886,5.0886,5.0886,0
1585982340,5.0886,5.0886,5.0886,5.0886,0
1585982400,5.0886,5.0886,5.0886,5.0886,0
1585982460,5.0886,5.0886,5.0886,5.0886,0
1585982520,5.0937,5.0903,5.0923,5.0903,460.83
1585982580,5.0944,5.0936,5.0936,5.0944,73.26
1585982640,5.0976,5.0964,5.0964,5.0976,390.48
1585982700,5.0976,5.0976,5.0976,5.0976,0
1585982760,5.0957,5.0957,5.0957,5.0957,3.99
1585982820,5.1003,5.0977,5.0977,5.1003,1158.75
1585982880,5.0975,5.0966,5.0975,5.0973,406
1585982940,5.0973,5.0973,5.0973,5.0973,0
1585983000,5.1011,5.1,5.1,5.1011,223.41
1585983060,5.0995,5.0989,5.0989,5.0995,7.3
1585983120,5.0989,5.0987,5.0989,5.0987,419.22
1585983180,5.0987,5.0987,5.0987,5.0987,0
1585983240,5.0965,5.0965,5.0965,5.0965,102.06
1585983300,5.105,5.1,5.1,5.1045,2993.68
1585983360,5.1047,5.0976,5.1037,5.0976,1172.85
1585983420,5.1013,5.0933,5.0969,5.1012,2591.92
1585983480,5.1027,5.0986,5.1004,5.099,1617.07
1585983540,5.0998,5.0987,5.0987,5.0998,150.99
1585983600,5.102,5.1011,5.1019,5.1019,720.33
1585983660,5.1052,5.1007,5.1011,5.1046,184.36
1585983720,5.1126,5.1057,5.1057,5.1122,573.33
1585983780,5.1123,5.1052,5.1123,5.1054,1239.85
1585983840,5.112,5.1057,5.1057,5.112,1169.64
1585983900,5.1147,5.1115,5.1123,5.1147,560.2
1585983960,5.1116,5.1077,5.1116,5.1078,1720.46
1585984020,5.1089,5.1089,5.1089,5.1089,294.02
1585984080,5.1124,5.1089,5.1089,5.1117,503.25
1585984140,5.1117,5.1117,5.1117,5.1117,0
1585984200,5.1223,5.1137,5.1137,5.1152,6326.84
1585984260,5.1137,5.1057,5.1137,5.1079,3483.39
1585984320,5.1136,5.1104,5.1105,5.112,289.03
1585984380,5.1145,5.1131,5.1131,5.1145,95.22
1585984440,5.1137,5.1104,5.1135,5.1105,665.1
1585984500,5.1104,5.0985,5.1104,5.0985,1256.46
1585984560,5.1083,5.098,5.098,5.1069,2073.68
1585984620,5.1096,5.1081,5.1081,5.1081,142.83
1585984680,5.1128,5.1068,5.109,5.1128,1350.81
1585984740,5.1104,5.1082,5.1104,5.1082,97.62
1585984800,5.1102,5.1027,5.1102,5.1031,1250.44
1585984860,5.1014,5.1009,5.1014,5.1009,274.74
1585984920,5.1009,5.1009,5.1009,5.1009,0
1585984980,5.1,5.0997,5.1,5.0997,173.7
1585985040,5.0997,5.0997,5.0997,5.0997,0.5
1585985100,5.0997,5.0951,5.0997,5.0951,74.62
1585985160,5.0955,5.0935,5.0955,5.0935,295.53
1585985220,5.0935,5.0923,5.0935,5.0923,162.12
1585985280,5.0942,5.0887,5.0923,5.0935,2443.15
1585985340,5.0924,5.0894,5.0917,5.0894,313.85
1585985400,5.0989,5.0912,5.0912,5.0947,2290.78
1585985460,5.0947,5.0947,5.0947,5.0947,0
1585985520,5.0953,5.0938,5.0951,5.0938,195.73
1585985580,5.0951,5.094,5.094,5.0951,69.29
1585985640,5.0952,5.0947,5.0952,5.0947,39.19
1585985700,5.097,5.097,5.097,5.097,100
1585985760,5.1,5.0999,5.0999,5.1,225.05
1585985820,5.0999,5.0951,5.0999,5.0951,923.07
1585985880,5.097,5.0942,5.0942,5.0964,198.83
1585985940,5.0964,5.0964,5.0964,5.0964,150.67
1585986000,5.0964,5.0964,5.0964,5.0964,0
1585986060,5.0994,5.0963,5.0963,5.0979,403.83
1585986120,5.0973,5.0967,5.0967,5.0973,100.52
1585986180,5.0967,5.0966,5.0967,5.0966,200
1585986240,5.0966,5.0966,5.0966,5.0966,0
1585986300,5.0973,5.0973,5.0973,5.0973,59.73
1585986360,5.0973,5.0973,5.0973,5.0973,0
1585986420,5.0985,5.096,5.097,5.096,491.99
1585986480,5.1006,5.0987,5.0987,5.1006,364.8
1585986540,5.1005,5.1002,5.1005,5.1002,107.29
1585986600,5.1024,5.0998,5.0999,5.1019,290.15
1585986660,5.1029,5.1014,5.1019,5.1029,95.59
1585986720,5.0998,5.0967,5.0998,5.0972,2408.25
1585986780,5.0961,5.0942,5.0951,5.0958,243.94
1585986840,5.0938,5.088,5.0938,5.0925,1312.23
1585986900,5.0922,5.0922,5.0922,5.0922,2.71
1585986960,5.1,5.0952,5.0952,5.0994,1059.24
1585987020,5.0992,5.0964,5.0965,5.0992,682.99
1585987080,5.0967,5.0953,5.0967,5.0953,288.96
1585987140,5.0964,5.0934,5.0964,5.0934,135.69
1585987200,5.1015,5.0952,5.0952,5.0984,1002.35
1585987260,5.103,5.0994,5.1022,5.0994,677.55
1585987320,5.1028,5.1025,5.1025,5.1028,88.87
1585987380,5.0999,5.0996,5.0999,5.0997,559.36
1585987440,5.1027,5.099,5.1008,5.099,1046.14
1585987500,5.1028,5.0979,5.099,5.1028,536.76
1585987560,5.1045,5.1016,5.1045,5.1028,463.41
1585987620,5.1023,5.1019,5.1019,5.1023,147.75
1585987680,5.1054,5.1023,5.1024,5.1041,545.68
1585987740,5.1041,5.1005,5.1041,5.1023,478.13
1585987800,5.1026,5.0996,5.1023,5.1002,521.85
1585987860,5.1017,5.1002,5.1002,5.1017,181.68
1585987920,5.1031,5.1011,5.1017,5.1011,347.32
1585987980,5.1031,5.1019,5.1031,5.1019,87.26
1585988040,5.1088,5.1038,5.1045,5.107,589.8
1585988100,5.1091,5.1062,5.1087,5.1091,402.03
1585988160,5.1086,5.1055,5.1086,5.1073,483.89
1585988220,5.1081,5.1041,5.1074,5.1041,126.44
1585988280,5.1071,5.1044,5.1044,5.107,136.21
1585988340,5.107,5.1047,5.1047,5.107,50.49
1585988400,5.1083,5.1064,5.1076,5.1076,527.77
1585988460,5.1079,5.1058,5.1079,5.1058,314.79
1585988520,5.1077,5.1058,5.1058,5.1068,360.42
1585988580,5.1083,5.1051,5.1056,5.1075,1704.68
1585988640,5.1118,5.1071,5.1082,5.1108,1357.3
1585988700,5.1112,5.1104,5.1111,5.1106,364.5
1585988760,5.113,5.107,5.112,5.107,2003.81
1585988820,5.1088,5.108,5.108,5.1087,175.85
1585988880,5.1086,5.1058,5.1086,5.1058,377.17
1585988940,5.1063,5.0998,5.1058,5.0998,1026.07
1585989000,5.1015,5.0998,5.0998,5.1015,106.65
1585989060,5.1043,5.1004,5.1004,5.1043,541.25
1585989120,5.1098,5.1036,5.1036,5.1072,1783.53
1585989180,5.1083,5.1043,5.1083,5.1052,198.36
1585989240,5.1052,5.101,5.1052,5.1013,265.38
1585989300,5.1004,5.1,5.1004,5.1001,98.6
1585989360,5.1001,5.1001,5.1001,5.1001,0
1585989420,5.1001,5.1001,5.1001,5.1001,0
1585989480,5.1001,5.1001,5.1001,5.1001,0
1585989540,5.1072,5.1004,5.1004,5.1072,2658.63
1585989600,5.1062,5.1042,5.1062,5.1042,38.21
1585989660,5.1095,5.1078,5.1078,5.1095,551.53
1585989720,5.1104,5.1061,5.1104,5.1061,343.5
1585989780,5.11,5.1077,5.1077,5.11,282.91
1585989840,5.1079,5.1017,5.1079,5.1047,3036.22
1585989900,5.1146,5.1057,5.1057,5.1129,952.97
1585989960,5.1154,5.112,5.1128,5.1144,1167.21
1585990020,5.112,5.108,5.112,5.1085,401.67
1585990080,5.1122,5.1107,5.1108,5.1107,88.84
1585990140,5.1095,5.109,5.1095,5.109,206.69
1585990200,5.108,5.1058,5.108,5.1058,73.14
1585990260,5.1067,5.1067,5.1067,5.1067,24.68
1585990320,5.1056,5.1042,5.1056,5.1042,113.68
1585990380,5.1079,5.1049,5.1067,5.1079,441.13
1585990440,5.1065,5.1059,5.1065,5.1059,360
1585990500,5.1053,5.1041,5.1051,5.1041,1129.66
1585990560,5.1111,5.1071,5.1071,5.1094,536.16
1585990620,5.111,5.11,5.111,5.11,104.9
1585990680,5.1105,5.1105,5.1105,5.1105,87.07
1585990740,5.1143,5.1105,5.1115,5.1143,796.5
1585990800,5.1151,5.1099,5.1129,5.1111,871.42
1585990860,5.1154,5.1107,5.1137,5.1121,652.44
1585990920,5.109,5.1031,5.109,5.1058,1249.76
1585990980,5.1066,5.1029,5.1062,5.1029,720.21
1585991040,5.106,5.1044,5.106,5.1044,483.02
1585991100,5.1052,5.1047,5.1052,5.1047,6.39
1585991160,5.1047,5.1038,5.1047,5.1038,456.5
1585991220,5.1071,5.1036,5.1044,5.1036,699.35
1585991280,5.1029,5.1029,5.1029,5.1029,185.08
1585991340,5.1029,5.1029,5.1029,5.1029,103.63
1585991400,5.1029,5.0993,5.1029,5.102,1311.39
1585991460,5.1036,5.102,5.102,5.1036,338.03
1585991520,5.1066,5.1013,5.1048,5.1013,2412.29
1585991580,5.1003,5.0981,5.0993,5.1003,717.68
1585991640,5.1007,5.0997,5.1007,5.0997,10.8
1585991700,5.1018,5.1001,5.1018,5.1001,100.89
1585991760,5.1003,5.1,5.1,5.1003,160.96
1585991820,5.101,5.1,5.1003,5.1,305.99
1585991880,5.1005,5.0992,5.1,5.0992,229.09
1585991940,5.1005,5.0982,5.0986,5.1005,244.65
1585992000,5.1005,5.1005,5.1005,5.1005,0
1585992060,5.1045,5.0985,5.1008,5.0985,2410.27
1585992120,5.1004,5.0931,5.0989,5.0986,4384.52
1585992180,5.0979,5.095,5.0969,5.0978,4096.47
1585992240,5.0955,5.0952,5.0952,5.0952,1005.82
1585992300,5.0957,5.0936,5.0942,5.0947,861.98
1585992360,5.0943,5.094,5.094,5.0943,59.81
1585992420,5.0973,5.0938,5.0961,5.0938,963.03
1585992480,5.0953,5.093,5.0953,5.0938,643.16
1585992540,5.0938,5.0917,5.0938,5.0934,880.92
1585992600,5.0959,5.0916,5.0935,5.0959,962.88
1585992660,5.0986,5.0971,5.0971,5.0971,13.39
1585992720,5.0971,5.0971,5.0971,5.0971,0
1585992780,5.1008,5.098,5.1002,5.0994,222.97
1585992840,5.1039,5.1003,5.1006,5.1031,627.37
1585992900,5.1032,5.0956,5.1032,5.0974,4741.33
1585992960,5.1031,5.102,5.102,5.1031,272.09
1585993020,5.1016,5.099,5.0998,5.099,38.49
1585993080,5.1013,5.0986,5.1013,5.1013,72.15
1585993140,5.1,5.097,5.0989,5.097,195.15
1585993200,5.1,5.0989,5.0989,5.0998,211.94
1585993260,5.1008,5.1003,5.1003,5.1008,19.74
1585993320,5.1087,5.1031,5.1031,5.1087,1060.42
1585993380,5.11,5.1059,5.1095,5.108,1870.65
1585993440,5.11,5.107,5.107,5.11,88.42
1585993500,5.131,5.1113,5.1113,5.1288,7955.5
1585993560,5.1347,5.1175,5.129,5.1199,5950.39
1585993620,5.1252,5.1163,5.1199,5.1231,3757.77
1585993680,5.1367,5.1236,5.125,5.134,1902.37
1585993740,5.1381,5.1308,5.1328,5.1368,1258.05
1585993800,5.1401,5.1361,5.1384,5.1361,2171.97
1585993860,5.1408,5.1362,5.1371,5.138,825.32
1585993920,5.1409,5.136,5.1398,5.1397,825.45
1585993980,5.1426,5.1385,5.1385,5.1409,913.68
1585994040,5.1453,5.1424,5.1427,5.1427,952.93
1585994100,5.1487,5.1427,5.1427,5.1484,1113.16
1585994160,5.1477,5.1428,5.1454,5.1436,1899.37
1585994220,5.1477,5.1436,5.1437,5.1451,549.7
1585994280,5.1427,5.1354,5.1427,5.1396,977.36
1585994340,5.1421,5.131,5.1407,5.131,2500.17
1585994400,5.1433,5.1321,5.1321,5.1425,1825.02
1585994460,5.1476,5.1409,5.1434,5.1421,1205.05
1585994520,5.1427,5.1381,5.1427,5.1381,1098.21
1585994580,5.1381,5.132,5.1373,5.1324,1576.11
1585994640,5.1351,5.1317,5.1317,5.1351,211.13
1585994700,5.1485,5.1359,5.1359,5.1468,2836.17
1585994760,5.1482,5.1445,5.1461,5.1482,701.46
1585994820,5.1498,5.1439,5.1474,5.1498,491.33
1585994880,5.1498,5.1437,5.1495,5.1446,896.78
1585994940,5.1445,5.1428,5.1445,5.1428,580.49
1585995000,5.1449,5.1423,5.1428,5.1423,357.38
1585995060,5.1401,5.1302,5.1401,5.1314,1563.69
1585995120,5.1309,5.119,5.1301,5.1193,870.66
1585995180,5.1302,5.1191,5.1191,5.1269,3059.38
1585995240,5.1369,5.1294,5.13,5.1305,3479.36
1585995300,5.1371,5.1327,5.1327,5.1371,486.65
1585995360,5.1418,5.1355,5.1355,5.1378,1724.91
1585995420,5.1381,5.1368,5.1377,5.1381,184.18
1585995480,5.1418,5.1406,5.1406,5.1418,206.42
1585995540,5.139,5.1385,5.1389,5.1385,171.6
1585995600,5.14,5.1384,5.1399,5.1384,34.29
1585995660,5.145,5.1433,5.1433,5.1438,427.38
1585995720,5.1411,5.1364,5.1411,5.1392,474.07
1585995780,5.1486,5.1387,5.1387,5.1486,1487.95
1585995840,5.1473,5.1457,5.1473,5.1457,51.78
1585995900,5.1484,5.1453,5.1466,5.1453,69.46
1585995960,5.1467,5.143,5.1467,5.143,536.7
1585996020,5.1455,5.1429,5.143,5.145,361.04
1585996080,5.1475,5.1436,5.1436,5.1448,282.38
1585996140,5.1474,5.1442,5.1474,5.1468,230.76
1585996200,5.1638,5.1475,5.1479,5.1637,4454.32
1585996260,5.1637,5.149,5.1635,5.149,1480.62
1585996320,5.1561,5.1491,5.1491,5.1498,1859.48
1585996380,5.1488,5.1365,5.1488,5.1365,1627.14
1585996440,5.1383,5.128,5.1343,5.1372,1036.47
1585996500,5.1425,5.1361,5.1378,5.1366,616.56
1585996560,5.1399,5.1359,5.1399,5.1359,441.96
1585996620,5.1375,5.1354,5.1375,5.1354,933.12
1585996680,5.1393,5.135,5.135,5.1386,446.3
1585996740,5.1365,5.1325,5.1365,5.1325,269.99
1585996800,5.1333,5.1312,5.1325,5.1317,483.11
1585996860,5.1499,5.1289,5.1314,5.1475,3526.43
1585996920,5.148,5.1455,5.1465,5.1475,1020.66
1585996980,5.1512,5.1472,5.1478,5.1492,640.18
1585997040,5.1497,5.1486,5.1496,5.149,298.56
1585997100,5.1497,5.1476,5.1497,5.1476,273.62
1585997160,5.1459,5.1449,5.1459,5.1449,313.68
1585997220,5.146,5.1437,5.146,5.1437,87.24
1585997280,5.1473,5.1464,5.1473,5.1464,1407.27
1585997340,5.144,5.1382,5.1429,5.144,1164.38
1585997400,5.1504,5.1443,5.1443,5.1504,280.12
1585997460,5.1501,5.1478,5.1478,5.1501,38.01
1585997520,5.148,5.14,5.1478,5.1402,1734.77
1585997580,5.1478,5.1428,5.1428,5.1477,755.85
1585997640,5.1472,5.1443,5.1446,5.1458,598.37
1585997700,5.1515,5.1488,5.1499,5.1513,675.14
1585997760,5.1545,5.1477,5.1513,5.1545,749.64
1585997820,5.1575,5.154,5.154,5.1546,1013.33
1585997880,5.1572,5.1531,5.1539,5.1572,175.02
1585997940,5.1573,5.1526,5.1573,5.1526,233.23
1585998000,5.1668,5.1512,5.152,5.1668,5011.69
1585998060,5.1681,5.161,5.1668,5.1633,1155.39
1585998120,5.1608,5.1493,5.1607,5.1546,1675.17
1585998180,5.1538,5.1451,5.1526,5.1498,1764.97
1585998240,5.1507,5.1472,5.1499,5.1497,1053.55
1585998300,5.1479,5.142,5.1479,5.1426,3354.95
1585998360,5.1439,5.1426,5.1426,5.1433,530.45
1585998420,5.1433,5.1433,5.1433,5.1433,0
1585998480,5.1418,5.1418,5.1418,5.1418,17.35
1585998540,5.1438,5.1416,5.1419,5.1438,420.77
1585998600,5.1438,5.1429,5.1438,5.1437,276.88
1585998660,5.153,5.1449,5.1449,5.153,756.5
1585998720,5.1527,5.1475,5.1516,5.1475,563.96
1585998780,5.1489,5.1473,5.1489,5.1473,179.73
1585998840,5.1497,5.1472,5.1472,5.1497,186.83
1585998900,5.1515,5.148,5.148,5.1492,907.98
1585998960,5.1477,5.1474,5.1474,5.1477,102.19
1585999020,5.149,5.1489,5.149,5.1489,12.91
1585999080,5.1515,5.1509,5.151,5.1509,167.74
1585999140,5.1531,5.1521,5.1521,5.1531,38.43
1585999200,5.1561,5.1519,5.1547,5.1519,1382.86
1585999260,5.1542,5.1522,5.1525,5.1523,328.44
1585999320,5.1508,5.1438,5.1508,5.1445,1134.47
1585999380,5.1482,5.1462,5.1462,5.1465,810.26
1585999440,5.1452,5.1417,5.1452,5.1417,710.13
1585999500,5.1413,5.1368,5.1413,5.1381,1056.38
1585999560,5.1369,5.1306,5.1369,5.1306,568.1
1585999620,5.1319,5.1306,5.1309,5.1306,281.56
1585999680,5.1324,5.1314,5.1314,5.132,264.23
1585999740,5.1309,5.126,5.1309,5.126,1191.07
1585999800,5.1297,5.1245,5.1245,5.1297,238.01
1585999860,5.1441,5.1311,5.1311,5.1394,5747.65
1585999920,5.1394,5.1347,5.1386,5.1347,634.97
1585999980,5.1338,5.1296,5.1338,5.1296,330.2
1586000040,5.1296,5.1296,5.1296,5.1296,0
1586000100,5.1369,5.1345,5.1345,5.1369,21.67
1586000160,5.1398,5.1377,5.1377,5.1394,299.09
1586000220,5.138,5.1368,5.138,5.1368,256.81
1586000280,5.1365,5.1337,5.1365,5.1337,135.81
1586000340,5.1329,5.091,5.1328,5.1025,18805.48
1586000400,5.1166,5.0945,5.0998,5.0945,17124.51
1586000460,5.1023,5.0769,5.0934,5.0992,15819.62
1586000520,5.1123,5.0903,5.1009,5.0959,10994.67
1586000580,5.0949,5.074,5.0941,5.0853,9507.79
1586000640,5.0986,5.0887,5.0887,5.0914,6062.24
1586000700,5.1,5.0886,5.0922,5.0907,8431.62
1586000760,5.0999,5.0907,5.0907,5.0937,5097.77
1586000820,5.1018,5.0924,5.0935,5.0983,1371.04
1586000880,5.1018,5.0937,5.1018,5.0939,3411.42
1586000940,5.0971,5.0906,5.0936,5.0955,1567.84
1586001000,5.1037,5.0969,5.0969,5.1037,942.85
1586001060,5.1056,5.0947,5.1037,5.0947,4309.65
1586001120,5.0977,5.0892,5.0902,5.0893,2243.27
1586001180,5.0939,5.0885,5.0885,5.0929,2435.48
1586001240,5.0926,5.0869,5.0926,5.087,734.37
1586001300,5.0868,5.0782,5.0868,5.0844,3790.83
1586001360,5.0898,5.0834,5.0855,5.0854,759.95
1586001420,5.0867,5.0824,5.0858,5.0839,1001.39
1586001480,5.0896,5.0839,5.0856,5.0876,1413.38
1586001540,5.0916,5.0863,5.0886,5.0896,810.65
1586001600,5.1044,5.0905,5.0912,5.1043,2110.27
1586001660,5.1077,5.1013,5.1014,5.1052,3091.83
1586001720,5.1091,5.1,5.1076,5.1,1003.41
1586001780,5.1082,5.1,5.1,5.107,1146.1
1586001840,5.1067,5.1017,5.1045,5.1034,1431.4
1586001900,5.1016,5.0983,5.1016,5.0991,1640.9
1586001960,5.1096,5.1,5.1,5.1086,1052.56
1586002020,5.1115,5.1085,5.1085,5.1092,684.41
1586002080,5.1089,5.1072,5.1089,5.108,293.88
1586002140,5.1103,5.1083,5.1085,5.11,478.4
1586002200,5.1127,5.1071,5.1105,5.1095,909.41
1586002260,5.1104,5.105,5.1104,5.1061,622.96
1586002320,5.1059,5.1009,5.1059,5.1029,874.94
1586002380,5.1002,5.0982,5.0999,5.0995,798.68
1586002440,5.102,5.0991,5.0997,5.0991,861.23
1586002500,5.1005,5.0996,5.1005,5.0996,66.83
1586002560,5.1021,5.0999,5.1005,5.1021,857.74
1586002620,5.1053,5.1024,5.1024,5.1053,272.04
1586002680,5.1052,5.1046,5.1046,5.1052,101.43
1586002740,5.1027,5.1002,5.1027,5.1022,227.27
1586002800,5.1048,5.1012,5.1035,5.1012,641.44
1586002860,5.1013,5.0956,5.1013,5.0956,64.98
1586002920,5.1002,5.0965,5.0965,5.0993,1083.53
1586002980,5.1015,5.0987,5.0987,5.1015,372.25
1586003040,5.0994,5.0994,5.0994,5.0994,20.82
1586003100,5.1009,5.0998,5.1005,5.1009,401.32
1586003160,5.0994,5.0975,5.0994,5.0975,186.06
1586003220,5.0992,5.0941,5.096,5.0992,1214.67
1586003280,5.1,5.0989,5.0989,5.1,98.14
1586003340,5.0986,5.0963,5.0986,5.098,421.63
1586003400,5.1015,5.0979,5.0979,5.1004,408.75
1586003460,5.1027,5.1002,5.1002,5.1027,310.64
1586003520,5.1034,5.1015,5.1034,5.1015,106.77
1586003580,5.1027,5.101,5.101,5.1018,591.78
1586003640,5.1019,5.0988,5.1019,5.0988,291.31
1586003700,5.0998,5.0988,5.0988,5.0998,55.92
1586003760,5.1013,5.0998,5.1005,5.1013,365.48
1586003820,5.1039,5.0989,5.1013,5.0989,1355.2
1586003880,5.1005,5.0921,5.1005,5.0944,4947.1
1586003940,5.1016,5.0878,5.0958,5.095,6397.75
1586004000,5.0962,5.0892,5.0949,5.0892,4080.4
1586004060,5.0882,5.0828,5.0882,5.0856,1186.53
1586004120,5.0822,5.0814,5.0816,5.0822,410
1586004180,5.0818,5.08,5.0801,5.0818,740.53
1586004240,5.0807,5.0779,5.0807,5.0797,336.42
1586004300,5.0775,5.0677,5.0775,5.0677,2846.64
1586004360,5.0756,5.0679,5.0687,5.073,3652.67
1586004420,5.0752,5.0724,5.0736,5.0742,1245.72
1586004480,5.0783,5.0741,5.0761,5.0774,426.96
1586004540,5.0818,5.0794,5.0794,5.0813,150.22
1586004600,5.0876,5.0822,5.0822,5.0831,1282.15
1586004660,5.0852,5.0837,5.0837,5.0851,64.78
1586004720,5.0945,5.0853,5.0853,5.0945,311.1
1586004780,5.0921,5.0876,5.0913,5.0876,598.14
1586004840,5.0921,5.0872,5.0887,5.091,627.5
1586004900,5.091,5.091,5.091,5.091,0
1586004960,5.0961,5.091,5.091,5.0954,527.06
1586005020,5.0993,5.0953,5.0953,5.0967,459.7
1586005080,5.0979,5.0936,5.0967,5.096,788.71
1586005140,5.0959,5.0934,5.0958,5.0934,181.36
1586005200,5.0963,5.0935,5.0935,5.0963,227.89
1586005260,5.0957,5.0939,5.0952,5.0957,306.24
1586005320,5.0946,5.0942,5.0946,5.0942,330.15
1586005380,5.0916,5.0897,5.0916,5.0897,73.85
1586005440,5.0944,5.09,5.09,5.0944,186.73
1586005500,5.0955,5.091,5.0945,5.091,259.36
1586005560,5.0889,5.0886,5.0886,5.0889,39.77
1586005620,5.0914,5.0895,5.0895,5.091,448.32
1586005680,5.0959,5.0929,5.0945,5.0929,763.09
1586005740,5.0941,5.0929,5.0941,5.0929,38.62
1586005800,5.0944,5.0944,5.0944,5.0944,54.93
1586005860,5.0929,5.0869,5.0929,5.0869,2274.28
1586005920,5.0866,5.0852,5.0859,5.0866,354.64
1586005980,5.0937,5.0865,5.0865,5.0928,2037.42
1586006040,5.0991,5.0938,5.0938,5.0991,453.88
1586006100,5.1019,5.099,5.0995,5.099,881.33
1586006160,5.1041,5.0998,5.1001,5.1031,602.81
1586006220,5.1084,5.1025,5.1033,5.1075,941.4
1586006280,5.1057,5.1036,5.105,5.1047,433.74
1586006340,5.1047,5.1047,5.1047,5.1047,0
1586006400,5.1086,5.107,5.1071,5.1076,726.01
1586006460,5.1087,5.1077,5.1084,5.1087,842.79
1586006520,5.1118,5.109,5.109,5.1118,268.1
1586006580,5.1113,5.1092,5.1092,5.1095,91.51
1586006640,5.1139,5.1113,5.112,5.1136,177.38
1586006700,5.1148,5.1082,5.1135,5.1082,2688.38
1586006760,5.11,5.1085,5.11,5.1092,321.96
1586006820,5.1098,5.108,5.1098,5.1081,30.23
1586006880,5.1131,5.1088,5.1088,5.1131,1251.1
1586006940,5.1131,5.1108,5.1131,5.1117,69.5
1586007000,5.1151,5.1121,5.1121,5.1145,953.03
1586007060,5.1161,5.1143,5.1151,5.1143,123.8
1586007120,5.1175,5.1152,5.1154,5.117,342.15
1586007180,5.1175,5.112,5.1175,5.1124,1418.34
1586007240,5.118,5.1142,5.1142,5.1173,1062.95
1586007300,5.1173,5.1173,5.1173,5.1173,0
1586007360,5.118,5.116,5.1168,5.1162,418.74
1586007420,5.1182,5.1155,5.1166,5.1182,963.84
1586007480,5.1197,5.1183,5.1188,5.1197,347.4
1586007540,5.1196,5.1179,5.1186,5.1179,297.2
1586007600,5.118,5.1175,5.118,5.1175,441.4
1586007660,5.1183,5.1108,5.1169,5.1111,952.37
1586007720,5.1111,5.1111,5.1111,5.1111,0
1586007780,5.118,5.1132,5.1179,5.115,1040.55
1586007840,5.1226,5.1178,5.1178,5.1226,1634.55
1586007900,5.1241,5.1192,5.1241,5.1192,535.3
1586007960,5.1229,5.1188,5.1188,5.1218,329.94
1586008020,5.1215,5.1215,5.1215,5.1215,160
1586008080,5.1203,5.1175,5.1203,5.1193,311.14
1586008140,5.1181,5.1171,5.1178,5.1181,59.51
1586008200,5.1161,5.1145,5.1156,5.1145,8.17
1586008260,5.1154,5.1126,5.1154,5.1126,83.76
1586008320,5.1203,5.1126,5.1126,5.1203,1214.9
1586008380,5.1252,5.1195,5.1198,5.1252,1031.36
1586008440,5.1267,5.1241,5.1255,5.1267,1986.81
1586008500,5.135,5.1273,5.1273,5.1349,2005.01
1586008560,5.1361,5.1349,5.135,5.1355,234.33
1586008620,5.1337,5.1319,5.1337,5.1325,344.1
1586008680,5.1338,5.1317,5.1317,5.1338,444
1586008740,5.1327,5.1322,5.1327,5.1326,44.67
1586008800,5.1419,5.1339,5.1339,5.1415,3502.1
1586008860,5.1418,5.1395,5.1415,5.1416,437.77
1586008920,5.1429,5.1414,5.1416,5.1429,872.84
1586008980,5.1437,5.1407,5.1418,5.1412,1581.34
1586009040,5.1442,5.1418,5.1428,5.1439,1342.4
1586009100,5.1441,5.1414,5.144,5.1439,676.39
1586009160,5.1412,5.1278,5.1412,5.1278,1342.76
1586009220,5.1255,5.1188,5.125,5.1189,694.9
1586009280,5.1204,5.1134,5.1203,5.1154,1014.45
1586009340,5.1152,5.1114,5.1139,5.1114,488.32
1586009400,5.1152,5.1076,5.113,5.1098,951.36
1586009460,5.11,5.1048,5.11,5.1048,678.75
1586009520,5.1044,5.0942,5.1044,5.0994,7875.09
1586009580,5.1009,5.0887,5.1003,5.0935,10341.09
1586009640,5.1037,5.0922,5.0922,5.1013,7310.35
1586009700,5.1023,5.0981,5.1023,5.1015,724.73
1586009760,5.1043,5.0979,5.1009,5.104,1809.42
1586009820,5.1122,5.1041,5.1057,5.1122,2153.69
1586009880,5.1148,5.1109,5.1126,5.1138,2174.34
1586009940,5.112,5.1019,5.112,5.1095,5712.69
1586010000,5.1102,5.1062,5.1102,5.1078,1420.01
1586010060,5.1113,5.107,5.1078,5.1087,2593.88
1586010120,5.107,5.1039,5.1064,5.1042,1482.79
1586010180,5.1074,5.1053,5.1067,5.1053,193.12
1586010240,5.1077,5.1065,5.1072,5.1066,83.22
1586010300,5.1127,5.1073,5.1073,5.1127,364.9
1586010360,5.1139,5.1111,5.1128,5.1129,684.83
1586010420,5.1161,5.1108,5.1109,5.1139,906.86
1586010480,5.1177,5.1145,5.116,5.116,383.35
1586010540,5.118,5.1145,5.1145,5.1167,268.19
1586010600,5.1189,5.1166,5.1166,5.1178,179.82
1586010660,5.118,5.1075,5.117,5.1092,3352.29
1586010720,5.117,5.1087,5.1087,5.117,622.47
1586010780,5.1185,5.1163,5.1174,5.1163,223.9
1586010840,5.1208,5.1172,5.1172,5.1193,555.5
1586010900,5.12,5.1167,5.12,5.119,302.17
1586010960,5.1195,5.1168,5.1172,5.1174,330.29
1586011020,5.1178,5.1167,5.1167,5.1178,176.86
1586011080,5.1176,5.1099,5.1176,5.1099,706.42
1586011140,5.1138,5.1087,5.11,5.1101,658.43
1586011200,5.1097,5.1026,5.1097,5.1041,1074.7
1586011260,5.1064,5.1039,5.105,5.1062,153.82
1586011320,5.1075,5.1052,5.1054,5.1052,133.3
1586011380,5.1159,5.107,5.107,5.1086,3328.08
1586011440,5.112,5.1064,5.1085,5.112,892.21
1586011500,5.1124,5.1101,5.1117,5.1124,439.51
1586011560,5.1123,5.1076,5.1088,5.1123,660.16
1586011620,5.1136,5.1108,5.1136,5.1125,377.92
1586011680,5.1143,5.1124,5.113,5.1138,235.67
1586011740,5.1141,5.1121,5.1127,5.1141,294.65
1586011800,5.1167,5.1149,5.1149,5.1154,618.26
1586011860,5.1147,5.113,5.113,5.1147,46.42
1586011920,5.1146,5.1123,5.1146,5.1125,78.02
1586011980,5.1124,5.1119,5.1124,5.1119,424.14
1586012040,5.1112,5.1081,5.1112,5.111,964.24
1586012100,5.1096,5.1026,5.1096,5.1031,867.83
1586012160,5.103,5.1027,5.1029,5.1029,499.36
1586012220,5.103,5.1027,5.1028,5.103,32.29
1586012280,5.101,5.0987,5.101,5.1003,1576.04
1586012340,5.1062,5.1018,5.1018,5.1026,2588.07
1586012400,5.104,5.1006,5.1026,5.104,276.1
1586012460,5.1074,5.1053,5.1053,5.1074,189.25
1586012520,5.1076,5.1052,5.1076,5.1052,88.28
1586012580,5.1055,5.1045,5.1045,5.1055,145.67
1586012640,5.1077,5.1047,5.1047,5.1073,688.96
1586012700,5.1117,5.1065,5.1071,5.1117,1658.67
1586012760,5.1135,5.1072,5.1112,5.1072,639.27
1586012820,5.11,5.1097,5.1097,5.11,44.89
1586012880,5.1176,5.1115,5.1115,5.1176,1014.72
1586012940,5.1251,5.1176,5.1176,5.1205,5375.26
1586013000,5.1245,5.121,5.1245,5.1228,706.13
1586013060,5.1318,5.1231,5.1242,5.1318,1433.32
1586013120,5.1318,5.1237,5.1307,5.1251,1018.45
1586013180,5.1279,5.1265,5.1265,5.1279,333.39
1586013240,5.1311,5.128,5.1288,5.1311,257.85
1586013300,5.1311,5.1289,5.1311,5.1289,127.36
1586013360,5.1269,5.1269,5.1269,5.1269,22.64
1586013420,5.1287,5.1287,5.1287,5.1287,166.4
1586013480,5.1325,5.1289,5.1289,5.1317,220.58
1586013540,5.1332,5.1318,5.1318,5.1332,39.2
1586013600,5.1332,5.1316,5.133,5.1316,213.97
1586013660,5.1304,5.129,5.129,5.1296,186.55
1586013720,5.1321,5.1313,5.1313,5.1321,107.27
1586013780,5.135,5.132,5.132,5.135,1039.71
1586013840,5.1354,5.1307,5.1353,5.1307,757.74
1586013900,5.1296,5.1257,5.1296,5.1269,5916.96
1586013960,5.1385,5.1258,5.1259,5.1381,1983.06
1586014020,5.1372,5.128,5.1372,5.1303,1897.71
1586014080,5.1322,5.1283,5.1322,5.1305,513.23
1586014140,5.1332,5.1289,5.1311,5.1328,260.35
1586014200,5.1321,5.1281,5.1316,5.1281,609.47
1586014260,5.1317,5.1284,5.1284,5.1312,486.54
1586014320,5.1303,5.1273,5.1303,5.1273,711.37
1586014380,5.128,5.1253,5.1277,5.128,457.52
1586014440,5.1279,5.1248,5.1266,5.1248,387.13
1586014500,5.1273,5.126,5.126,5.126,254.31
1586014560,5.1312,5.1271,5.1271,5.1312,775.4
1586014620,5.1312,5.1249,5.1312,5.1296,608.75
1586014680,5.1287,5.1244,5.1287,5.1244,489.03
1586014740,5.1249,5.1229,5.1249,5.1229,164.03
1586014800,5.1207,5.1196,5.1205,5.1207,17.89
1586014860,5.1217,5.1198,5.1199,5.1205,418.69
1586014920,5.1223,5.1207,5.1207,5.1207,105.81
1586014980,5.1222,5.1205,5.1205,5.1212,34.6
1586015040,5.1222,5.1207,5.1212,5.1207,219.56
1586015100,5.1198,5.1187,5.1198,5.1187,16.01
1586015160,5.119,5.1163,5.1185,5.1163,237.85
1586015220,5.1173,5.1161,5.1161,5.1164,141.11
1586015280,5.1161,5.1148,5.1149,5.1148,66.74
1586015340,5.1177,5.1148,5.1148,5.1162,409.87
1586015400,5.1165,5.1165,5.1165,5.1165,73.87
1586015460,5.1197,5.1165,5.1165,5.1191,373.1
1586015520,5.1249,5.1179,5.1179,5.1241,1062.33
1586015580,5.1255,5.1219,5.1239,5.1255,2687.67
1586015640,5.126,5.1245,5.126,5.1245,239.63
1586015700,5.1222,5.121,5.121,5.1222,453.89
1586015760,5.1222,5.1222,5.1222,5.1222,0
1586015820,5.1217,5.121,5.1217,5.121,8.72
1586015880,5.1232,5.1194,5.121,5.1215,1873.65
1586015940,5.1197,5.118,5.1197,5.118,176.12
