1518192000000,1275.9,1274.8,1274.8,1275.7,6.86451532
1518192060000,1275.6,1274.8,1275.6,1274.8,20.103292
1518192120000,1275.8,1274.1,1274.9,1275.8,3.01757255
1518192180000,1275.8,1275.6,1275.6,1275.8,2.19279424
1518192240000,1278.2,1275.2,1275.5,1278.2,6.82038947
1518192300000,1277.9,1275.2,1277.9,1276.9,0.52880788
1518192360000,1277.3,1275.3,1276.9,1275.3,4.99590566
1518192420000,1277,1275.3,1277,1275.3,1.21332436
1518192480000,1279,1275.2,1275.6,1275.4,29.2906936
1518192540000,1278,1277,1277.5,1278,16.4363297
1518192600000,1278,1277,1278,1277,4.22922827
1518192660000,1281.5,1277,1277.1,1281.5,30.36276294
1518192720000,1282.1,1281,1281.3,1282,22.19872842
1518192780000,1283.7,1282.1,1282.1,1283.4,29.81745246
1518192840000,1283.7,1282.7,1283.5,1282.9,21.37245539
1518192900000,1284.6,1283.2,1283.5,1284.6,20.3760171
1518192960000,1286,1284.3,1284.6,1286,17.49401512
1518193020000,1287.1,1286,1286.1,1286.5,57.6227489
1518193080000,1287.8,1281.7,1286.6,1281.7,36.11346536
1518193140000,1284.3,1282.6,1282.6,1284.3,1.77863428
1518193200000,1282.6,1277.1,1281.3,1279.8,20.61959541
1518193260000,1281.4,1281.4,1281.4,1281.4,0.78039644
1518193320000,1280.6,1278.6,1280.5,1278.8,2.64775986
1518193380000,1280.7,1280.5,1280.5,1280.7,8.21927357
1518193440000,1281.7,1277.1,1281.4,1279.8,21.27234166
1518193500000,1278.4,1276.9,1278.4,1278.3,13.82506534
1518193560000,1279.8,1278.4,1278.4,1279.1,3.11812795
1518193620000,1280.4,1279.3,1279.3,1280.4,5.67261062
1518193680000,1281.9,1279.2,1280.3,1279.2,17.06760791
1518193740000,1279.3,1279.3,1279.3,1279.3,3.55539331
1518193800000,1281.4,1279.3,1279.3,1279.3,9.71906294
1518193860000,1279.3,1279.3,1279.3,1279.3,0.78149422
1518193920000,1281.1,1279.5,1279.9,1281.1,3.90203029
1518193980000,1281.1,1280.7,1281,1280.7,5.41774288
1518194040000,1281.2,1279.9,1280.8,1281.2,28.11982354
1518194100000,1279.3,1277,1279.3,1277,0.8872
1518194160000,1282.6,1279.3,1279.6,1279.3,13.08069074
1518194220000,1279.3,1279.3,1279.3,1279.3,0.2495
1518194280000,1279.8,1279.3,1279.3,1279.8,3.16997503
1518194340000,1280,1279.8,1279.8,1280,4.91137209
1518194400000,1281.3,1281.3,1281.3,1281.3,0.78
1518194460000,1281.3,1280,1281.3,1280.6,2.53660919
1518194520000,1282.1,1280.1,1282.1,1280.1,0.77068664
1518194580000,1280.1,1280.1,1280.1,1280.1,2.65202335
1518194640000,1280.2,1278.2,1280.1,1280.2,3.87260495
1518194700000,1280.4,1280.4,1280.4,1280.4,0.78094494
1518194760000,1283.7,1278.9,1280.5,1278.9,4.34577355
1518194820000,1280.2,1278.2,1280,1278.2,5.12643454
1518194880000,1279.8,1278,1278.2,1278.7,6.78294934
1518194940000,1279.7,1279.4,1279.4,1279.7,1.7809231
1518195000000,1280.8,1279.6,1279.6,1280.8,12.99324835
1518195060000,1281.8,1280,1280.8,1280.1,8.40227366
1518195120000,1281,1280,1280.1,1280,17.9246285
1518195180000,1280.1,1280,1280,1280,14.61723987
1518195240000,1280.9,1280,1280.1,1280.9,2.938978
1518195300000,1281.4,1280,1281,1280,8.41240521
1518195360000,1281,1280,1280,1280,11.46626242
1518195420000,1282.1,1280,1280.1,1282.1,14.69234223
1518195480000,1281.2,1280,1280.1,1280,6.76725935
1518195540000,1281.2,1280.9,1280.9,1281.2,0.78051826
1518195600000,1280.3,1280,1280.2,1280.3,1.17230694
1518195660000,1280.2,1280,1280.1,1280.2,1.97236795
1518195720000,1282.6,1280,1280.2,1282.6,23.16706897
1518195780000,1283.4,1282.3,1282.4,1283.4,5.65123021
1518195840000,1284,1283.4,1283.4,1283.4,7.93439033
1518195900000,1284,1283.4,1283.4,1284,3.08346564
1518195960000,1284.5,1284,1284,1284,11.71325908
1518196020000,1284.8,1284,1284,1284.8,11.773061
1518196080000,1287.8,1284.3,1284.8,1287.6,61.9803621
1518196140000,1289.2,1285,1287.2,1285.1,21.32667849
1518196200000,1289.2,1285.4,1286,1289.2,7.48780115
1518196260000,1289.9,1287.2,1287.2,1289.9,42.2201003
1518196320000,1291.9,1289.3,1289.3,1291.7,23.94338315
1518196380000,1291.4,1286.6,1289.9,1286.6,30.47705237
1518196440000,1289.5,1285,1289.5,1285,10.76957995
1518196500000,1288,1284.7,1284.7,1288,4.32478672
1518196560000,1290.1,1288,1288.2,1288,21.14149968
1518196620000,1291.6,1288,1288,1291.6,5.29559123
1518196680000,1292,1289.7,1289.7,1291,13.26774732
1518196740000,1292.3,1287.2,1290,1288.1,13.40059904
1518196800000,1291.9,1291.8,1291.8,1291.9,1.27411364
1518196860000,1292.3,1291.8,1291.8,1292,4.6988804
1518196920000,1292.6,1292.6,1292.6,1292.6,2.30803808
1518196980000,1294.8,1292.8,1292.8,1293.9,28.25105068
1518197040000,1294.8,1292.6,1293.9,1292.6,21.52649593
1518197100000,1297.9,1294.8,1294.8,1297.9,111.7657195
1518197160000,1298.4,1298,1298,1298,26.18166645
1518197220000,1297.8,1296.8,1297,1297.8,4.84902416
1518197280000,1297.8,1297,1297,1297.8,2.06084816
1518197340000,1297.8,1297.7,1297.8,1297.8,2.67117266
1518197400000,1298.6,1297.8,1297.8,1298.2,27.7638678
1518197460000,1303.6,1298.6,1298.6,1302.4,33.25449328
1518197520000,1303.6,1303,1303.6,1303.6,4.46484583
1518197580000,1309.5,1303.5,1303.6,1307.3,37.20412218
1518197640000,1313.1,1309.6,1309.6,1312.2,74.64046013
1518197700000,1315.8,1312.4,1312.4,1315.8,24.42699577
1518197760000,1318.8,1313.9,1316.2,1314.5,40.04730234
1518197820000,1314.5,1309.3,1314.5,1309.8,46.87393925
1518197880000,1308,1304,1308,1307.9,34.58600998
1518197940000,1312.1,1306.1,1306.5,1312.1,7.25029973
1518198000000,1311.8,1308.6,1308.6,1311.6,2.24802293
1518198060000,1315,1311.3,1311.6,1314.3,23.05153083
1518198120000,1316.8,1312.9,1312.9,1313.2,16.46433138
1518198180000,1314.8,1314.1,1314.1,1314.5,2.83996614
1518198240000,1314.5,1312.8,1314.5,1313.2,9.1897714
1518198300000,1318.2,1313.2,1313.2,1314,41.61322863
1518198360000,1317.2,1314,1314,1314.5,1.38236136
1518198420000,1318.4,1315,1315.1,1318,8.81276954
1518198480000,1319,1315.5,1316,1317,9.69608896
1518198540000,1320,1315.5,1317.1,1315.6,22.21157017
1518198600000,1317,1308.4,1317,1308.4,32.44826263
1518198660000,1311.5,1309.4,1309.7,1311.5,4.1684781
1518198720000,1310.9,1308.1,1309.4,1308.1,26.21907871
1518198780000,1311.1,1308.1,1308.1,1308.6,2.5362375
1518198840000,1312,1308.7,1311.8,1308.9,3.60266268
1518198900000,1312.4,1308.7,1309,1310.1,2.4307473
1518198960000,1314.5,1311,1311,1313.3,3.58520102
1518199020000,1311.4,1310,1311.4,1311,5.8136597
1518199080000,1309,1309,1309,1309,1.04532074
1518199140000,1308.9,1306.6,1308.9,1306.6,37.03805834
1518199200000,1308,1306.6,1306.6,1308,8.59667108
1518199260000,1311.1,1308,1309.1,1309.7,9.156688
1518199320000,1315.1,1310.2,1311,1313.8,25.42257094
1518199380000,1317.8,1313.4,1313.5,1317.8,9.65320936
1518199440000,1317.1,1315.2,1317.1,1317,2.073641
1518199500000,1319,1317.1,1317.1,1319,23.02885659
1518199560000,1320,1319.1,1319.1,1320,9.83683298
1518199620000,1322.6,1319.9,1320,1322.6,13.33812207
1518199680000,1323.6,1322.5,1322.5,1322.5,29.6702461
1518199740000,1322.6,1317.7,1322.6,1319,51.23256979
1518199800000,1322.1,1314.4,1317.7,1318,8.96288416
1518199860000,1318.1,1315.6,1318.1,1315.6,16.74321981
1518199920000,1316.5,1313.1,1316.4,1315.1,12.32567919
1518199980000,1316.7,1312.6,1316.7,1312.8,6.68246082
1518200040000,1317.3,1311.9,1312.8,1315,14.6237387
1518200100000,1317.3,1313,1315,1317.3,7.03885765
1518200160000,1317.8,1315.3,1317.8,1315.4,1.31716498
1518200220000,1317.6,1314.2,1315.3,1314.2,4.39902576
1518200280000,1314.9,1314.4,1314.4,1314.4,4.92348551
1518200340000,1312.8,1307,1312.8,1307.1,24.78981357
1518200400000,1307.4,1306.9,1307.4,1306.9,3.88734195
1518200460000,1306.9,1306.5,1306.9,1306.7,7.36625168
1518200520000,1307,1303.2,1306.3,1304.8,6.20788105
1518200580000,1304.8,1301.6,1304.8,1301.6,6.06178926
1518200640000,1307,1303.5,1303.5,1304,7.88562501
1518200760000,1304.3,1301.5,1304,1301.5,6.9944579
1518200820000,1301.5,1297.7,1301.5,1299.6,15.57901304
1518200880000,1300.4,1298.3,1300.4,1300.4,2.14126148
1518200940000,1300.5,1298.6,1300.5,1298.6,4.33852007
1518201000000,1300.4,1297.6,1300.4,1300,1.64593231
1518201060000,1302.7,1300,1300.5,1302,10.82763645
1518201120000,1301.2,1295,1300,1299.4,74.68834607
1518201180000,1299,1298.1,1298.9,1298.8,1.57927215
1518201240000,1299.2,1299.1,1299.2,1299.1,0.89530925
1518201300000,1303.8,1299.1,1299.1,1301.4,16.35834422
1518201360000,1301.9,1301.5,1301.9,1301.5,0.78810815
1518201420000,1299.6,1294.5,1299.6,1294.9,8.80408416
1518201480000,1296.1,1292,1296.1,1292.6,5.00434437
1518201540000,1293.1,1292,1292.7,1293.1,2.19988
1518201660000,1292.8,1287.6,1292.7,1287.6,11.01897954
1518201720000,1289.8,1287.7,1288.3,1289.5,15.04033463
1518201780000,1292,1288.4,1288.4,1292,34.53420727
1518201840000,1292.6,1292,1292.6,1292,4.14728906
1518201900000,1293.8,1292.8,1292.8,1293.8,1.35811399
1518201960000,1294.4,1293.3,1293.8,1294.1,17.67172792
1518202020000,1297.8,1294.1,1294.1,1297.8,5.42058123
1518202080000,1297.8,1295.9,1296,1295.9,2.49871733
1518202140000,1295,1292.7,1294.1,1294,8.37457088
1518202200000,1294.9,1292.7,1292.7,1294.4,22.36534077
1518202260000,1294.2,1293,1294.1,1293.6,5.9313895
1518202320000,1291.6,1290.5,1291.6,1291.3,6.525
1518202380000,1293.1,1291.2,1291.2,1293.1,0.7733354
1518202440000,1294,1291.1,1291.1,1294,4.55916558
1518202500000,1295.6,1292.7,1293.6,1292.7,1.05128978
1518202560000,1294.9,1292.1,1292.1,1294.9,2.634494
1518202620000,1295.8,1295.8,1295.8,1295.8,0.77172403
1518202680000,1296.6,1295.2,1295.2,1296.6,2.3
1518202740000,1296.6,1295.3,1296.4,1295.3,3.6913
1518202800000,1296.6,1293.2,1295.3,1296.6,0.9805884
1518202860000,1300.3,1296.4,1296.4,1300.3,28.01063257
1518202920000,1304.1,1298.5,1298.8,1304.1,15.99672159
1518202980000,1303.9,1303.9,1303.9,1303.9,1.06692998
1518203040000,1304.1,1302.8,1303.2,1304.1,3.74266652
1518203100000,1304.1,1304.1,1304.1,1304.1,0.4883989
1518203160000,1304.8,1304,1304.7,1304,3.57695369
1518203220000,1304,1295.9,1304,1297.9,24.67953228
1518203280000,1299.1,1298.1,1299,1298.9,1.55849617
1518203340000,1302.3,1298.9,1298.9,1298.9,8.68120311
1518203400000,1302.4,1298.7,1302.3,1302.4,2.34617663
1518203460000,1304.8,1302.4,1302.4,1304.8,4.70836351
1518203520000,1306.3,1302.3,1306.3,1302.3,8.54765186
1518203580000,1304.8,1301.7,1301.7,1304.8,1.76563435
1518203700000,1304.9,1302.4,1304.9,1302.4,2.46608255
1518203760000,1303.3,1302.4,1302.4,1303.3,8.60421327
1518203820000,1303.6,1303.6,1303.6,1303.6,0.4043
1518203880000,1307.2,1303.5,1303.5,1307.2,6.12286735
1518203940000,1308,1307.1,1307.4,1308,10.09991094
1518204000000,1310.5,1307.9,1309.2,1310.5,1.28915511
1518204060000,1311.5,1310,1310.9,1311.5,0.97762945
1518204120000,1310,1310,1310,1310,1.23667902
1518204180000,1307.9,1307.9,1307.9,1307.9,0.76470138
1518204240000,1306.5,1305,1306.5,1305,3.41725079
1518204300000,1306.5,1302.7,1304.9,1306.5,11.808791
1518204360000,1307,1305.1,1306.5,1305.1,5.52694045
1518204420000,1306.5,1306,1306.5,1306,1.1763
1518204480000,1305,1302.7,1305,1302.7,2.40909817
1518204540000,1305,1302.7,1303.7,1302.7,7.74663645
1518204600000,1303.3,1301.8,1303.3,1301.8,10.12252904
1518204660000,1303.3,1302,1303.3,1302,0.53618534
1518204720000,1303.2,1301.1,1301.1,1301.1,1.06445
1518204780000,1301.1,1300.1,1301,1301.1,2.6082516
1518204840000,1303.1,1301.1,1301.1,1303,2.2439
1518204900000,1300.6,1298.8,1300.6,1298.8,2.11777277
1518204960000,1298.3,1298.3,1298.3,1298.3,0.770238
1518205020000,1300.5,1297.7,1299.2,1300.5,1.55815483
1518205080000,1299,1298.3,1299,1298.6,0.920238
1518205140000,1298.8,1296.6,1298.8,1296.9,1.25843544
1518205200000,1296.6,1295.9,1296.6,1295.9,1.23968581
1518205260000,1295.9,1293.4,1295.5,1295.9,0.95781155
1518205320000,1295.8,1294.2,1295.8,1294.7,5.34630224
1518205380000,1296.4,1295.9,1295.9,1296.4,2.85684368
1518205440000,1296.4,1290.5,1296.4,1291.7,18.96575894
1518205500000,1292,1291.8,1291.8,1291.9,6.31220751
1518205560000,1295,1292,1292,1295,6.14643757
1518205620000,1293.2,1291.7,1293.2,1293,24.10388521
1518205680000,1293,1292.9,1293,1293,4.91610167
1518205740000,1293,1292.9,1293,1292.9,15.67893915
1518205800000,1293,1293,1293,1293,6.06287042
1518205860000,1293,1292,1293,1292,22.38338921
1518205920000,1293,1292.1,1292.9,1292.1,18.13589696
1518205980000,1292.9,1292,1292,1292.5,7.54581791
1518206040000,1293,1291.1,1292.9,1293,21.84527521
1518206100000,1292.9,1292.9,1292.9,1292.9,2.07345502
1518206160000,1293,1292.1,1292.9,1293,9.22716037
1518206220000,1293,1292.2,1292.2,1293,3.14575853
1518206280000,1293,1292.9,1293,1293,4.41783121
1518206340000,1292.9,1291.5,1292.9,1291.7,30.27670259
1518206400000,1293,1291.1,1291.1,1293,44.38668597
1518206460000,1294.8,1293,1293,1294.8,21.18414497
1518206520000,1296.6,1294.8,1294.8,1295,5.99463013
1518206580000,1296.9,1296.7,1296.7,1296.9,3.980343
1518206640000,1297.7,1296.8,1296.8,1297.6,16.723862
1518206700000,1299,1297.7,1297.7,1299,35.12971578
1518206760000,1301.1,1298,1301.1,1298,4.99873043
1518206820000,1302,1300.1,1300.7,1302,10.07468325
1518206880000,1301.8,1301.1,1301.7,1301.8,1.71816715
1518206940000,1302.4,1301.5,1301.5,1302.4,15.56637034
1518207000000,1302.4,1301.7,1302.3,1301.7,11.55939327
1518207060000,1301.7,1301,1301.7,1301,5.43382004
1518207120000,1300.1,1296.8,1300.1,1296.8,17.99734783
1518207180000,1296.8,1294.5,1296.8,1295,13.54651376
1518207240000,1296.4,1294.1,1296.3,1294.1,6.69644505
1518207300000,1298.5,1295.5,1296.4,1297.3,4.42050744
1518207360000,1299.5,1297.3,1297.3,1299.5,55.906702
1518207420000,1301.9,1301.5,1301.5,1301.9,2.76810815
1518207480000,1300.5,1294.4,1299.5,1296.2,5.64652704
1518207540000,1302.5,1296.2,1296.2,1302.5,5.00946721
1518207600000,1302.1,1301.1,1302,1301.1,1.82567392
1518207660000,1301.1,1297.8,1301.1,1299.1,1.039098
1518207720000,1298.8,1298,1298.8,1298,1.18418148
1518207780000,1298,1298,1298,1298,11.03195355
1518207840000,1298,1297.5,1298,1297.5,1.75101002
1518207900000,1298,1297.3,1297.9,1297.9,2.03627763
1518207960000,1297.8,1296.4,1297.8,1296.4,2.00634775
1518208020000,1297.5,1292.1,1296.4,1293.3,12.36648413
1518208080000,1293.4,1291.5,1293.3,1292.5,5.74765302
1518208140000,1292.5,1290.1,1292.5,1290.1,44.80750303
1518208200000,1293.3,1290.3,1290.5,1293.2,16.21524203
1518208260000,1293.2,1290.2,1293.2,1290.2,18.9242356
1518208320000,1292,1290.2,1290.3,1290.4,20.01069381
1518208380000,1291.5,1290.1,1290.6,1290.1,3.44481845
1518208440000,1290.3,1290.3,1290.3,1290.3,3.14201356
1518208500000,1290.2,1287.7,1290,1290.2,30.42233945
1518208560000,1289.3,1289.3,1289.3,1289.3,0.5
1518208620000,1287.9,1287,1287.7,1287,8.72932922
1518208680000,1287,1285,1287,1285,49.2011546
1518208740000,1285.3,1282.8,1285,1284.3,35.41914556
1518208800000,1285,1283.2,1283.2,1285,3.56110812
1518208860000,1285,1282.8,1285,1282.8,7.37416312
1518208920000,1285,1284.9,1284.9,1284.9,3.72780157
1518208980000,1285,1282.8,1282.8,1285,16.22768127
1518209040000,1287.5,1284.9,1284.9,1286.4,13.14320453
1518209100000,1287.5,1283,1286.3,1283.4,12.14853296
1518209160000,1283.6,1282.9,1283.6,1282.9,1.94520204
1518209220000,1282.9,1282.3,1282.9,1282.5,4.40706769
1518209280000,1282.5,1282.4,1282.4,1282.5,19.86157001
1518209340000,1283.4,1282.4,1282.4,1283.4,0.3325742
1518209400000,1285.1,1282.1,1283.4,1285.1,8.48139312
1518209460000,1284.2,1282.7,1282.7,1284.2,4.48355185
1518209520000,1284.1,1282.8,1284.1,1283.2,3.08962649
1518209580000,1283.9,1281.1,1282,1282.3,3.92240398
1518209640000,1282,1281.1,1281.1,1281.1,2.42805
1518209700000,1282.1,1278.4,1282,1278.4,47.90763203
1518209760000,1279,1278.2,1278.4,1278.3,15.34178141
1518209820000,1278.6,1278.3,1278.3,1278.3,17.76804426
1518209880000,1281,1278.4,1278.4,1281,1.34448
1518209940000,1281,1278.3,1281,1278.6,3.97804013
1518210000000,1283.1,1278.4,1278.5,1279,3.33909718
1518210060000,1282.8,1279.1,1279.1,1282.8,4.47617851
1518210120000,1286.2,1279.5,1279.5,1286.1,25.23893
1518210180000,1285.2,1284,1284.3,1284,4.39488901
1518210240000,1287,1287,1287,1287,2.32477078
1518210300000,1286.5,1285.7,1286.5,1285.7,6.04963676
1518210360000,1285.7,1283,1285.7,1283.6,3.78514436
1518210420000,1287.2,1285.1,1285.1,1285.1,5.23129177
1518210480000,1285.2,1281.6,1285.2,1281.6,6.16526519
1518210540000,1283.6,1281.7,1281.7,1283,13.46843805
1518210600000,1282.7,1280.8,1280.8,1282.7,0.8925389
1518210660000,1283.2,1281.1,1282.7,1283.2,2.651233
1518210720000,1281.1,1277.7,1281.1,1279.9,14.37324277
1518210780000,1281.7,1278.1,1279.3,1280.6,1.77010107
1518210840000,1279.9,1277.4,1277.4,1279.9,2.15233859
1518210900000,1285.7,1279.9,1279.9,1285.7,6.22142795
1518210960000,1287.3,1284.6,1287.3,1284.6,4.3135197
1518211020000,1285.3,1284.6,1285.3,1284.7,1.80179873
1518211080000,1283.2,1283.2,1283.2,1283.2,0.7791196
1518211140000,1282,1279.2,1282,1279.2,8.77277036
1518211200000,1281,1281,1281,1281,0.81694013
1518211260000,1281,1280.5,1281,1280.5,0.88064013
1518211320000,1281,1280.1,1281,1280.1,6.03825413
1518211380000,1280.9,1280.1,1280.9,1280.1,0.88070107
1518211440000,1281,1280.1,1280.1,1281,0.98064013
1518211500000,1281,1280.5,1281,1280.5,6.55263834
1518211560000,1280.7,1278.9,1280.5,1278.9,4.57193225
1518211620000,1279.8,1278.9,1278.9,1279.8,1.78137209
1518211680000,1278.6,1276.6,1278.6,1276.9,5.92158737
1518211740000,1277.8,1276,1277.8,1277.7,3.47590253
1518211800000,1276.1,1275,1276.1,1275,21.57019009
1518211860000,1275,1272.1,1275,1272.8,44.33107682
1518211920000,1275,1272.8,1272.8,1275,122.83123337
1518211980000,1275,1274,1275,1274,10.17796591
1518212040000,1273.9,1272.1,1273.9,1272.2,4.79485939
1518212100000,1272.1,1271.9,1272.1,1271.9,7.46497674
1518212160000,1272,1272,1272,1272,17.81060825
1518212220000,1272,1270.8,1271.9,1272,10.1687255
1518212280000,1271.7,1267.7,1271.7,1267.7,54.48133029
1518212340000,1271.5,1269.1,1270.3,1270.6,3.4730515
1518212400000,1269.9,1267.6,1269.9,1269.5,1.91311952
1518212460000,1269.5,1268.5,1269.5,1268.5,1.27803207
1518212520000,1268.5,1268,1268.5,1268.5,5.85941839
1518212580000,1268.5,1268.4,1268.5,1268.4,1.33381747
1518212640000,1268.6,1268.4,1268.4,1268.5,2.74291764
1518212700000,1269,1268.5,1268.6,1268.7,3.91461207
1518212760000,1269,1268.6,1268.6,1269,3.21698207
1518212820000,1270,1269,1269,1270,5.721838
1518212880000,1270,1269.9,1269.9,1270,3.19476584
1518212940000,1270,1270,1270,1270,55.83452201
1518213000000,1275.2,1270,1270,1274.1,45.42421748
1518213060000,1275.9,1275.2,1275.3,1275.9,7.59639708
1518213120000,1276,1275.9,1275.9,1276,24.08365172
1518213180000,1276,1271.6,1276,1276,1.916192
1518213240000,1275.5,1273.1,1275.5,1273.5,4.77610303
1518213300000,1276,1275.4,1275.4,1276,1
1518213360000,1276,1275.9,1275.9,1275.9,6.27705378
1518213420000,1276,1270.9,1275.9,1270.9,59.92451906
1518213480000,1275.6,1274.4,1274.6,1274.9,2.21313837
1518213540000,1276,1274.8,1274.8,1276,13.43717113
1518213600000,1276,1275.9,1276,1275.9,8.00522879
1518213660000,1276,1275.9,1276,1275.9,5.28717106
1518213720000,1276,1275.9,1276,1275.9,2.17847447
1518213780000,1276,1275.9,1275.9,1276,1.91606106
1518213840000,1276,1275.9,1276,1276,8.78764141
1518213900000,1276,1275.9,1276,1275.9,33.24588355
1518213960000,1276,1276,1276,1276,16.07323553
1518214020000,1277.9,1276.4,1276.4,1276.5,8.53113385
1518214080000,1276.9,1276.5,1276.5,1276.5,9.82050699
1518214140000,1276.6,1276.6,1276.6,1276.6,2.47114672
1518214200000,1276.6,1276.5,1276.6,1276.5,3.45812172
1518214260000,1276.6,1272.1,1276.5,1272.1,12.42654927
1518214320000,1274,1272.5,1273,1272.5,1.71394516
1518214380000,1273.2,1273.2,1273.2,1273.2,0.7850526
1518214440000,1273,1272.7,1272.8,1272.7,19.3266449
1518214500000,1272.9,1272.7,1272.7,1272.9,0.97922367
1518214560000,1272.9,1270.8,1272.9,1270.8,14.99789554
1518214620000,1271.9,1271.9,1271.9,1271.9,0.06532632
1518214680000,1271.9,1271.9,1271.9,1271.9,0.38
1518214740000,1273,1271.8,1272.7,1271.8,42.44855106
1518214800000,1273,1272.9,1273,1272.9,6.26792996
1518214860000,1273,1272.9,1273,1272.9,10.52566678
1518214920000,1272.9,1270.8,1272.9,1270.8,7.03055214
1518214980000,1272.7,1271.2,1271.9,1271.6,20.65994769
1518215040000,1272.5,1270,1271.6,1271,15.42042898
1518215100000,1273,1270,1270.9,1271.2,42.4601601
1518215160000,1279.4,1271.9,1273,1276,26.64984132
1518215220000,1278.8,1275.9,1276,1276.6,23.74764832
1518215280000,1279.5,1276.6,1279.5,1278.9,13.36605397
1518215340000,1278,1274.5,1276.8,1274.5,3.71756185
1518215400000,1277.7,1272.3,1274.5,1275.8,14.3010674
1518215460000,1276,1273.3,1273.3,1275.3,22.36255579
1518215520000,1276,1273,1275.4,1273,1.56871808
1518215580000,1275.2,1271.8,1272.7,1275.2,6.93875647
1518215640000,1275.9,1275.9,1275.9,1275.9,0.55852209
1518215700000,1276,1275.9,1276,1276,5.85483633
1518215760000,1276,1275.9,1276,1276,1.2546
1518215820000,1276,1275.9,1275.9,1276,0.632042
1518215880000,1276,1274.3,1275.9,1274.3,17.76881153
1518215940000,1276,1274.3,1276,1276,1.134778
1518216000000,1276.4,1275.3,1276,1276.4,9.2855266
1518216060000,1277.9,1276.8,1277.9,1277,3.08497623
1518216120000,1278,1274.8,1277.8,1277.8,3.57674102
1518216180000,1278,1275.4,1277.9,1275.6,3.25763361
1518216240000,1278,1275.6,1275.6,1278,19.90720343
1518216300000,1278,1275.5,1278,1278,7.86994217
1518216360000,1278,1276.9,1276.9,1278,8.18952096
1518216420000,1278,1277.5,1278,1277.9,6.42647254
1518216480000,1286.9,1276.7,1278,1286.9,21.57399331
1518216540000,1286,1285.8,1285.9,1286,20.55802963
1518216600000,1286,1285.5,1286,1286,14.25751898
1518216660000,1286,1286,1286,1286,3.96873199
1518216720000,1290,1286,1286,1290,13.45978181
1518216780000,1292.1,1287.4,1290,1288.4,27.45691732
1518216840000,1293.1,1288.3,1288.4,1293.1,55.76078827
1518216900000,1291,1289.8,1289.8,1291,0.96411364
1518216960000,1291,1290,1290,1290,9.00920121
1518217020000,1290.9,1290,1290.9,1290,1.08297068
1518217080000,1291,1290.1,1290.1,1291,8.36593301
1518217140000,1291,1290.2,1290.2,1290.3,40.85036336
1518217200000,1291.1,1290.8,1291.1,1291.1,3.07079936
1518217260000,1291.1,1290.9,1290.9,1291.1,4.49661428
1518217320000,1292,1291,1291.1,1291.2,23.06848776
1518217380000,1292,1291,1291,1291.3,1.27165106
1518217440000,1292,1290,1291.3,1292,23.28989491
1518217500000,1292,1288.7,1290,1289.7,3.08366483
1518217560000,1291.9,1289.1,1289.4,1289.1,2.62514012
1518217620000,1292,1289.3,1291.7,1290.8,5.98655501
1518217680000,1292,1290.9,1291,1292,9.01373708
1518217740000,1297.1,1291.9,1292,1297.1,26.67028577
1518217800000,1297.1,1293.6,1297,1294.8,2.63447034
1518217860000,1296,1292.2,1293.6,1296,9.03692668
1518217920000,1296,1294.3,1296,1296,8.38437562
1518217980000,1296,1295.1,1295.4,1296,7.69384385
1518218040000,1300,1295.6,1296,1300,80.66852641
1518218100000,1302.5,1300,1300,1300,14.05956285
1518218160000,1301.9,1296.5,1300,1296.6,22.84892155
1518218220000,1297.1,1295.5,1297.1,1295.5,0.04
1518218280000,1299.1,1295.3,1297.1,1297.6,9.1935572
1518218340000,1301.5,1297.4,1297.6,1297.4,59.72545282
1518218400000,1299,1294,1299,1294.2,28.44237621
1518218460000,1299.7,1294.1,1294.3,1294.1,9.07843626
1518218520000,1296.7,1294.2,1294.2,1294.3,1.14082911
1518218580000,1297.3,1294.5,1294.5,1295.6,1.9359077
1518218640000,1299.9,1294.5,1297.3,1297.3,3.88634333
1518218700000,1297.3,1295,1297.3,1295.1,1.60259445
1518218760000,1295.1,1294,1295.1,1294.1,12.97965638
1518218820000,1295.1,1294,1295.1,1294,5.07275592
1518218880000,1297,1295,1296.3,1295,4.33897411
1518218940000,1296.8,1295,1295,1296.7,22.18212031
1518219000000,1297.5,1296.8,1296.8,1297.5,1.26112893
1518219060000,1298.5,1297.5,1297.7,1297.5,2.96359291
1518219120000,1298,1296.7,1297.9,1298,3.5761214
1518219180000,1297.8,1296.7,1296.7,1296.8,0.9911884
1518219240000,1298,1297.7,1297.7,1298,10.79059413
1518219300000,1302.4,1297.5,1298,1302.1,60.84208907
1518219360000,1302.6,1299,1302.6,1301.8,16.04801906
1518219420000,1301.8,1299.9,1301.8,1299.9,13.76950281
1518219480000,1301.6,1300.1,1300.1,1301.6,3.2811886
1518219540000,1301.5,1300.1,1301.5,1301.5,59.12935308
1518219600000,1302,1300.3,1301.4,1300.3,9.31769973
1518219660000,1302,1301.9,1301.9,1302,21.48581164
1518219720000,1302,1301.9,1302,1302,23.04490474
1518219780000,1303.3,1301.9,1302,1302.8,10.01000094
1518219840000,1302,1297.6,1302,1297.6,39.2147786
1518219900000,1300,1298.6,1298.7,1298.8,9.33703539
1518219960000,1300,1299.7,1299.7,1300,2.92036495
1518220020000,1299.6,1298.7,1299.6,1298.7,13.688
1518220080000,1300,1298.7,1299.6,1300,13.62531431
1518220140000,1300,1298.7,1300,1300,4.99530207
1518220200000,1302.4,1299.5,1300,1300,38.98948394
1518220260000,1302.9,1300.1,1300.4,1300.1,4.54948598
1518220320000,1303.3,1298.5,1300.1,1298.7,9.50299228
1518220380000,1298.5,1298.5,1298.5,1298.5,0.07
1518220440000,1301.2,1298.4,1298.5,1301,9.31593734
1518220500000,1300.9,1299.2,1300.7,1299.2,4.78574242
1518220560000,1300.2,1298.8,1300.2,1299.9,2.946431
1518220620000,1300.9,1298,1298.2,1300.9,3.57972752
1518220680000,1299.8,1298.9,1299,1299.1,12.35035762
1518220740000,1300,1296.9,1297.9,1300,11.89773238
1518220800000,1298.6,1295.5,1297.9,1298.2,26.19485
1518220860000,1300.8,1294.6,1298.6,1294.6,28.85679023
1518220920000,1299.7,1295.6,1296.4,1298.5,5.47642827
1518220980000,1298.2,1296,1297.2,1298.2,5.51886587
1518221040000,1298.4,1291.9,1298.4,1295.1,51.24306177
1518221100000,1295.3,1291.6,1295.1,1291.6,10.97590215
1518221160000,1294,1291.1,1291.6,1291.1,20.0473662
1518221220000,1294.8,1291.6,1292.8,1292.2,14.03726047
1518221280000,1295,1291.1,1292.5,1291.6,14.34529384
1518221340000,1292.4,1289,1290.3,1290.6,8.65590059
1518221400000,1295,1290.6,1290.6,1293.1,24.36768839
1518221460000,1296,1293.7,1293.7,1293.8,12.51423442
1518221520000,1296,1293.8,1293.8,1293.8,20.358589
1518221580000,1293.8,1293.7,1293.7,1293.8,12.58650745
1518221640000,1295.8,1293.1,1295.4,1295.8,4.24545936
1518221700000,1294.9,1293.7,1293.7,1294.9,2.30903199
1518221760000,1298.5,1295.2,1297.7,1298.5,4.8857509
1518221820000,1298.5,1296.8,1298.5,1296.9,1.99891734
1518221880000,1302.4,1297.3,1298.5,1301,85.64209078
1518221940000,1300.9,1298.8,1298.8,1299.1,12.80882389
1518222000000,1309.9,1300.5,1302.3,1308.6,49.9035493
1518222060000,1310.6,1307.7,1310,1308.4,27.68502247
1518222120000,1313.4,1309.1,1309.1,1310.7,10.61157255
1518222180000,1310.8,1307.9,1310.6,1310,14.64803226
1518222240000,1310.7,1307.9,1310,1310.1,20.35113207
1518222300000,1313.2,1306.9,1309.4,1309.4,26.36188517
1518222360000,1312.5,1311.7,1311.8,1312.5,26.95220529
1518222420000,1313,1308.8,1310.8,1308.8,20.4693381
1518222480000,1311.1,1308.1,1310.7,1309.2,9.09267217
1518222540000,1311.9,1308.2,1309.4,1310,81.10667394
1518222600000,1310,1309.9,1310,1310,53.9690536
1518222660000,1313.6,1308.2,1310.1,1313.5,24.51676951
1518222720000,1315,1309.1,1313.1,1314.8,25.67985611
1518222780000,1317.5,1310,1314.7,1317.5,52.15158762
1518222840000,1315.6,1310.3,1314.6,1312.3,12.67773254
1518222900000,1313.2,1311.9,1313.1,1312.2,3.738842
1518222960000,1313.4,1310,1311.1,1310.4,5.18761765
1518223020000,1310.4,1310.1,1310.4,1310.3,3.35353917
1518223080000,1310.2,1308,1310.2,1308,57.01841602
1518223140000,1308.1,1308,1308,1308,55.43299747
1518223200000,1308.1,1301.1,1308,1302.7,8.20943194
1518223260000,1303.1,1300.1,1303.1,1302.9,18.79277528
1518223320000,1302.8,1301.5,1302.8,1301.9,4.63242238
1518223380000,1302.4,1302,1302,1302.1,8.83000137
1518223440000,1302.4,1302.2,1302.2,1302.4,19.71426291
1518223500000,1303.2,1300.1,1301.9,1303.2,24.35997207
1518223560000,1304.2,1300.1,1302.9,1302.6,6.00954119
1518223620000,1303.8,1301,1302.6,1303.6,25.73147983
1518223680000,1303.8,1301.8,1302,1302.9,20.14797342
1518223740000,1304.9,1302.6,1304.1,1304.7,24.57663083
1518223800000,1304.9,1302.8,1304.7,1303.7,6.4088524
1518223860000,1304.9,1302.6,1302.8,1304.9,27.03674259
1518223920000,1304.9,1302.8,1304.8,1302.8,26.80503821
1518223980000,1304.6,1301.5,1304.6,1301.5,5.53640824
1518224040000,1308,1301.8,1303.3,1308,6.52920259
1518224100000,1303.2,1303.2,1303.2,1303.2,0.76734193
1518224160000,1305,1303.7,1305,1305,5.78506629
1518224220000,1308.2,1305,1305,1305.1,19.99488319
1518224280000,1307.8,1303.8,1305.1,1306.9,10.33497496
1518224340000,1308,1304,1306.8,1308,5.05848565
1518224400000,1307.3,1302.4,1307.2,1304.7,9.73995224
1518224460000,1303,1301,1302.7,1303,7.59665575
1518224520000,1304.6,1301,1304.6,1301.7,33.24270294
1518224580000,1303.4,1301,1301.3,1301,27.82702648
1518224640000,1301,1298.8,1301,1298.8,19.79982047
1518224700000,1302.3,1295.1,1301.1,1295.1,44.15260524
1518224760000,1296.9,1293.8,1296.9,1293.8,49.11665011
1518224820000,1303,1293.8,1294,1303,73.06943696
1518224880000,1306.4,1299.9,1304.8,1300.4,64.86007243
1518224940000,1307.7,1300,1303.9,1300.1,318.67597947
1518225000000,1301,1299,1300,1300,51.60295622
1518225060000,1300.1,1300.1,1300.1,1300.1,0.7691716
1518225120000,1301.8,1300.1,1300.1,1301.8,20.80417917
1518225180000,1302.2,1300.1,1300.3,1300.8,10.78706783
1518225240000,1304,1300.5,1300.9,1303.8,25.30053628
1518225300000,1302.4,1298.2,1300.4,1301.1,10.17793493
1518225360000,1301,1298,1301,1298,28.58089874
1518225420000,1301,1297.9,1299.7,1297.9,18.40300026
1518225480000,1302.2,1295.5,1298,1301.3,15.3191639
1518225540000,1298.2,1298.1,1298.1,1298.2,9.00916943
1518225600000,1296.4,1295,1296.4,1295.8,2.19928573
1518225660000,1298.7,1296.2,1296.3,1297.9,15.00333075
1518225720000,1298.7,1295,1298.6,1295.1,10.47420967
1518225780000,1295.9,1294.7,1295,1295.9,3.85295204
1518225840000,1297.4,1294.1,1295,1294.1,7.44816642
1518225900000,1296.3,1295.5,1296.2,1296.3,2.19922936
1518225960000,1297.1,1296.4,1296.4,1297.1,1.34342058
1518226020000,1298,1295.4,1295.4,1295.6,3.14185015
1518226080000,1298.3,1294.9,1298.2,1298.1,7.56465434
1518226140000,1298.3,1295,1298.1,1298,7.95077494
1518226200000,1298.7,1296.2,1296.2,1298.7,12.94957327
1518226260000,1298.6,1297.9,1298.6,1297.9,3.88637942
1518226320000,1298.4,1296.5,1298.3,1296.5,2.17486745
1518226380000,1296.6,1292.6,1296.3,1293.5,27.25175553
1518226440000,1294.1,1291.9,1293.4,1291.9,28.0626997
1518226500000,1293,1291.9,1293,1292.7,1.19189372
1518226560000,1294.2,1292.7,1292.7,1294.2,5.87377469
1518226620000,1295.4,1294.1,1294.1,1295.4,4.52859285
1518226680000,1297.2,1293.2,1295.7,1293.2,13.07033415
1518226740000,1297.2,1296.9,1297,1296.9,2.31861419
1518226800000,1296.9,1293.1,1296.9,1293.1,10.76617737
1518226860000,1292.8,1292,1292,1292,6.54121899
1518226920000,1292.4,1292.4,1292.4,1292.4,0.77332809
1518226980000,1295,1289.9,1292.3,1291.2,72.27445709
1518227040000,1291.6,1288.9,1291.6,1288.9,28.76054205
1518227100000,1290.1,1288.9,1288.9,1290.1,11.2333292
1518227160000,1289.4,1286,1289.4,1286,8.30048267
1518227220000,1289.6,1283.8,1286,1289.6,24.626327
1518227280000,1289,1288.9,1289,1288.9,0.97585538
1518227340000,1288.9,1284.3,1288.9,1288.2,1.75881483
1518227400000,1288.2,1287.9,1288.2,1288,1.94757866
1518227460000,1287.9,1283.3,1287.9,1283.3,31.46059337
1518227520000,1285.6,1282.1,1283.3,1282.1,8.0953613
1518227580000,1284.1,1281.9,1282.1,1281.9,8.13076741
1518227640000,1282.8,1281.9,1281.9,1281.9,53.23579857
1518227700000,1282,1276.1,1282,1281.1,69.07587006
1518227760000,1282.9,1281.1,1281.1,1282.9,2.75810162
1518227820000,1286.6,1282.9,1282.9,1286.6,8.30813645
1518227880000,1287.3,1283.6,1283.6,1287.3,4.71904456
1518227940000,1285.7,1283.4,1285.7,1283.4,2.92094545
1518228000000,1285.4,1283.3,1285.3,1283.4,4.89845087
1518228060000,1283.4,1276.7,1283.4,1276.7,38.90962569
1518228120000,1282.5,1278.1,1278.1,1281.8,5.47675645
1518228180000,1281.7,1280,1280.9,1281,6.79558959
1518228240000,1281.5,1280.5,1281.5,1280.5,1.56177466
1518228300000,1282.3,1277.2,1277.2,1282.3,12.96410088
1518228360000,1285.9,1281.3,1281.5,1284,39.19161614
1518228420000,1285.9,1281.1,1284.1,1285.9,14.95387441
1518228480000,1287.3,1283.6,1287.3,1283.6,2.87039004
1518228540000,1289.9,1286.5,1286.5,1288.6,6.9008197
1518228600000,1287.2,1281.2,1286.5,1281.8,19.160799
1518228660000,1290.5,1285.7,1285.7,1290.5,13.15368287
1518228720000,1290,1290,1290,1290,0.77507363
1518228780000,1290.6,1290.6,1290.6,1290.6,0.774
1518228840000,1290.6,1288.1,1290.6,1288.1,6.068666
1518228900000,1288.4,1285.7,1286.1,1288.2,3.73798709
1518228960000,1295,1289.1,1289.1,1294.8,33.65383227
1518229020000,1294.7,1291.4,1294,1293.7,2.40469149
1518229080000,1291.4,1290.3,1291.4,1290.3,2.29909799
1518229140000,1291.1,1288.1,1290.8,1288.1,8.66337349
1518229200000,1288.1,1287.9,1288,1288,53.29296418
1518229260000,1288.1,1286,1288,1286.6,26.869348
1518229320000,1289.8,1288,1288.1,1288,2.69710128
1518229380000,1293.3,1288,1288,1290.9,5.78769167
1518229440000,1293.9,1290.2,1293.2,1293,4.73075681
1518229500000,1292,1289,1292,1291.4,19.17645514
1518229560000,1292.6,1289.3,1290.1,1292.6,17.81603509
1518229620000,1292.6,1290,1290,1290,17.37582044
1518229680000,1289.8,1289,1289.8,1289,1.85357594
1518229740000,1292.3,1289.1,1289.2,1289.1,5.83775693
1518229800000,1291.5,1289.1,1291.4,1289.1,0.94545625
1518229860000,1291.7,1289.1,1289.1,1289.1,4.35626126
1518229920000,1290.6,1288,1289.1,1290.6,10.52963657
1518229980000,1290.6,1283,1290.6,1288.2,53.25142269
1518230040000,1288.1,1283,1287.7,1285.1,51.64758346
1518230100000,1286.4,1284.5,1284.6,1286.2,3.9477189
1518230160000,1287.4,1284.6,1284.6,1287.4,3.23867436
1518230220000,1287.5,1286.3,1286.3,1287.4,9.0411001
1518230280000,1287.6,1287.4,1287.5,1287.5,17.64089437
1518230340000,1290.2,1287.5,1287.5,1290,24.63762
1518230400000,1289.9,1287,1289.9,1287,35.26484972
1518230460000,1287.4,1284.5,1287.3,1286,3.82492893
1518230520000,1286,1286,1286,1286,0.524403
1518230580000,1289.6,1289.5,1289.5,1289.5,1.35822
1518230640000,1289.6,1289.5,1289.6,1289.6,1.49707334
1518230700000,1291.4,1288.4,1288.4,1289.9,4.10568525
1518230760000,1293.2,1290.2,1291.5,1291.1,4.46119174
1518230820000,1293.5,1292.5,1293.2,1292.8,4.18038689
1518230880000,1296.9,1292.1,1292.1,1293.1,20.31580333
1518230940000,1297.8,1293.1,1293.1,1297.8,44.98408566
1518231000000,1298.6,1297.8,1297.8,1297.9,0.87041603
1518231060000,1298.4,1295.7,1296.5,1296.9,6.53924476
1518231120000,1302.9,1297.1,1297.1,1302,78.15578747
1518231180000,1302.1,1302,1302,1302,48.62518247
1518231240000,1302,1298.6,1302,1298.8,562.46806975
1518231300000,1301.9,1298.1,1298.8,1298.4,5.01029467
1518231360000,1302.6,1298.4,1298.8,1302.6,4.18917868
1518231420000,1306.8,1302.6,1302.6,1304.3,2.4990656
1518231480000,1303.6,1301.7,1303.6,1303.4,6.12258305
1518231540000,1306,1303.4,1303.4,1306,7.12398048
1518231600000,1308.9,1306,1306,1306.1,7.58435447
1518231660000,1309.9,1306.2,1306.2,1309.5,2.98600552
1518231720000,1309.3,1304.1,1309.3,1308.9,6.3083607
1518231780000,1309.9,1303.9,1308.8,1309.8,9.72979842
1518231840000,1315.9,1308.7,1308.7,1315.1,227.1975421
1518231900000,1315.2,1315,1315,1315,39.65646657
1518231960000,1317.5,1315,1315.2,1315.1,31.88646947
1518232020000,1317,1315,1316.1,1315.6,17.906023
1518232080000,1318,1315.1,1315.1,1315.1,13.10670795
1518232140000,1320.3,1315.1,1315.1,1320,114.51265622
1518232200000,1325,1320,1320,1322.1,40.47822861
1518232260000,1324.9,1321,1322,1324.4,24.00442214
1518232320000,1325.7,1324.4,1324.4,1325,21.08238029
1518232380000,1328.3,1325,1325,1325.8,53.93721238
1518232440000,1329,1325.1,1325.8,1325.8,47.46354936
1518232500000,1332.8,1325.8,1325.9,1328.9,86.57546264
1518232560000,1335,1328.9,1328.9,1334.6,35.66537082
1518232620000,1335.8,1333.8,1335,1335.8,52.99561382
1518232680000,1345.5,1333.8,1333.8,1342,159.19061374
1518232740000,1348,1341.4,1341.4,1347.8,74.07907171
1518232800000,1361.9,1347.8,1348,1361.1,723.89424359
1518232860000,1375.4,1360,1360,1370,323.04550907
1518232920000,1380,1369.8,1370,1379.2,98.06505768
1518232980000,1380,1372.7,1376.7,1375,81.75540919
1518233040000,1371.8,1360.9,1371.8,1361,140.3384621
1518233100000,1375.2,1361,1363,1375.2,193.69203114
1518233160000,1379,1370.4,1370.4,1378.7,84.48061753
1518233220000,1382.3,1376.4,1376.4,1382.3,137.71723291
1518233280000,1385,1378,1378.9,1379.8,96.70532221
1518233340000,1383.4,1378.2,1379.7,1379,103.15543411
1518233400000,1380,1372.1,1379.1,1374.8,69.62671674
1518233460000,1373,1365.6,1373,1365.6,58.17070303
1518233520000,1367,1364,1367,1366.3,12.41626632
1518233580000,1370,1365,1366.5,1370,40.31491854
1518233640000,1370.3,1364.5,1370.1,1367.9,46.62907243
1518233700000,1369.2,1366.3,1366.3,1367.4,10.53924675
1518233760000,1374.8,1369,1369,1369.5,7.06917577
1518233820000,1374.9,1369.2,1370.2,1370.9,20.23049614
1518233880000,1374.9,1369.3,1370.8,1370,20.81676278
1518233940000,1374.9,1370,1370.2,1374.5,8.76281674
1518234000000,1375,1370.9,1374.9,1370.9,17.35283693
1518234060000,1371,1368.7,1370.9,1370.7,6.27057787
1518234120000,1370.6,1363.6,1370.6,1363.7,67.93421425
1518234180000,1366.6,1360.7,1363.8,1362.6,22.12022717
1518234240000,1364.5,1362.9,1362.9,1363.8,6.3359629
1518234300000,1367.3,1360.1,1364.5,1361.9,16.72188677
1518234360000,1363.5,1355.6,1363.4,1355.6,51.88048451
1518234420000,1357.2,1349.2,1355.7,1352.3,90.14712937
1518234480000,1350.6,1346.4,1350.6,1350.1,61.48312909
1518234540000,1349,1345.7,1348,1347,25.10642866
1518234600000,1348.7,1345,1346.2,1345,29.99057108
1518234660000,1345.1,1331.3,1345,1339.6,235.38311189
1518234720000,1351.8,1339.6,1339.6,1351,98.90325625
1518234780000,1351.1,1345.1,1351,1345.6,98.18379957
1518234840000,1346,1341.5,1345.6,1341.7,19.035286
1518234900000,1342.8,1340.2,1342.8,1342,9.98389843
1518234960000,1344.1,1341.7,1341.8,1343.7,28.81301973
1518235020000,1341.7,1341,1341.7,1341,1.27210478
1518235080000,1347.7,1342.1,1343.8,1346,11.20846994
1518235140000,1349,1346,1346.4,1347,56.45072314
1518235200000,1347.9,1346.5,1347,1346.5,44.02458515
1518235260000,1345.8,1343.9,1344.4,1345,8.79817179
1518235320000,1346.4,1345,1345,1345.9,6.08577
1518235380000,1346.5,1344.9,1345.9,1345,91.65003311
1518235440000,1346.2,1343.8,1345.1,1343.8,14.0099523
1518235500000,1344.4,1342.3,1343.8,1342.3,38.7069919
1518235560000,1341,1333.5,1341,1333.5,63.08361164
1518235620000,1336.1,1333.5,1333.5,1333.5,24.6951145
1518235680000,1334.7,1330.3,1334.7,1330.3,27.39026138
1518235740000,1330.7,1330,1330.2,1330.4,43.3872967
1518235800000,1332.8,1332.5,1332.8,1332.8,3.77160012
1518235860000,1333.4,1331.1,1331.1,1331.2,5.82415857
1518235920000,1333,1330,1332.8,1330,15.14131855
1518235980000,1330.6,1330,1330,1330.1,21.05260721
1518236040000,1330.8,1326.6,1330.1,1326.6,22.49471719
1518236100000,1328.3,1326,1328.2,1328.3,9.09566786
1518236160000,1330.7,1326.3,1329,1327.8,19.91484203
1518236220000,1329.4,1325,1329.3,1325,11.50665203
1518236280000,1328.4,1326.6,1328.4,1328.4,2.77405154
1518236340000,1330.3,1326.7,1326.8,1330.3,16.91406053
1518236400000,1332.4,1327.1,1330.7,1332,5.85149855
1518236460000,1332.9,1331,1331,1331.2,2.32112211
1518236520000,1340.4,1331,1333,1339.6,36.0750442
1518236580000,1339.4,1336.7,1339,1336.8,8.79830982
1518236640000,1336.9,1332.7,1336.9,1333,52.0176688
1518236700000,1333,1332,1332,1332.1,5.69745127
1518236760000,1333,1331.1,1332.1,1331.1,18.32069227
1518236820000,1332.6,1327,1331.1,1327.1,9.35085252
1518236880000,1328,1325.5,1327.1,1325.5,5.09887656
1518236940000,1330,1321.8,1325.8,1330,47.19143949
1518237000000,1325.8,1325.3,1325.5,1325.4,7.7429917
1518237060000,1329,1325.4,1325.7,1329,6.91587318
1518237120000,1333.4,1327.9,1327.9,1329.8,44.12116206
1518237180000,1333.4,1328.3,1332.8,1331.4,4.97733316
1518237240000,1331.6,1328.4,1331.3,1331.6,6.63135322
1518237300000,1336.2,1331.8,1331.8,1334.1,28.34909329
1518237360000,1338.7,1334.1,1334.1,1334.2,8.95594406
1518237420000,1335.5,1334.5,1335.5,1334.5,0.84850299
1518237480000,1335.5,1332.7,1335.5,1332.7,4.65477677
1518237540000,1335,1332.4,1334.5,1334.8,7.46437232
1518237600000,1335,1331.7,1334.7,1334.3,4.82739911
1518237660000,1334.7,1329.1,1334.2,1334.5,2.41036298
1518237720000,1335,1332.1,1334.5,1335,1.504567
1518237780000,1335,1333.5,1335,1334.9,2.41417486
1518237840000,1336.7,1334.9,1335,1336.7,24.8781293
1518237900000,1341.6,1337.3,1337.7,1341.5,3.50304987
1518237960000,1345.3,1339.4,1341.5,1342.7,13.751924
1518238020000,1345.5,1343,1343.7,1344.6,9.11348033
1518238080000,1344,1343.7,1343.8,1343.8,5.66771488
1518238140000,1348.6,1343.8,1343.8,1344,26.97165829
1518238200000,1347.2,1340.2,1345.7,1340.5,18.56193679
1518238260000,1341.5,1333.2,1340,1338.5,37.94220374
1518238320000,1341.5,1337.9,1338.5,1339.3,36.42936608
1518238380000,1338.5,1335.9,1338.5,1337.9,6.84274562
1518238440000,1337.9,1330.9,1334.3,1336.4,64.76084097
1518238500000,1334.2,1329.2,1333.4,1330.2,39.4617877
1518238560000,1333.2,1326.5,1331.2,1333.2,71.75182212
1518238620000,1334.1,1329.4,1329.5,1334.1,15.097219
1518238680000,1334,1329.9,1332.5,1329.9,25.61587713
1518238740000,1330,1329,1330,1330,7.3895427
1518238800000,1330,1327,1330,1329.2,16.74556802
1518238860000,1330,1329.3,1329.3,1329.9,8.91817859
1518238920000,1337.3,1329.9,1329.9,1333.5,75.0665
1518238980000,1335.9,1333.4,1333.5,1335.9,4.91695527
1518239040000,1334.9,1331.8,1333.5,1334,8.90960474
1518239100000,1333.6,1330.5,1330.8,1333.6,5.86408974
1518239160000,1333.6,1331.1,1331.1,1333.6,4.00629179
1518239220000,1339.5,1332.8,1333.6,1333,22.10367959
1518239280000,1337.1,1332.9,1335.9,1336.3,5.8976694
1518239340000,1336.3,1332.7,1336.3,1335.6,10.83380372
1518239400000,1336,1335.6,1335.9,1335.7,5.74640872
1518239460000,1337.7,1334,1335.7,1337,5.55082522
1518239520000,1337,1337,1337,1337,0.93590529
1518239580000,1337.8,1337.3,1337.6,1337.8,5.2672
1518239640000,1341.2,1338,1340,1339,7.55792291
1518239700000,1341.4,1339,1340.3,1341.4,10.22012995
1518239760000,1341.4,1340,1340.3,1341.4,4.41187095
1518239820000,1341.4,1340.4,1341.4,1341.3,4.24140516
1518239880000,1346.7,1341.3,1341.4,1346.7,17.97414788
1518239940000,1347,1345.1,1346.8,1345.1,3.70438183
1518240060000,1345.1,1345.1,1345.1,1345.1,0.2749677
1518240120000,1345.1,1345.1,1345.1,1345.1,3.52906031
1518240180000,1347,1343.7,1343.7,1347,5.48788045
1518240240000,1349.6,1343,1343.7,1349.6,25.72106869
1518240300000,1349.5,1344.2,1347.6,1349.5,8.31749457
1518240360000,1349.6,1346.5,1348.8,1346.6,6.23307448
1518240420000,1346.9,1346.4,1346.9,1346.4,7.5977855
1518240480000,1347.1,1346.9,1347.1,1347,3.28118413
1518240540000,1352.2,1346.3,1346.3,1352.2,4.53834669
1518240600000,1352.4,1347.3,1347.6,1348.5,6.6400961
1518240660000,1350,1348.2,1348.6,1350,4.0877
1518240720000,1355.5,1347,1347.3,1347.5,60.65401024
1518240780000,1349.7,1348.1,1349.7,1348.5,7.80856084
1518240840000,1349,1347.6,1348.6,1347.6,7.61425553
1518240900000,1351,1347.4,1347.6,1347.4,36.42736121
1518240960000,1347.4,1346.7,1347.4,1346.7,5.49529971
1518241020000,1346.3,1344.6,1346.3,1346.2,2.09802381
1518241080000,1345.1,1342,1345.1,1342,70
1518241140000,1342.4,1342,1342.4,1342.1,11.38802929
1518241260000,1342.1,1342,1342.1,1342.1,3.42358166
1518241320000,1342,1340,1342,1341.4,13.7799415
1518241380000,1345,1340.3,1341.5,1344.9,13.04595272
1518241440000,1344.5,1342.8,1344.5,1342.8,4.51586271
1518241500000,1342.4,1341.8,1342.4,1341.8,3.6256381
1518241560000,1345,1341.8,1341.8,1344.8,1.54601965
1518241620000,1344.9,1344.8,1344.8,1344.9,0.52103
1518241680000,1344.8,1344.8,1344.8,1344.8,1
1518241740000,1344.8,1342.5,1342.9,1344.8,4.140329
1518241800000,1346.4,1344.7,1344.7,1346.4,21.119593
1518241920000,1344.3,1337.3,1344.3,1342.4,60.80193558
1518241980000,1342.3,1341.2,1342.3,1342.3,5.09157735
1518242040000,1342,1338.6,1341.9,1341.4,37.493535
1518242100000,1342.8,1338.6,1339.9,1342.8,39.26631042
1518242160000,1343.3,1340.1,1342.2,1343.3,19.41824321
1518242220000,1342.6,1342.6,1342.6,1342.6,3.72411738
1518242280000,1344,1343,1344,1343.2,1.96956
1518242340000,1343,1342.2,1343,1343,1.11801
1518242400000,1344,1340.9,1343,1344,29.21225679
1518242460000,1344,1338.8,1342.4,1338.8,35.61724363
1518242520000,1340.7,1337.5,1338.8,1340.7,26.89662274
1518242640000,1338.7,1338.7,1338.7,1338.7,0.55432
1518242700000,1338.7,1338,1338.7,1338,1.22707151
1518242760000,1338,1337.6,1338,1338,6.81272864
1518242820000,1342.1,1337,1338,1342.1,10.02895164
1518242940000,1341.2,1340.1,1340.1,1341.2,0.15
1518243000000,1341.8,1340.1,1340.1,1341.1,5.95106485
1518243060000,1341.1,1339.9,1341.1,1339.9,3.94775022
1518243120000,1341.1,1336.9,1341.1,1339.5,18.67534574
1518243180000,1344,1339.3,1339.7,1344,35.17498099
1518243240000,1353.2,1344,1344,1353.2,163.46489502
1518243300000,1353.8,1351,1353.1,1351.3,38.16704618
1518243360000,1353.7,1351,1353.7,1351,3.86222938
1518243420000,1356.5,1349.7,1352.9,1356.1,65.25
1518243480000,1356.2,1352.5,1355.2,1355.2,10.32685767
1518243540000,1354.3,1352.1,1354.3,1352.7,8.22979914
1518243600000,1355.3,1353,1353,1355,5.26509327
1518243660000,1355.7,1355,1355,1355.7,0.15974397
1518243720000,1355.7,1355,1355,1355,27.57022976
1518243780000,1355.7,1352,1355.7,1353,33.468561
1518243840000,1356.2,1350.1,1352.5,1350.3,15.66978159
1518243900000,1350.4,1348.5,1350.2,1350.4,3.21016874
1518243960000,1352.6,1350.5,1350.5,1352.1,3.9325
1518244020000,1354.9,1350.6,1350.6,1351.3,12.72286534
1518244080000,1350.7,1350.5,1350.7,1350.5,23.63866818
1518244140000,1347.8,1347.4,1347.4,1347.8,5.15010853
1518244200000,1349.4,1343.5,1347.8,1343.9,11.59701392
1518244260000,1350.4,1340.8,1347.8,1350.1,24.29397611
1518244440000,1349.5,1347,1347.9,1347.2,9.11407058
1518244500000,1347.9,1346.1,1346.1,1347.8,5.49547229
1518244560000,1348.2,1344.6,1348.2,1344.8,9.08334
1518244620000,1348,1344.9,1344.9,1348,4.52344953
1518244680000,1348.3,1345.7,1348.3,1345.8,2.449759
1518244740000,1348,1345.7,1345.8,1348,5.36819
1518244800000,1349.5,1346.1,1346.1,1347.2,14.11367916
1518244860000,1349.9,1347,1348.4,1348,15.50376956
1518244920000,1350.5,1349.1,1349.1,1350.5,2.82682888
1518244980000,1350.5,1349.6,1350.1,1349.6,7.42164459
1518245040000,1352.3,1348.4,1350.4,1350.4,81.07405272
1518245100000,1350.5,1350.4,1350.4,1350.5,16.40419064
1518245160000,1350.5,1350.4,1350.4,1350.5,3.73307217
1518245220000,1353.3,1350.5,1350.6,1353.3,6.57894847
1518245280000,1352.8,1350.5,1352.8,1350.5,4.51700947
1518245340000,1353.4,1350.8,1350.8,1353.4,7.61985022
1518245400000,1352.8,1350.8,1352.8,1350.9,9.02459221
1518245460000,1350.7,1350.4,1350.7,1350.4,8.3642
1518245520000,1350.8,1350.6,1350.6,1350.8,1.37637
1518245580000,1358.2,1351,1351,1356.9,53.29561206
1518245640000,1356.9,1354,1354,1356.3,9.11102019
1518245700000,1354.3,1354.3,1354.3,1354.3,5.69037696
1518245760000,1356.9,1354,1356.8,1355.3,12.67469198
1518245820000,1362.1,1358,1358,1361.7,74.92825
1518245880000,1362.5,1359.4,1361.8,1361,30.14159463
1518245940000,1361,1360.1,1361,1360.1,3.3227003
1518246000000,1361.1,1357.6,1361.1,1358.3,67.29057911
1518246060000,1360.3,1357.8,1358.1,1357.9,11.47385968
1518246120000,1358.2,1356,1357.9,1358.2,8.92509594
1518246180000,1361.1,1357.2,1357.2,1361.1,2.98047394
1518246240000,1365.8,1360,1360,1360.1,39.83818152
1518246300000,1362.9,1360.1,1360.3,1362.9,7.3913003
1518246360000,1363,1359.3,1362,1362.9,9.21290839
1518246420000,1362.9,1362.3,1362.3,1362.9,10.72
1518246480000,1362.1,1360,1362.1,1360,4.5608174
1518246540000,1360,1351.1,1360,1354.3,10.53840269
1518246600000,1354.4,1349.2,1354.1,1351.7,59.228642
1518246660000,1350.8,1344.6,1350.8,1348.6,28.54822698
1518246720000,1353.6,1348.7,1348.7,1352.1,17.4028685
1518246780000,1351.9,1348.6,1351.9,1348.8,15.55747505
1518246840000,1349,1340,1348.5,1340.8,37.39285537
1518246900000,1341,1333.2,1340.2,1341,136.22095487
1518246960000,1348.4,1341.8,1341.8,1345.6,50.58525816
1518247020000,1351.2,1346.9,1347.6,1347.3,21.87955328
1518247080000,1347.9,1341,1347.9,1341,47.74002776
1518247140000,1345.6,1336.8,1342.9,1341.4,27.11139946
1518247200000,1344.9,1341.7,1344.9,1341.7,5.10337108
1518247260000,1342.7,1339.4,1341.7,1341.2,14.58282865
1518247320000,1340.6,1337.7,1340.6,1337.7,0.42812078
1518247380000,1342.6,1337.6,1337.7,1342.6,5.00254302
1518247440000,1345,1342.6,1342.6,1345,9.15945179
1518247500000,1347.4,1346.1,1347.4,1346.1,9.1
1518247560000,1347.4,1343.2,1347,1345.9,1.031666
1518247620000,1345.9,1345.9,1345.9,1345.9,0.0365
1518247680000,1351.6,1344.4,1344.4,1348.3,43.12082071
1518247740000,1349.7,1346.8,1349.7,1346.8,43.00774755
1518247800000,1350.1,1346.6,1346.6,1350.1,6.486
1518247860000,1350.7,1347.5,1347.5,1349.9,1.43123592
1518247920000,1350.7,1350,1350.7,1350,0.84958686
1518247980000,1351.6,1350,1351.6,1350,3.36
1518248040000,1351.6,1350,1351.6,1351.6,11.0252
1518248100000,1351.4,1346.7,1351.1,1346.7,3.97019577
1518248160000,1346.1,1343.4,1346.1,1345.1,7.10008282
1518248220000,1345,1345,1345,1345,0.425
1518248280000,1345,1345,1345,1345,0.70125714
1518248340000,1345.4,1343,1345,1343.5,8.83338815
1518248400000,1343.4,1341,1343.4,1343.4,14.84250503
1518248460000,1345.1,1341,1341,1343.6,11.13982813
1518248520000,1345.5,1343.6,1343.6,1345.5,5.62983195
1518248580000,1347.9,1342.5,1343.9,1343.3,4.00610219
1518248640000,1345.8,1341.5,1345.7,1344.9,8.97638133
1518248700000,1343.1,1335,1343.1,1342,41.62465238
1518248760000,1338.5,1338.5,1338.5,1338.5,2.8936
1518248820000,1340.2,1338.6,1339.8,1339.5,2.43874
1518248880000,1339.4,1332.7,1337.6,1336.3,51.23529454
1518248940000,1335.5,1332.6,1335.5,1334.9,7.18877173
1518249000000,1340,1334.4,1335.1,1340,37.37840947
1518249060000,1340,1334.5,1337.4,1334.7,5.47502087
1518249120000,1334.7,1332.4,1334.7,1333.4,11.87177269
1518249180000,1335.4,1332.4,1333.3,1335.3,19.52261785
1518249240000,1337.2,1334.6,1335.7,1335.7,18.27226751
1518249300000,1338.6,1334.6,1335.8,1335.5,27.66557705
1518249360000,1336.1,1332.4,1335.6,1334.6,14.96106943
1518249420000,1334.6,1334.6,1334.6,1334.6,3.64509746
1518249480000,1335,1332.4,1333.3,1333.9,9.71984203
1518249540000,1336,1335,1335.4,1335,6.87854487
1518249600000,1335.1,1332.4,1335,1334.2,21.8401
1518249660000,1333.9,1328,1333.9,1329.5,53.37836396
1518249720000,1329.8,1321.2,1328.9,1329.3,100.9754762
1518249780000,1328.3,1321.4,1328.3,1325.2,9.43399107
1518249840000,1325.9,1318.1,1323.9,1320.2,54.87256353
1518249900000,1324,1317.7,1320.1,1318.8,16.88887891
1518249960000,1319.6,1318.4,1318.5,1318.9,2.66944752
1518250020000,1319,1318.3,1318.9,1319,6.23981318
1518250080000,1319,1314.3,1319,1315,17.21201536
1518250140000,1319.7,1314.5,1319.7,1314.5,4.89193224
1518250200000,1320,1317.4,1318.8,1317.5,15.5072636
1518250260000,1318.5,1313,1318.5,1313,15.49175078
1518250320000,1315,1313,1315,1314.8,15.16946535
1518250380000,1318.8,1313,1315.9,1313,12.81706199
1518250440000,1316,1313.9,1316,1313.9,3.79888888
1518250500000,1316.4,1313,1313.3,1316.4,10.21732122
1518250560000,1320.4,1316.2,1316.2,1316.2,16.044032
1518250620000,1320,1313.3,1317.9,1313.3,22.76933757
1518250680000,1317.5,1313.1,1313.4,1317.5,23.52019123
1518250740000,1316.2,1314.1,1314.9,1316.2,9.23368094
1518250800000,1317.1,1313.6,1315,1313.6,7.8872
1518250860000,1315,1314.1,1314.1,1315,2.72308
1518250920000,1317.4,1315,1315,1315,12.52032976
1518250980000,1315.1,1313,1315.1,1313,50.44604885
1518251040000,1313,1309,1313,1309,87.33646638
1518251100000,1311,1306.3,1309,1311,55.07868
1518251160000,1309,1306,1309,1308.8,14.36084249
1518251220000,1306.8,1302.7,1306.8,1302.7,19.36253775
1518251280000,1305.5,1302,1305.5,1302,17.72764715
1518251340000,1303,1302,1302.5,1302,25.26595277
1518251400000,1302.4,1298.5,1302,1298.5,92.51245373
1518251460000,1299.2,1292.3,1298.5,1295.8,31.10759056
1518251520000,1295.7,1290,1292.4,1290.6,15.71510787
1518251580000,1296,1286.4,1293,1286.4,73.02419983
1518251640000,1288.9,1281.1,1286.1,1283,68.94427461
1518251700000,1284.5,1278.8,1282.5,1278.8,47.16969143
1518251760000,1284.4,1277.4,1279.5,1277.4,40.01024876
1518251820000,1278.2,1274,1278.2,1274,78.25438169
1518251880000,1276.5,1272.5,1274,1272.6,53.01650346
1518251940000,1275.9,1272,1272.6,1275.9,27.51775743
1518252000000,1273,1267,1273,1267,70.19426307
1518252060000,1269.3,1259.6,1267,1260,145.24922827
1518252120000,1271.4,1258,1260,1269.6,107.48550134
1518252180000,1275.7,1269,1269.5,1273,100.72709658
1518252240000,1275.8,1273,1273.4,1273,23.24882477
1518252300000,1276.8,1273,1273,1273,21.62658239
1518252360000,1273,1268.6,1273,1269.2,53.89963584
1518252420000,1269.3,1267.3,1268.7,1269.3,53.34565386
1518252480000,1273.2,1267.1,1267.1,1269.5,74.7298312
1518252540000,1274.3,1270,1270.2,1271.5,11.01621976
1518252600000,1276.9,1271.7,1271.9,1274,79.73909193
1518252660000,1274,1271.2,1274,1271.2,19.92397403
1518252720000,1271,1266,1270.1,1268.5,14.27230617
1518252780000,1273.9,1268.5,1268.8,1271.8,25.31000468
1518252840000,1276.3,1271.8,1271.8,1275.8,12.74452928
1518252900000,1275.7,1263.6,1275.7,1263.6,25.12934031
1518252960000,1265.6,1260,1265,1260,40.00815955
1518253020000,1260.5,1257,1260.5,1259,25.36404966
1518253080000,1258.6,1251.8,1257,1257,336.9595095
1518253140000,1256.9,1251.6,1252.1,1252.2,14.77567153
1518253200000,1254,1250.8,1252.1,1251,34.54901926
1518253260000,1252.5,1246.4,1251.2,1249.1,135.13907285
1518253320000,1251.9,1246.7,1248,1249.5,44.53553102
1518253380000,1250,1242,1249.3,1249.7,209.21930159
1518253440000,1250,1247.8,1250,1250,169.62369077
1518253500000,1250,1243.9,1249.9,1249.8,105.97048308
1518253560000,1252,1246.1,1246.1,1252,129.20838037
1518253620000,1257.4,1252,1252,1255.1,40.64955843
1518253680000,1261.6,1255.1,1258.3,1261.6,23.87663669
1518253740000,1269.1,1261.6,1261.6,1266,79.62038817
1518253800000,1266,1260,1265.8,1260,104.02957888
1518253860000,1264.1,1259.7,1259.7,1262.3,14.71012584
1518253920000,1264.3,1260,1262.3,1263.8,37.09946713
1518253980000,1264.8,1263.3,1263.7,1264.8,18.8662296
1518254040000,1268.4,1262,1264.8,1268.4,22.81862818
1518254100000,1271.4,1268.9,1268.9,1271,14.43007945
1518254160000,1271.9,1267.9,1271,1267.9,21.13840178
1518254220000,1267.8,1263.4,1267.8,1264.6,18.27750004
1518254280000,1270,1265.2,1266.2,1270,12.17589528
1518254340000,1271,1267.7,1270,1267.7,11.69748195
1518254400000,1270.3,1259.2,1270.3,1259.2,80.70770159
1518254460000,1261.6,1257.4,1259,1258.9,13.25481573
1518254520000,1261.1,1256.9,1258.9,1261,7.24745613
1518254580000,1258.5,1254.3,1258.5,1255.9,24.45717843
1518254640000,1262.8,1255.5,1255.9,1259.7,26.21500164
1518254700000,1264.1,1259.7,1259.7,1262,24.7505525
1518254760000,1266.1,1261.9,1262,1261.9,14.52086444
1518254820000,1263,1261.9,1261.9,1263,16.65312814
1518254880000,1269.1,1263.1,1264.6,1263.5,33.65938028
1518254940000,1264.5,1263,1264.5,1263,1.8824341
1518255000000,1265.9,1263,1264.5,1263.8,5.50322674
1518255060000,1269.7,1264,1264,1266.3,6.41428053
1518255120000,1275.5,1269.9,1269.9,1275.5,31.39143578
1518255180000,1277.2,1275.5,1275.5,1277.2,86.30867232
1518255240000,1277.2,1277.1,1277.2,1277.2,58.16530911
1518255300000,1277.1,1277,1277.1,1277.1,20.38402715
1518255360000,1277.2,1277.1,1277.1,1277.2,19.19554506
1518255420000,1277.2,1275.9,1277.2,1277.2,31.46690986
1518255480000,1277.2,1275.9,1277.2,1277.2,41.54255
1518255540000,1277.2,1276.8,1277.2,1277.2,22.94147131
1518255600000,1277.2,1275.9,1277.2,1277.2,37.73276902
1518255660000,1277.2,1275.9,1277.2,1277.2,15.62540005
1518255720000,1277.2,1277.1,1277.2,1277.2,45.15415638
1518255780000,1280,1276.8,1277.2,1280,41.95999198
1518255840000,1282.8,1277.1,1280.8,1282.8,16.14715716
1518255900000,1281,1277.4,1281,1280,4.16031788
1518255960000,1277.6,1275.1,1277.2,1277.6,51.05713186
1518256020000,1277.8,1275.7,1275.7,1277.8,14.25110106
1518256080000,1280.4,1277,1277.8,1280.4,5.83420809
1518256140000,1280.9,1280.9,1280.9,1280.9,0.00038271
1518256200000,1277.4,1276.6,1277.4,1276.6,9.65867079
1518256260000,1275.7,1267.2,1273.6,1271.4,30.67609309
1518256320000,1270.8,1260.2,1268.9,1265.9,221.56242112
1518256380000,1268.4,1263.6,1264.6,1266.6,10.74235323
1518256440000,1266.5,1261.1,1265.4,1261.1,7.62408658
1518256500000,1261.1,1257.3,1261.1,1259.8,39.44760723
1518256560000,1259.2,1253.5,1257.4,1254.5,36.88931896
1518256620000,1259.9,1251.1,1253.4,1259.9,24.37341461
1518256680000,1259.4,1256,1256.1,1258.6,7.44783954
1518256740000,1259,1256.1,1258.2,1256.1,12.43128134
1518256800000,1258.8,1254.5,1257.6,1255.7,7.32695946
1518256860000,1258,1256.3,1258,1256.6,1.212119
1518256920000,1258,1256.9,1256.9,1258,59.35525884
1518256980000,1258,1257.9,1258,1258,19.92229896
1518257040000,1261,1258,1258,1261,28.68169239
1518257100000,1265.7,1261,1261,1265.7,24.67455161
1518257160000,1267.6,1265.7,1265.7,1267.6,5.04848549
1518257220000,1267.6,1266.4,1267.6,1266.4,2.33404753
1518257280000,1266.7,1264.6,1265,1264.6,6.228
1518257340000,1267.6,1264,1264.9,1265.1,2.84009634
1518257400000,1267.5,1262.4,1267.5,1262.4,1.5440704
1518257460000,1264.5,1257.8,1262.4,1258.3,33.48882813
1518257520000,1264,1260.1,1262.3,1264,12.339
1518257580000,1262.1,1258.4,1259.6,1262,10.69456
1518257640000,1259.4,1255.7,1258.8,1257.3,14.64686712
1518257700000,1255.1,1252.2,1253.6,1255,10.347675
1518257760000,1257.3,1252,1253.9,1252,56.38568636
1518257820000,1256,1249.5,1256,1252.1,46.61368753
1518257880000,1256.1,1253.9,1253.9,1256,1.5913926
1518257940000,1255.9,1253.4,1255.9,1255.9,19.25525048
1518258000000,1261.7,1255.9,1255.9,1261.7,6.50214484
1518258060000,1265.6,1261.7,1261.7,1263.9,34.91095758
1518258120000,1264.3,1264.1,1264.3,1264.1,0.16293517
1518258180000,1263,1258.7,1262.4,1258.7,2.42655523
1518258240000,1258.7,1256,1258.7,1256,1.685173
1518258300000,1256,1254.7,1256,1254.7,3.76553847
1518258360000,1255,1254.7,1254.8,1254.7,1.37831504
1518258420000,1253.9,1253.9,1253.9,1253.9,0.31694903
1518258480000,1253.9,1253.9,1253.9,1253.9,1.42761
1518258540000,1254.6,1249.2,1254.6,1249.2,4.75907989
1518258600000,1249.8,1247.7,1249.2,1247.8,31.6600938
1518258660000,1249.4,1249.3,1249.4,1249.3,0.17240746
1518258720000,1250,1249.3,1249.3,1250,18.39380276
1518258780000,1255.6,1254,1254,1255.6,3.02
1518258840000,1253.4,1247.5,1253.4,1247.5,24.18879039
1518258900000,1246.8,1246.8,1246.8,1246.8,3.19
1518258960000,1246.7,1240.9,1246.7,1241.7,49.74935609
1518259020000,1245,1237.2,1241.6,1243.4,51.1030764
1518259080000,1247.1,1238.1,1242,1238.1,14.6810665
1518259140000,1242.8,1236.9,1242.8,1236.9,17.5717521
1518259200000,1238.2,1232.1,1238.2,1235.3,80.24807676
1518259260000,1235.6,1228,1232.1,1231.5,101.13037598
1518259320000,1236.5,1231.4,1231.5,1236.1,8.85237386
1518259380000,1240,1234,1235.7,1240,24.01478624
1518259440000,1242.6,1235.5,1240,1237.3,17.33203932
1518259500000,1240.4,1233.3,1240.4,1237.8,8.86156753
1518259560000,1238.9,1233.1,1233.1,1238.9,1.88711
1518259620000,1240.7,1235.4,1240.7,1238.9,4.94415551
1518259680000,1237,1234.8,1236,1234.8,1.55752951
1518259740000,1237.7,1234.8,1234.8,1237.7,1.07116245
1518259800000,1235,1233.3,1235,1233.3,8
1518259860000,1236.9,1236.6,1236.6,1236.7,3.21413
1518259920000,1235.2,1232.6,1233.3,1234.7,6.661855
1518259980000,1234.6,1233,1234.4,1234,8.92901343
1518260040000,1234.4,1232,1234.4,1234.1,8.49507059
1518260100000,1233.9,1230.7,1232.1,1233.9,3.50082336
1518260160000,1233.4,1230.4,1233.4,1232.7,12.918929
1518260220000,1233.4,1230.2,1230.4,1231,7.57013181
1518260280000,1236,1228.2,1231,1233.5,53.42263157
1518260340000,1236.3,1229,1235,1231.4,32.07761124
1518260400000,1238.1,1228.8,1230.8,1232.2,23.73197652
1518260460000,1237.9,1227.2,1229.8,1237.9,163.85707675
1518260520000,1235.4,1231.2,1231.2,1232.8,5.5089828
1518260580000,1237.9,1232,1234,1234.6,29.53656438
1518260640000,1237.3,1233.8,1235.5,1235.9,6.37521814
1518260700000,1239.4,1235,1235,1239.4,10.75031318
1518260760000,1239.2,1236.1,1236.1,1239.2,7.08466722
1518260820000,1244.3,1239.6,1239.6,1243.5,84.32653344
1518260880000,1244.4,1241,1243.5,1242.9,20.23446592
1518260940000,1243.9,1241.4,1242.9,1241.4,12.67580031
1518261000000,1246.4,1243.9,1243.9,1246.1,0.45130614
1518261060000,1246.4,1246.3,1246.4,1246.4,1.00140954
1518261120000,1248.5,1247,1247,1248.5,8.48869046
1518261180000,1250.6,1248.4,1248.5,1249.3,11.46236374
1518261240000,1253.6,1249.3,1249.3,1253.6,87.18820834
1518261300000,1253.6,1253,1253.1,1253,5.99537569
1518261360000,1253.6,1251,1253.3,1253.6,8.83742533
1518261420000,1253.7,1251.1,1253.5,1253.6,3.41043864
1518261480000,1255.7,1253.7,1253.7,1254.6,11.96000725
1518261540000,1256.2,1253.7,1254.3,1253.7,14.5008913
1518261600000,1253.7,1250.1,1253.7,1250.6,16.21903576
1518261660000,1253.5,1250.6,1250.7,1253.5,12.042
1518261720000,1257.4,1255,1255,1256.1,3.16623242
1518261780000,1258.9,1257.4,1257.4,1258,8.2116445
1518261840000,1259,1258.4,1258.5,1258.8,18.57523068
1518261900000,1264.4,1258.6,1258.9,1264.4,56.1475734
1518261960000,1268.2,1264.1,1264.3,1268.2,29.87685827
1518262020000,1271.6,1267.8,1268.2,1267.8,15.12253213
1518262080000,1271.2,1268.6,1271.2,1269.1,13.11265065
1518262140000,1271.4,1269.1,1271,1271.4,10.12719549
1518262200000,1272.1,1270.8,1271.4,1272.1,16.5836206
1518262260000,1279.9,1272,1272.1,1276.1,82.43130353
1518262320000,1276.8,1273.5,1274.7,1273.7,8.55154947
1518262380000,1274.6,1272.1,1274.6,1272.1,6.82857114
1518262440000,1274.8,1270.5,1272.1,1270.6,33.72794517
1518262500000,1270.6,1263.4,1270.6,1265.6,145.70744022
1518262560000,1274.1,1264.7,1265,1274,22.89564886
1518262620000,1272.6,1267.6,1272.6,1270,20.23833467
1518262680000,1268.7,1268.7,1268.7,1268.7,0.2972558
1518262740000,1269.9,1269.3,1269.3,1269.9,0.11119356
1518262800000,1277.5,1272.1,1272.1,1277.5,12.58116676
1518262860000,1274,1272.7,1273.9,1273.9,4.94560042
1518262920000,1276.8,1273.9,1274,1276.8,2.290665
1518262980000,1275.6,1274.1,1274.1,1275.6,2.11347119
1518263040000,1279.8,1276.1,1276.1,1279.8,3.2038
1518263100000,1279.7,1276,1279.7,1276.4,5.65828616
1518263160000,1278.8,1276.3,1278.8,1276.8,4.46841436
1518263220000,1275.8,1274.3,1275.7,1274.3,8.38878146
1518263280000,1274.5,1267.5,1274.5,1267.5,34.23792602
1518263340000,1267.8,1265.1,1267.8,1265.1,17.94593641
1518263400000,1269.1,1268.7,1268.7,1268.7,5.0042
1518263460000,1274.8,1268.9,1268.9,1269.8,57.06077527
1518263520000,1269.9,1269.6,1269.9,1269.6,0.43638244
1518263580000,1272.7,1272.5,1272.7,1272.6,0.81799
1518263640000,1272.9,1271.8,1271.9,1272.9,2.15695674
1518263700000,1271,1271,1271,1271,0.07540838
1518263760000,1269.3,1267.3,1269.2,1267.8,1.8
1518263820000,1275.3,1275.3,1275.3,1275.3,2.1951
1518263880000,1277.3,1273.5,1275.7,1275.7,3.29507
1518263940000,1276.9,1272,1272,1276.7,2.8617
1518264060000,1278,1274.1,1274.1,1274.4,1.38821449
1518264120000,1273.1,1272.6,1272.6,1272.9,0.83
1518264240000,1268.1,1264.1,1267.6,1265.7,7.36945908
1518264300000,1269.4,1265.7,1265.7,1267.7,2.57192042
1518264420000,1266.7,1262.1,1266.7,1262.1,4.72996029
1518264480000,1264.9,1263.7,1263.7,1264.9,1.07398146
1518264540000,1263.8,1263.8,1263.8,1263.8,0.03235444
1518264600000,1263.7,1261.7,1263.7,1261.7,10.10317846
1518264660000,1263,1257.7,1261.7,1261.4,18.83846256
1518264720000,1261.7,1256.7,1261.7,1260.8,4.57886758
1518264780000,1259.7,1255.1,1259.7,1256.1,4.28599994
1518264840000,1258,1255,1255.1,1257.1,3.62235226
1518264900000,1255,1250.4,1255,1250.4,17.59987394
1518264960000,1253,1245.6,1250.4,1249.3,14.86128387
1518265020000,1255,1245.2,1245.8,1255,49.90542218
1518265080000,1255.7,1251.1,1253.2,1251.1,13.86958
1518265140000,1251.1,1249.8,1251.1,1249.8,0.65718696
1518265200000,1250.2,1248.5,1248.5,1250,4.77641
1518265260000,1254.9,1248.9,1249.1,1251.7,2.50166582
1518265320000,1254,1251.7,1251.7,1254,1.81731
1518265380000,1258.8,1252.3,1254,1252.3,17.87317081
1518265440000,1256.5,1252.5,1252.5,1254.9,0.69787692
1518265500000,1253.3,1253.1,1253.2,1253.3,9.45303648
1518265560000,1259.1,1253.2,1253.2,1259.1,7.22365
1518265620000,1259.3,1253.8,1256.9,1257.4,2.78858924
1518265680000,1257.4,1255.8,1257.4,1256,8.10681831
1518265740000,1255.9,1255.8,1255.9,1255.8,10.0737
1518265800000,1255.9,1252.9,1255.9,1252.9,20.14204156
1518265860000,1254.6,1250.2,1250.5,1251.5,17.27574279
1518265920000,1251.1,1250.9,1250.9,1251.1,7.097181
1518265980000,1256.7,1252,1252,1256.7,12.01094177
1518266040000,1253.4,1252,1253.4,1252,0.26285678
1518266100000,1255.7,1250.9,1251.1,1255.7,8.92617398
1518266160000,1256.2,1256.2,1256.2,1256.2,0.2331
1518266220000,1256.2,1255.7,1256.2,1255.7,0.41333099
1518266280000,1256.7,1255.5,1255.5,1256.7,8.99408859
1518266340000,1257.8,1257.8,1257.8,1257.8,0.65467745
1518266400000,1258.8,1257.5,1257.5,1258.8,7.83593702
1518266460000,1267.4,1258.9,1258.9,1267.4,19.45711621
1518266520000,1267.5,1265.2,1267.2,1265.7,13.22097796
1518266580000,1265.7,1265.6,1265.7,1265.6,8.99670931
1518266640000,1265.6,1265.5,1265.5,1265.6,1.55915
1518266700000,1265.6,1263.1,1263.5,1265.2,5.22043776
1518266760000,1263.5,1261.4,1263.5,1261.4,4.60394437
1518266820000,1262.2,1260,1260.7,1261.9,19.94687581
1518266880000,1262.3,1260.1,1260.5,1262.3,6.00761708
1518266940000,1262,1261,1261.9,1261.8,5.473601
1518267000000,1261.7,1260,1261,1261.4,2.41660093
1518267060000,1260,1257,1260,1257,2.37416877
1518267120000,1260.3,1259.6,1259.6,1260.3,2.09586325
1518267180000,1260.2,1258.5,1260.2,1259.7,2.722709
1518267240000,1260,1259.6,1259.7,1259.6,3.99928857
1518267300000,1260,1259.6,1259.6,1259.6,3.44108464
1518267360000,1260,1255.7,1259.6,1255.7,16.29164374
1518267420000,1259.1,1255.1,1256.6,1259.1,9.97491907
1518267480000,1258.7,1258.6,1258.7,1258.6,0.72386594
1518267540000,1258.3,1257.7,1258.3,1257.7,1.64498954
1518267600000,1257.8,1257.5,1257.6,1257.8,1.05211938
1518267660000,1257.9,1255,1257.9,1257.7,48.59461549
1518267720000,1260.3,1255,1257.8,1260.3,28.65690963
1518267780000,1260.4,1260.3,1260.3,1260.4,6.19013451
1518267840000,1265.7,1261,1261,1261.3,1.41877189
1518267900000,1265,1265,1265,1265,1
1518267960000,1269.4,1265.5,1266.8,1269.4,45.51441102
1518268020000,1274.1,1268.2,1269.4,1274.1,38.79583888
1518268080000,1276,1270,1270.1,1275.8,35.30672783
1518268140000,1276.5,1275,1275,1276.5,12.87402409
1518268200000,1278.5,1275,1275,1275,2.7663004
1518268260000,1279.8,1276.9,1277,1279.8,9.28939206
1518268320000,1280,1278.9,1279,1279,10.33322942
1518268380000,1281.8,1275.1,1279,1281,38.90663049
1518268440000,1283.2,1278.9,1280.9,1280.9,17.28121005
1518268500000,1286,1281.4,1283.3,1282.3,10.87499289
1518268560000,1282.3,1281.5,1281.5,1281.5,3.76497524
1518268620000,1282.2,1281.6,1281.6,1282.2,2.76268905
1518268680000,1287.2,1282.2,1282.3,1282.2,11.92753966
1518268740000,1282.3,1282.2,1282.3,1282.2,2.70356618
1518268800000,1282.3,1280.4,1282.2,1280.4,8.8293024
1518268860000,1282,1280.9,1281.9,1281,5.83137571
1518268920000,1284.9,1281,1281,1282.6,0.58068903
1518268980000,1282.8,1282.5,1282.8,1282.5,7.92529538
1518269040000,1280.1,1276.6,1280.1,1279.4,7.32600409
1518269160000,1282.3,1282.2,1282.2,1282.3,0.31806
1518269220000,1282.2,1281.7,1281.7,1282.2,2.74088196
1518269280000,1282.1,1280.4,1282.1,1280.4,1.8403
1518269340000,1279.7,1279.7,1279.7,1279.7,6.4325811
1518269400000,1281.6,1279.7,1279.7,1281.6,3.68764488
1518269460000,1281.9,1275.6,1281.9,1281.3,159.97423144
1518269520000,1286.1,1281.3,1281.3,1285,18.28026031
1518269580000,1288.3,1285.5,1285.5,1288.2,18.20527346
1518269640000,1288.3,1286,1288,1286,11.26082525
1518269700000,1285.7,1280,1283.7,1283.6,47.74301365
1518269760000,1286.3,1282,1285.9,1284.6,13.84120514
1518269820000,1282.1,1279.4,1282,1280,33.58996167
1518269880000,1280,1277.3,1279.8,1280,81.10751059
1518269940000,1279.8,1279.6,1279.8,1279.6,2.43780926
1518270000000,1279,1273.7,1279,1276.9,15.4551245
1518270060000,1279.2,1275,1277.1,1278.4,2.0073801
1518270120000,1276.2,1274,1274.9,1276.2,0.71615
1518270180000,1275.1,1274.8,1275.1,1274.8,0.87294241
1518270240000,1273.8,1268.4,1271.8,1270,14.7879083
1518270300000,1270,1268.6,1270,1270,2.35627105
1518270360000,1274.4,1269.8,1270,1274.3,6.2077
1518270420000,1278.1,1275.7,1275.7,1278.1,3.37854774
1518270480000,1278,1278,1278,1278,0.211583
1518270540000,1278.6,1272.5,1277.6,1272.5,2.85448797
1518270600000,1275.5,1275.4,1275.4,1275.5,2.06592994
1518270660000,1276.3,1273.1,1273.1,1275.4,8.46613257
1518270720000,1276.4,1271.7,1275.4,1276.4,10.59788083
1518270780000,1279.4,1277.4,1277.5,1279.4,6.99425145
1518270840000,1279.4,1279.2,1279.4,1279.2,0.57517134
1518270900000,1279.3,1279.3,1279.3,1279.3,1.38627734
1518270960000,1279.3,1278.7,1278.7,1279.2,9.71702985
1518271020000,1280,1279.3,1279.3,1280,4.36910202
1518271080000,1284,1279.9,1280,1284,26.82863994
1518271140000,1286.5,1284.3,1286.5,1284.3,1.8
1518271200000,1287,1279,1284,1279,10.3674884
1518271260000,1284.8,1282.4,1283.5,1282.4,3.2
1518271320000,1287.2,1282.6,1282.6,1287.2,0.618
1518271380000,1288.1,1287.4,1287.4,1287.7,4.43417967
1518271440000,1287.7,1286.5,1287.7,1286.5,1.0003
1518271560000,1288.1,1288,1288,1288.1,0.05027445
1518271620000,1289.9,1288.1,1288.1,1289.9,1.56013825
1518271680000,1293.8,1288.3,1289.9,1288.4,9.20342348
1518271740000,1291.7,1289.1,1289.1,1289.2,0.79816724
1518271800000,1290.3,1289.2,1289.2,1290.1,0.57769038
1518271860000,1289.3,1289.3,1289.3,1289.3,0.75
1518271920000,1291.4,1289.3,1289.3,1289.3,8.28935099
1518271980000,1296,1292,1292,1294.5,14.76742631
1518272040000,1295.2,1294,1294,1294.5,9.83114426
1518272100000,1297.7,1293.1,1295.2,1293.1,13.57048725
1518272160000,1295.7,1293,1295.7,1293.7,1.77437651
1518272220000,1293,1289.8,1293,1291.4,0.53224097
1518272280000,1293,1291.1,1292,1292.3,2.51283097
1518272340000,1291.1,1289,1289.4,1291.1,2.050866
1518272400000,1289.2,1288.5,1289.2,1288.5,3
1518272460000,1290.9,1289.3,1289.3,1290.9,2.4427289
1518272520000,1289.3,1289.3,1289.3,1289.3,0.02
1518272580000,1287.8,1287.8,1287.8,1287.8,0.38825905
1518272640000,1287.6,1280.1,1287.6,1280.5,40.38107845
1518272700000,1285.8,1280,1280.3,1285,15.23200664
1518272760000,1285,1282.7,1284.9,1282.7,8.42422101
1518272820000,1284.3,1279,1280.9,1284.3,6.11107484
1518272880000,1280.4,1278.2,1280.2,1278.2,2.46757627
1518272940000,1278.2,1274,1278.2,1274.4,12.25694556
1518273000000,1278.2,1274.3,1274.5,1276.9,6.2534
1518273060000,1278.7,1275.3,1276.4,1275.3,12.4
1518273120000,1276.1,1273.5,1274.1,1273.9,14.19064115
1518273180000,1277,1268.5,1271.1,1271.7,98.02384646
1518273240000,1271.6,1264.5,1270.3,1266.4,13.17660831
1518273300000,1274.7,1271,1271.2,1274.7,3.35751291
1518273360000,1269.7,1263.5,1269.7,1268.7,13.10794393
1518273420000,1274.1,1268.1,1270.5,1268.1,10.932979
1518273480000,1271.3,1264.6,1266.7,1269.8,9.52895642
1518273540000,1266.4,1261.5,1265.1,1264,41.6835567
1518273600000,1266.3,1262.3,1264.3,1265.1,6.83038316
1518273660000,1266.2,1264.7,1265.1,1265.8,4.83284033
1518273720000,1266.2,1265.7,1265.7,1266.2,42.86189818
1518273780000,1264,1263.9,1264,1263.9,0.611261
1518273840000,1264,1262,1263.9,1263.9,1.5793866
1518273900000,1267.4,1257.2,1261.3,1267.4,22.95512143
1518273960000,1266.5,1261,1263.3,1261,1.49048259
1518274020000,1264.1,1263.5,1263.8,1263.7,0.96976921
1518274080000,1263.4,1262.5,1263.4,1262.5,8.554
1518274140000,1262.5,1262.5,1262.5,1262.5,4.98934068
1518274200000,1262.5,1260.2,1260.3,1262.5,2.6532969
1518274260000,1265.6,1265.6,1265.6,1265.6,0.03
1518274320000,1265,1262.5,1262.5,1265,3.7996818
1518274380000,1265,1262.7,1265,1262.7,2.95986101
1518274440000,1262.8,1262.5,1262.8,1262.5,0.46383
1518274500000,1262.5,1262.3,1262.5,1262.5,6.14856271
1518274560000,1267.5,1265,1265,1267.5,4.22800626
1518274620000,1270,1263,1266,1270,108.967972
1518274680000,1269.3,1264.6,1265,1267,2.61125908
1518274740000,1267.4,1264.4,1266.8,1264.4,9.06046261
1518274800000,1263.4,1263.4,1263.4,1263.4,0.062937
1518274920000,1266.9,1263.6,1264.8,1266.9,2.9742242
1518274980000,1265.7,1265.7,1265.7,1265.7,1.591068
1518275040000,1266.9,1266.1,1266.1,1266.9,0.657481
1518275100000,1266.9,1265.1,1266.9,1265.1,1.0984
1518275160000,1266.5,1261.5,1265,1261.5,31.00250113
1518275220000,1260.4,1256.7,1260.4,1258,8.239963
1518275280000,1256.7,1251.8,1256.7,1253.7,67.49489531
1518275340000,1253.5,1250,1253.5,1250,256.88220435
1518275400000,1250.9,1250,1250,1250,97.99661968
1518275460000,1250.2,1248.7,1250,1248.7,64.05837483
1518275520000,1248.7,1242.7,1248.7,1242.7,19.47336115
1518275580000,1244,1240.8,1244,1243.3,15.66376754
1518275640000,1242.6,1238.2,1240.8,1238.6,4.07471389
1518275700000,1241.1,1234.7,1241.1,1237.6,15.01891542
1518275760000,1238,1233,1237.5,1234.5,3.72155977
1518275820000,1234,1226.4,1234,1229.7,19.98376825
1518275880000,1229.8,1226.3,1229.8,1227.1,5.57054
1518275940000,1227.8,1219.8,1227.1,1222.6,273.96568064
1518276000000,1228.3,1223.7,1224.3,1227.9,129.98803734
1518276060000,1234.4,1225.5,1228,1234.4,56.21924345
1518276120000,1232,1225,1231.4,1225,79.46848759
1518276180000,1230,1222,1229.4,1223.7,47.09787474
1518276240000,1227.1,1223.8,1224.3,1227.1,19.6627749
1518276300000,1227.1,1225.4,1227.1,1225.9,8.4618557
1518276360000,1227.1,1226.8,1227.1,1226.8,12.26675052
1518276420000,1227.1,1222.2,1227,1225.6,19.27072866
1518276480000,1227,1225.6,1227,1226.7,2.24184
1518276540000,1230.8,1226.5,1226.7,1230,65.35442422
1518276600000,1229.9,1227,1229.8,1229.9,5.34797
1518276660000,1235,1229.7,1229.7,1230.5,121.69929165
1518276720000,1232.8,1228.1,1230.4,1228.1,8.68216703
1518276780000,1228.1,1225,1228.1,1226.2,14.42211765
1518276840000,1226,1222.2,1222.2,1226,7.4098
1518276900000,1227.3,1219.8,1223.8,1222.5,44.34841873
1518276960000,1225.9,1218,1225.9,1219.8,42.93106187
1518277020000,1219.7,1212,1219.7,1213.3,303.9563788
1518277080000,1215.9,1211,1213.4,1213.5,59.40301191
1518277140000,1217.7,1212.1,1212.9,1212.5,145.84059778
1518277200000,1215.4,1210,1212.6,1214.4,80.19764532
1518277260000,1214.3,1209,1214.2,1213.5,165.01104022
1518277320000,1213,1208.1,1213,1209,14.44715168
1518277380000,1209,1207,1208.9,1208.6,53.43164747
1518277440000,1208.6,1205.2,1208,1207.3,105.22418637
1518277500000,1207.4,1202.2,1205.2,1202.2,66.9416527
1518277560000,1205,1200,1202.4,1205,169.80695546
1518277620000,1214.4,1205.6,1206.5,1214,158.05176173
1518277680000,1213.3,1206,1213.3,1207,40.12208147
1518277740000,1206.7,1203.5,1205.7,1205.2,80.56807477
1518277800000,1204.9,1200,1204.8,1204.2,29.30794
1518277860000,1208,1200.7,1200.8,1208,112.03809368
1518277920000,1207.5,1201,1205.8,1207.5,55.25760498
1518277980000,1207.9,1200,1207.5,1200,64.76936092
1518278040000,1202,1199.6,1199.9,1199.9,33.91401336
1518278100000,1209,1199.9,1202.8,1209,104.44196792
1518278160000,1213,1205.6,1209,1208,33.25227233
1518278220000,1212.6,1206,1208.5,1209.4,42.33424706
1518278280000,1209.4,1200.2,1206.8,1200.2,99.95061837
1518278340000,1210,1200.5,1205.6,1207.7,22.4730835
