1521043200000,1004.6,1003.7,1004.6,1004.4,1.38208994
1521043260000,1003.7,999.73,1003.7,1000.1,14.01680894
1521043320000,1001.3,1001.3,1001.3,1001.3,0.1399205
1521043440000,1001.2,1001.2,1001.2,1001.2,0.1956986
1521043500000,1001.2,1000.6,1000.9,1001.2,3.125
1521043560000,1001.4,999.22,1001.4,999.22,15.1761635
1521043620000,1000.1,997.31,999.3,1000.1,26.87554852
1521043680000,999.58,999.58,999.58,999.58,0.385
1521043740000,999.9,999.58,999.58,999.9,0.16794714
1521043800000,1000.7,1000.4,1000.4,1000.7,0.59992003
1521043860000,1000.4,996.3,1000.4,996.3,67.881625
1521043920000,997.9,997.2,997.4,997.9,8.47418254
1521043980000,998.08,998.08,998.08,998.08,1.33335872
1521044040000,998.08,998.08,998.08,998.08,0.49154
1521044100000,1001.7,998.08,998.08,999.99,28.47814841
1521044160000,1000.1,998.56,1000.1,998.56,9.38142032
1521044280000,998.4,998.2,998.4,998.2,0.4902
1521044340000,997.5,997.5,997.5,997.5,0.3
1521044400000,996.5,996.16,996.45,996.3,1.53788609
1521044460000,997.5,997.5,997.5,997.5,1
1521044520000,997.6,997,997.6,997,5.6740142
1521044580000,997.3,995.99,997.3,995.99,8.94875
1521044640000,995.99,993.56,995.52,994.87,48.56021697
1521044700000,995.76,994.88,995.5,995.76,10.95408065
1521044760000,996.4,995.53,995.53,996.4,8.98064222
1521044820000,996.9,996.8,996.8,996.9,0.9555
1521044880000,998.2,996.7,996.9,996.7,15.36752238
1521044940000,997.34,996.4,996.4,997.3,4.72700001
1521045000000,998,996.72,997.6,996.72,2.02373631
1521045060000,996.66,995.92,996.66,996,2.00279547
1521045120000,996.1,994,996.1,994.3,4.79148136
1521045180000,997.4,991.26,994,991.26,55.59781069
1521045240000,991.32,988.77,991.25,991.14,27.48506859
1521045300000,992.69,988.78,991.31,988.78,16.37941574
1521045360000,991.36,986.94,989.45,988.22,63.46457019
1521045420000,987.83,985.5,987.23,985.5,281.7606126
1521045480000,985.5,981.43,985.5,981.43,319.21877021
1521045540000,981.6,978.4,981.43,980,33.92660235
1521045600000,981.04,978,978.75,980.81,53.9222516
1521045660000,981.4,977.1,980.8,978.3,33.16647287
1521045720000,979.3,976.6,978.2,979.13,31.79509828
1521045780000,979.2,976.96,979.1,978.6,8.13
1521045840000,978.3,975.13,978.3,978.01,18.4479025
1521045900000,977.5,975,975.8,977.1,9.060649
1521045960000,976.7,975.7,976.6,975.7,2.8478
1521046020000,975.81,970,975.81,970,76.79259291
1521046080000,970.1,966,970,967.55,55.08980159
1521046140000,967.36,965.35,967.33,965.35,10.40033455
1521046200000,971.7,963.03,966.98,971.7,129.16622936
1521046260000,973.6,967.74,971.7,969.24,46.62963658
1521046320000,969.28,965.54,968.91,965.54,42.84787576
1521046380000,969.56,968.09,968.18,969.44,7.9175
1521046440000,970.03,968.5,968.5,969.9,10.45169111
1521046500000,974.7,970.25,970.25,971.7,20.7300569
1521046560000,973.9,972.21,973.8,973.39,23.57784572
1521046620000,973.18,968.62,972.51,969.1,27.25848573
1521046680000,970.6,970.59,970.59,970.6,0.11977
1521046740000,970.19,970.19,970.19,970.19,0.33
1521046800000,970.29,970.29,970.29,970.29,0.20610058
1521046860000,970,969,970,969,0.317476
1521046920000,969.3,969,969,969.3,0.18201481
1521046980000,969.49,965.82,969.49,965.82,9.48589592
1521047040000,966.2,961.1,965.32,961.1,52.42703151
1521047100000,961.29,957.52,961.2,957.62,168.47994509
1521047160000,957.52,952.67,957.42,953,86.20712076
1521047220000,956.05,952,953.89,955.38,10.31658328
1521047280000,953.2,951.93,953.2,951.93,3.69744821
1521047340000,959.54,951.5,952.18,959.45,179.24148884
1521047400000,970,956.57,959.45,969.13,381.50651219
1521047460000,969.78,966.04,969.14,966.5,62.78031264
1521047520000,970.84,966.03,967.69,966.03,101.07878806
1521047580000,970.22,964.95,965.4,968.49,99.61773537
1521047640000,972.52,967.7,967.7,969.4,110.21576822
1521047700000,969.97,966.33,969.22,966.33,56.41249386
1521047760000,968.8,965.71,966.87,966.51,11.666717
1521047820000,972.6,966.2,969.79,969.99,67.65539389
1521047880000,968.39,963.78,968.39,963.78,19.98058499
1521047940000,963.11,957.02,963.11,961.36,66.31082588
1521048000000,965.83,960.01,960.01,962.35,25.4989296
1521048060000,966.58,962.59,962.7,966.09,37.25283421
1521048120000,968.09,964.66,967.04,965.6,6.63341122
1521048180000,977.66,966.64,967.7,974.57,111.39759964
1521048240000,974.9,973.07,974.57,973.07,9.14566596
1521048300000,972.99,970,972.99,970,41.01326209
1521048360000,969.03,964.6,968.89,965,58.88332177
1521048420000,967,964,964.7,966.7,64.31234295
1521048480000,966.7,964.67,965.85,964.67,8.81594486
1521048540000,964.67,963.72,964.67,963.72,0.45273507
1521048600000,964.76,963.22,964.76,964.3,13.33150544
1521048660000,966.2,963.9,963.92,966.2,59.66972778
1521048720000,968.78,966.1,966.18,966.3,20.98644173
1521048780000,968.5,967,968.5,968.39,0.5088135
1521048840000,967,965.3,966.54,967,4.80297173
1521048900000,967.4,967,967,967.4,17.37379723
1521048960000,968.7,968,968,968.7,6.38963142
1521049020000,968.7,967.31,968.7,967.31,4.82581232
1521049080000,971.09,968.39,968.39,971.09,18.55217259
1521049140000,970.9,967.3,970.79,967.3,26.78108351
1521049200000,969.09,968.5,969.09,968.7,2.04573625
1521049260000,969.87,968.06,969.87,968.06,1.0395
1521049320000,970.29,969.3,969.3,970.09,12.412188
1521049380000,969.9,969.8,969.9,969.8,0.04
1521049440000,969.4,967.32,969.4,967.32,4.88317004
1521049500000,966.89,957.2,966.89,959.49,57.98094685
1521049560000,959.4,953.7,957.4,954.8,20.4232575
1521049620000,960.21,955.9,956.1,957.31,11.14607598
1521049680000,959.37,957.28,957.28,959.37,0.91115
1521049740000,961.85,957,959.21,957,28.2371916
1521049800000,957,955.6,957,956.85,5.2375
1521049860000,958.69,956.79,956.79,958.69,2.52727161
1521049920000,962.76,959.7,959.81,962.76,24.18878789
1521049980000,965.46,962.85,962.97,962.85,26.80808038
1521050040000,962.4,962.4,962.4,962.4,0.0467
1521050100000,963.69,962.4,962.4,963.6,9.82053131
1521050160000,962.9,962.9,962.9,962.9,0.30049213
1521050220000,962.4,962.4,962.4,962.4,16.82315483
1521050280000,960.02,960.02,960.02,960.02,0.03121103
1521050340000,959.61,959.03,959.56,959.03,2.673
1521050400000,959.86,957.8,957.8,959.86,0.28503828
1521050460000,958.4,955.2,958.4,955.2,13.63145539
1521050520000,957.12,953.83,957.09,953.88,59.56759997
1521050580000,953.89,953.88,953.88,953.89,42.80774053
1521050640000,953.9,951.66,953.9,952.98,12.04010426
1521050700000,953,951.5,952.98,951.5,26.79165905
1521050760000,955.4,951.5,951.5,955.4,84.83005027
1521050820000,956.36,952.61,953.01,952.61,25.9835365
1521050880000,956.73,952,955.4,955,61.90354829
1521050940000,961.7,952.5,955,961.5,75.59464178
1521051000000,965.14,961.5,961.9,965.13,67.38238629
1521051060000,963.78,963.78,963.78,963.78,1.17858928
1521051180000,966.08,965.7,965.7,966,4.03
1521051240000,966.2,965.08,966.2,965.08,0.42255196
1521051300000,965.4,958.7,964.98,958.83,64.3210693
1521051360000,960,959.02,960,959.02,0.75034523
1521051480000,962.49,960,960,960.6,4.08701531
1521051540000,961.38,960.2,960.2,961.38,4.29264706
1521051600000,960.38,958,960.3,960.38,0.89864754
1521051660000,957.6,957.5,957.6,957.5,2.94052
1521051720000,958.6,954.11,958.4,954.11,6.56901498
1521051780000,957.47,953.4,954.11,957.46,11.37832657
1521051840000,956,955.6,955.9,955.6,4.16617967
1521051900000,957.28,956.3,956.3,957.1,8.50076055
1521051960000,957.72,957,957,957.71,10.67123403
1521052020000,957.41,957.41,957.41,957.41,0.34472
1521052080000,959.58,958.5,958.5,959.32,2.64254944
1521052200000,958.56,958.56,958.56,958.56,0.20864413
1521052260000,958.56,958.56,958.56,958.56,1
1521052380000,963.5,959.4,959.4,963.28,29.39098717
1521052440000,964.69,963.19,963.19,963.85,8.95887274
1521052500000,964.2,960,964.2,960,11.60203932
1521052620000,961.3,957.05,961.3,957.06,16.46016061
1521052800000,957.79,957,957.79,957.1,4.96053203
1521052860000,956,952.71,956,952.71,18.77530791
1521052920000,955.29,952.49,952.62,954.2,15.09823644
1521052980000,955.3,952.91,955.3,952.91,0.7
1521053040000,953.9,951.94,953.6,952.1,12.97748615
1521053100000,953.4,953.3,953.3,953.4,5.46011755
1521053160000,956.7,953.3,953.3,956.6,32.96873781
1521053220000,956.6,954.5,956.6,954.5,4.02484632
1521053280000,954.24,954.2,954.24,954.2,1
1521053340000,957.89,955.1,955.1,957.89,10.97956615
1521053400000,959.77,955.69,959.77,955.69,2.18465866
1521053460000,955.68,955.68,955.68,955.68,0.02
1521053640000,955.1,955.1,955.1,955.1,0.05639786
1521053700000,954.9,951.97,954.9,951.97,16.25504238
1521053760000,954.29,954.29,954.29,954.29,0.05280414
1521053820000,953.48,950.53,953.48,950.54,71.63507898
1521053880000,952.2,949.3,950.53,952.1,57.31535686
1521053940000,950.73,949.2,950.24,949.2,20.93948123
1521054000000,955.9,950.4,950.4,955.9,56.5223541
1521054060000,955.7,955.2,955.2,955.6,4.15957533
1521054180000,953.52,953.4,953.52,953.4,0.2486653
1521054240000,955,955,955,955,0.1
1521054300000,955.6,952.7,953.53,955.6,3.20944602
1521054360000,958.26,954.4,956.4,954.4,17.2284983
1521054420000,955,954.8,955,954.9,0.15631992
1521054480000,955,954.8,954.8,955,8.00082988
1521054540000,960.89,956.2,956.2,959.08,29.83022887
1521054600000,960.59,957.63,959.02,960.59,0.65757342
1521054660000,959.9,957.91,958,959.9,1.1962
1521054720000,959.7,957.9,958.61,959.7,1.099497
1521054780000,959.6,957.72,959.3,957.72,3.02622273
1521054840000,960.2,957.72,957.72,959.2,15.0293317
1521054900000,959.4,957.8,958,958,1.04419362
1521054960000,961,959.2,959.29,961,19.5879749
1521055020000,964.19,961,961,961.81,10.63979785
1521055080000,962.89,961.7,961.81,962.89,1.03063668
1521055140000,964.61,961.54,964.31,964.54,2.8853745
1521055200000,964.2,960.51,964,962.3,14.1648419
1521055260000,963.27,962.1,962.1,963.27,2.22967791
1521055320000,963.98,963.26,963.26,963.98,9.0272
1521055380000,963.79,958.1,963.79,958.1,55.53328257
1521055440000,959.8,958.55,958.88,959.8,0.76275549
1521055500000,959.9,958.5,958.6,959.9,1.95664885
1521055560000,960,959.7,960,959.7,0.62015965
1521055620000,960,959.6,959.7,960,7.13578441
1521055680000,960,960,960,960,0.6759
1521055740000,961.2,960,960,961.2,7.56982914
1521055800000,960.9,960.2,960.7,960.9,8.599836
1521055860000,959.56,959.56,959.56,959.56,0.71
1521055920000,960.8,957.01,960,957.01,13.41627008
1521055980000,957.6,957.6,957.6,957.6,0.05688674
1521056040000,961.67,958.79,958.79,961.67,4.26626341
1521056100000,961.91,959.16,961.67,959.16,16.14667598
1521056160000,959.4,959.4,959.4,959.4,0.7654749
1521056220000,959,958.99,958.99,959,0.39627897
1521056280000,962.4,961.9,961.9,962.4,2.51532672
1521056340000,960.61,960.61,960.61,960.61,0.9998
1521056400000,960.48,960.48,960.48,960.48,0.2081837
1521056520000,961,960.69,960.69,961,1.22276864
1521056580000,961.79,961.79,961.79,961.79,2
1521056640000,962.1,962,962,962.01,2.53684572
1521056700000,963.33,962.32,962.32,962.4,10.36841714
1521056760000,962.32,961.7,962.32,961.7,1.37254124
1521056820000,960.7,960.7,960.7,960.7,0.12042587
1521056880000,960.49,958.6,960.2,960.49,3.50661204
1521056940000,960.45,957,958.49,960.45,21.13202656
1521057000000,959.85,959.5,959.7,959.85,0.47192187
1521057240000,961.64,958.01,959.8,961.64,16.03326898
1521057300000,960.29,959,959,960.29,0.30826825
1521057360000,958.75,954.8,958,955.7,22.17999489
1521057420000,957.9,956.5,956.5,957.9,0.52754118
1521057480000,959.59,958,958,959.59,2.44092238
1521057540000,959.2,959.1,959.11,959.2,1.29945818
1521057600000,958.5,957.4,958.5,957.61,3.30412892
1521057660000,956.73,954.6,956.71,954.63,13.5345698
1521057720000,956.54,951.44,955.29,956.12,60.18132861
1521057780000,960.31,954.58,956.5,960.31,17.41121413
1521057840000,959.38,956.1,959.37,956.1,5.42543007
1521057900000,957.7,955.06,957.6,955.06,2.0769256
1521057960000,957.49,955.06,955.2,957.49,2.1
1521058020000,957.7,957,957.28,957.7,8.47406
1521058080000,957.7,957,957.7,957,20.44257
1521058140000,957,957,957,957,35.16675054
1521058200000,956.02,955.3,955.3,956.02,4.21264989
1521058260000,958.01,957.79,957.79,958,4.88450795
1521058320000,958,955.3,958,955.3,46.00343817
1521058380000,960.91,955.69,955.82,958.9,27.69480964
1521058440000,956.2,954.7,956.2,955,41.37072286
1521058500000,957.53,955,955,957.53,0.7088971
1521058560000,962.81,956.3,956.3,962.7,23.1300228
1521058620000,963.33,961.05,962.61,963.33,13.43573421
1521058680000,963.9,962.2,963.9,962.2,10.99391337
1521058740000,961,960.91,961,960.91,9.73408212
1521058800000,962,961.8,961.9,962,5.1854368
1521058860000,964.49,960.82,962.59,960.82,23.08967542
1521058920000,961.07,961.07,961.07,961.07,0.0954
1521058980000,961.6,961.6,961.6,961.6,0.4379287
1521059160000,963.25,963.1,963.25,963.1,0.05004699
1521059220000,962,961.7,962,961.7,0.23289867
1521059340000,965.75,962.9,962.9,965.69,38.25144593
1521059400000,965.69,965.6,965.69,965.6,14.12904891
1521059460000,964,963.5,964,963.5,14.70953069
1521059520000,963.89,963.89,963.89,963.89,0.20026
1521059580000,962.31,960.78,962.31,962.2,3.74953026
1521059640000,961.2,961.2,961.2,961.2,0.21088433
1521059700000,962.48,961.4,961.5,962.48,1.21745143
1521059820000,961,961,961,961,1.392
1521059880000,961,960,960.77,960.5,6.072
1521059940000,960,960,960,960,0.00002852
1521060000000,959.6,958.9,959.6,959.1,1.16250509
1521060060000,959.59,958.6,958.6,958.8,3.70927212
1521060120000,960,960,960,960,29.88033117
1521060180000,960,958.11,960,958.11,0.21966883
1521060240000,959.48,958.52,959.48,958.53,0.46443149
1521060300000,958.5,958,958.5,958,1.20861583
1521060360000,957.6,957.23,957.23,957.6,16.29490056
1521060420000,957.9,957.9,957.9,957.9,0.40886
1521060480000,958.5,958.3,958.3,958.5,1.23390767
1521060540000,959.8,959.8,959.8,959.8,0.5
1521060600000,959.59,959.59,959.59,959.59,0.20839846
1521060660000,958.4,958.4,958.4,958.4,0.9421
1521060720000,962.48,959.4,959.4,962.48,16.08591314
1521060780000,962.1,960.22,962.1,960.22,6.5512
1521060840000,960.7,960.7,960.7,960.7,1
1521060900000,961.68,960.21,960.59,961.68,3.6104046
1521060960000,962.3,959.4,961.49,959.6,15.44564861
1521061020000,960.11,959.3,960,960.1,3.97898839
1521061080000,960.35,960,960,960.35,4.02
1521061140000,960.7,960.2,960.2,960.7,0.55479668
1521061200000,960.6,960.48,960.6,960.49,3.20822705
1521061260000,960.52,960.5,960.5,960.52,3.8733365
1521061320000,961.14,958.5,960.96,959.7,7.78641768
1521061380000,958.8,958.3,958.8,958.3,6.07794668
1521061440000,959.6,958,958.3,959.6,5.82884664
1521061500000,960.6,959.45,959.6,960.1,5.014269
1521061560000,957.42,954.32,957.42,954.32,5.93810988
1521061620000,954.75,953.21,954,954.75,1.90319339
1521061680000,955,952.01,955,952.51,17.21223746
1521061740000,954.4,954.3,954.3,954.4,0.77807409
1521061800000,955.92,949.1,954.2,954.31,65.08341675
1521061860000,951.01,949.24,951.01,949.31,7.44926444
1521061920000,949.47,942.63,949.32,943.08,96.33035229
1521061980000,945.89,940.39,945.68,942.37,80.68013368
1521062040000,943.93,939.55,942.37,939.99,49.20636657
1521062100000,942.27,937.05,940.49,942.27,99.70090194
1521062160000,943.83,939.6,941.19,940.4,63.59924459
1521062220000,940,936,939.8,936.51,63.90334285
1521062280000,936.2,936,936,936.1,17.6183438
1521062340000,936.37,936,936,936.37,4.92143124
1521062400000,936.37,933.29,936.37,933.96,46.27839354
1521062460000,933.7,930.54,933.29,930.61,8.48205438
1521062520000,934,928.61,931.1,934,112.67461153
1521062580000,934,931.2,933.38,933.09,49.89044264
1521062640000,931.61,928.47,931.61,928.48,63.67099677
1521062700000,931.6,927.75,928.48,930.2,26.7680855
1521062760000,932.8,928.5,930.1,931.2,25.06563461
1521062820000,931.2,930,930.2,930,17.44851319
1521062880000,930.1,928.81,930.1,928.81,5.75777
1521062940000,928.91,928.32,928.91,928.32,0.53971396
1521063000000,932.4,927.76,929.32,932.38,28.65624755
1521063060000,932.38,930.1,932.37,932.08,8.25211607
1521063120000,932.4,928.88,932.16,932.2,15.04475874
1521063180000,931.1,930.6,931.1,930.6,1.415137
1521063240000,930.6,927.8,930.6,928.7,36.55659187
1521063300000,930.6,925.5,930,926,76.26322523
1521063360000,928.79,926,926,928.79,2.85405409
1521063420000,930.61,929.51,930.56,930.4,10.48893
1521063480000,930.5,925.99,930.1,925.99,6.52657722
1521063540000,931.55,928.4,929.1,928.4,6.49072016
1521063600000,931.1,930.8,930.8,931.1,0.26616657
1521063660000,931,927.15,931,927.2,21.72540197
1521063720000,929.12,924.6,927.21,924.7,84.5134238
1521063780000,927.97,925.6,926.76,927.97,19.68231654
1521063840000,926.9,924.5,925.91,924.5,13.62895752
1521063900000,928.67,920.11,924.8,920.11,25.47120057
1521063960000,924.62,920.2,921.54,923.51,25.25344942
1521064020000,922,917.84,921.01,917.91,36.22234635
1521064080000,920.15,916.55,917.92,918.98,19.97100715
1521064140000,923.67,916.81,918.84,921.69,92.97690318
1521064200000,920.63,915.97,920.11,915.99,51.38350273
1521064260000,915.99,915.43,915.99,915.43,11.13420115
1521064320000,917,915.64,915.64,916.8,2.23874
1521064380000,916.29,915.75,915.75,916.29,7.34658739
1521064440000,916.1,915,916.1,915,2.286205
1521064500000,916.04,914.1,916.04,914.1,67.14988842
1521064560000,914,910.75,914,913.6,30.693148
1521064620000,914.73,910.72,911,914.1,61.71987389
1521064680000,921.06,914.1,914.1,917.48,103.45515033
1521064740000,923.09,917.37,918,922.97,31.99260915
1521064800000,930.62,920.86,923.15,930.62,101.57919968
1521064860000,936.76,927.31,929.99,935.9,174.29015947
1521064920000,938.9,935.8,935.8,935.8,48.5149442
1521064980000,934.7,927.77,934.69,927.79,95.10295598
1521065040000,931.59,927.79,927.79,931.59,34.1840173
1521065100000,930.3,928.72,930.3,928.72,3.01387226
1521065160000,931.48,927.9,930.1,931.48,10.63980312
1521065220000,933.19,929.4,931.48,933.18,12.56912321
1521065280000,931.2,930.47,931.15,930.47,2.61339879
1521065340000,931.2,930.6,930.66,931.13,5.900576
1521065400000,931.88,929.89,930.6,930.23,7.45286521
1521065460000,930.3,928.3,930.3,928.9,23.47587
1521065520000,931.99,928.9,928.9,929.7,4.17426376
1521065580000,932,929.6,929.9,931.45,22.64201486
1521065640000,931.86,929.6,931.86,929.7,18.4943898
1521065700000,931.57,929,929,931.57,10.86321736
1521065760000,931.2,928.87,930.2,931.2,4.2858
1521065820000,939.8,931,931.1,936.49,113.08818474
1521065880000,944.49,936.82,939.99,944.49,61.87559102
1521065940000,948.62,943.05,943.67,944.9,54.04337191
1521066000000,947.53,942.1,944.9,942.1,15.50835274
1521066060000,943.88,942.01,943.8,943.6,8.11622661
1521066120000,943.7,941.24,943.69,941.88,34.71709285
1521066180000,941.8,938.5,941.8,938.5,17.05523912
1521066240000,938.5,937.68,938.49,937.68,15.56707257
1521066300000,940.93,937.67,937.8,940.8,25.204005
1521066360000,942,939.26,940.81,939.62,34.57983471
1521066420000,939.54,937.7,939.16,938.83,18.85167367
1521066480000,939.1,936.1,939,938.75,26.44047694
1521066540000,938.03,935.4,937.77,937.4,8.97134569
1521066600000,942.73,937.38,937.38,938.49,56.67873949
1521066660000,943.5,940.49,942.7,941.53,15.04598182
1521066720000,941.3,936.75,941.3,939.96,17.81297934
1521066780000,936.8,931.72,936.8,932.38,119.2055059
1521066840000,936.4,929.82,929.89,936.4,25.23402671
1521066900000,935.21,934.83,934.83,935.21,0.80767736
1521066960000,933.8,932.9,933.8,932.9,4.55006402
1521067020000,933.5,930.2,932.91,933.4,5.40443106
1521067080000,935.46,932.28,933.36,935.43,8.54998827
1521067140000,937.09,934.11,935.6,936.51,44.48679166
1521067200000,936.7,936.51,936.51,936.7,0.56859191
1521067260000,938.59,938.59,938.59,938.59,3.2823
1521067320000,937.8,937.7,937.71,937.8,1.03562544
1521067380000,939.7,938.3,939,939.7,2.52740377
1521067440000,939.19,936.1,939.19,938.5,3.44280762
1521067560000,936.6,936.4,936.4,936.6,5.47594225
1521067620000,936.47,936.47,936.47,936.47,0.02
1521067680000,937.99,936.8,937.99,937.49,1.18550974
1521067740000,937.47,937.47,937.47,937.47,0.5
1521067800000,936.2,935.3,936.2,935.3,3.08175511
1521067860000,935.83,935.7,935.7,935.83,27.56375745
1521067920000,935,935,935,935,10
1521067980000,933.55,932.12,933.55,932.12,12.42517925
1521068040000,933,932.19,932.96,932.53,44.12621776
1521068100000,932.7,930.8,932.7,930.8,49.87975842
1521068220000,932.22,931.03,932.22,931.03,1.533336
1521068280000,931.33,928.93,931.33,930.5,104.1
1521068340000,931.29,930.1,931.16,931.29,7.64492403
1521068400000,932.16,930.81,931.26,930.81,2.00403399
1521068460000,931.7,928.84,930.71,928.84,0.92507316
1521068520000,932.56,930.11,931.99,932.56,3.7516004
1521068580000,932.24,930.8,931.78,930.8,3.7550276
1521068640000,939.14,932.4,932.4,939.14,72.22035714
1521068700000,942.7,937.38,939.96,940.14,32.77097984
1521068760000,940.99,940.51,940.99,940.6,6.36434143
1521068820000,941.4,940.15,940.45,940.5,9.1817433
1521068880000,944.9,941.2,941.2,944.9,10.06481801
1521068940000,944.89,939.55,944.7,939.75,17.25201186
1521069000000,941.7,940.2,940.2,940.31,11.81572302
1521069060000,941.7,939.22,941.7,939.85,28.37467048
1521069120000,941.69,939.71,939.71,940.22,0.869945
1521069180000,942.18,940.7,941.67,941.82,1.93808967
1521069240000,941.76,940.9,941.76,941.67,2.2768
1521069300000,941.96,939.7,940.63,941.93,4.9065
1521069360000,942.05,940.02,941.91,942.05,1.3117497
1521069420000,943.34,939.53,941,943.34,32.63230874
1521069480000,945.56,943.41,944.36,945.56,29.37558817
1521069540000,948.1,945.4,945.4,948.1,20.97072947
1521069600000,947.8,945.6,946.92,945.6,29.60872652
1521069660000,946.81,945.6,945.6,946.81,3.68347325
1521069720000,948.06,947.1,947.1,947.43,22.98220261
1521069780000,947.43,945.11,947.43,946.6,20.56089361
1521069840000,950.46,946.29,946.29,950.03,14.07769992
1521069900000,950.34,950.03,950.03,950.2,12.54849922
1521069960000,950.29,948.3,950.2,950.2,60.39670381
1521070020000,952.66,950.11,950.46,952.4,60.74215378
1521070080000,953.75,950.91,953.5,950.91,6.66914809
1521070140000,952.19,952.06,952.06,952.19,0.54754923
1521070200000,953.59,950.9,952.58,950.9,28.59560931
1521070260000,950.93,947.5,950.93,947.6,100.39002156
1521070320000,949.26,947.2,949.26,947.2,2.36598125
1521070380000,949.89,948.2,948.73,949.84,1.093
1521070440000,949.85,949.82,949.85,949.84,3.065478
1521070500000,950.6,948.2,950.6,948.2,4.91560115
1521070560000,948.5,947,948.5,947,0.72959
1521070620000,946.8,945.21,946.8,945.21,0.929
1521070680000,945.01,944.57,944.58,944.77,1.72196884
1521070740000,945.12,945.12,945.12,945.12,0.38527579
1521070800000,945.3,945.11,945.3,945.11,1.0593
1521070860000,946.89,945.61,945.61,946,5.34313
1521070920000,946,946,946,946,0.45774896
1521071040000,947.3,946.1,947.3,946.1,4.44188208
1521071100000,946.8,945.11,946.8,946.8,10.2204108
1521071160000,947.45,946.4,946.4,947.45,0.47722733
1521071220000,945.26,944,945.24,944,3.17154268
1521071280000,943.88,942.2,942.8,943.79,13.57827547
1521071340000,945.8,945.12,945.12,945.5,6.50240255
1521071400000,945.5,942.21,945.5,942.21,5
1521071460000,942.81,942.1,942.81,942.1,3.43306754
1521071520000,943.1,943.03,943.03,943.1,0.66958579
1521071580000,943.08,942.99,942.99,942.99,1.18258409
1521071640000,944.19,942.99,942.99,944.19,2.84315228
1521071760000,943.9,943.59,943.9,943.6,1
1521071820000,942.93,942.3,942.93,942.3,2.05202897
1521071880000,943.1,942.7,942.7,943.1,1.8582
1521071940000,944,944,944,944,0.65
1521072000000,942.8,942.8,942.8,942.8,0.39702855
1521072060000,942.76,942.74,942.74,942.76,0.041
1521072120000,947.62,942.8,942.8,947.62,17.91546379
1521072180000,948.1,948.1,948.1,948.1,0.59796159
1521072240000,949.9,949.9,949.9,949.9,0.06
1521072300000,949.6,947.5,947.61,949.6,5.22999919
1521072360000,949.4,948.11,948.99,949.4,4.65481932
1521072420000,951.8,949.51,950.1,949.6,6.49495279
1521072480000,950.48,948.03,950.2,948.03,19.155958
1521072540000,949.11,949.11,949.11,949.11,0.67338791
1521072600000,949.4,949.1,949.11,949.38,2.97082643
1521072660000,949.2,949,949,949.2,2.22747944
1521072720000,949.2,948.8,949.2,948.8,7.143087
1521072780000,948.8,946.2,948.8,946.2,12.832
1521072840000,949.19,949.19,949.19,949.19,0.26847087
1521072900000,949.08,946.6,949.08,946.6,1.9493785
1521072960000,947.6,946.3,946.41,946.4,3.91611774
1521073020000,946.19,944.51,946.19,944.52,26.49806032
1521073080000,944.07,941.41,943.11,941.41,24.22276295
1521073140000,941.8,940.1,941.28,940.39,10.81189303
1521073200000,940.37,938.4,940.37,938.4,25.14171663
1521073260000,938.41,938.4,938.41,938.4,20.30911019
1521073320000,939.7,937.99,938.44,939,6.77534129
1521073380000,939,935.1,939,935.1,9.73805134
1521073440000,937,935.88,937,935.88,0.39236017
1521073500000,935.88,929.5,935.88,932.33,15.3314573
1521073560000,933.21,932.17,932.17,932.8,0.51425429
1521073620000,932.96,932.23,932.23,932.96,4.07879046
1521073680000,932.64,924.2,932.64,926.31,80.06632051
1521073740000,927.76,925.3,927.28,925.4,22.62179031
1521073800000,926.72,925.29,925.4,926.49,6.160061
1521073860000,926.5,923,925.3,923.6,3.91566801
1521073920000,923.6,921.73,923.6,922.79,7.8154839
1521073980000,922.79,921.52,922.79,921.9,4.35487843
1521074040000,922,919.95,921.93,919.95,22.57814646
1521074100000,922.11,917.84,919.78,917.85,46.45695272
1521074160000,919.39,917.11,919.39,919.2,19.1897359
1521074220000,919.2,917.34,919.2,919.02,6.28978
1521074280000,923.51,917.51,917.51,921.92,115.508235
1521074340000,926.89,922,922,923.6,36.33401219
1521074400000,923.6,921.76,923.6,921.76,8.05763218
1521074460000,922.1,921.5,921.76,921.5,35.34360992
1521074520000,928.23,920.41,920.9,928.23,96.34461765
1521074580000,930.49,923.66,928.23,928.31,44.48004155
1521074640000,928.6,925.72,928.6,925.72,2.11887929
1521074700000,929.8,927.75,928.8,929.8,2.01156826
1521074760000,929.4,929.1,929.4,929.1,0.2
1521074820000,928.7,925.19,928.6,925.19,17.64052104
1521074880000,926.59,925.27,926.59,926.3,0.32354068
1521074940000,926.89,925.41,926.89,925.41,3.11
1521075000000,925.97,922.64,925.41,922.64,18.05522378
1521075060000,925.1,920.26,923.01,920.35,82.2461521
1521075120000,924.22,919.79,920.35,924.22,79.12205146
1521075180000,924.14,921.81,923.13,922.5,1.54492174
1521075240000,924.64,921.17,923.1,922.7,4.95847
1521075360000,920.38,918.58,920.38,918.58,15.9277355
1521075420000,920.89,917.74,918.15,918.4,53.86421252
1521075480000,918.6,916.95,918.51,917.28,16.20778
1521075540000,919.39,917.2,917.9,917.71,32.93454128
1521075600000,919.6,917.71,917.71,918.51,35.39950475
1521075660000,921.69,918.61,918.61,919.65,2.59769007
1521075720000,921.2,919.56,920,919.56,10.48545351
1521075780000,922.98,920.18,921.2,920.18,21.96839313
1521075840000,921.8,921.8,921.8,921.8,1.7153543
1521075900000,923.56,921.05,922.21,923.56,9.51470213
1521075960000,924.2,923.11,924.2,923.36,0.81946
1521076020000,924.77,923.9,924.69,924.77,5.7895
1521076080000,928.83,924.3,925.39,927.43,38.2655
1521076140000,925.71,923.3,925.7,923.3,3.52723405
1521076200000,922.6,920.3,922.6,921.36,20.393
1521076320000,920.81,917.21,920.81,917.21,11.49271626
1521076380000,918.9,916.56,917.33,918.9,8.88172356
1521076440000,919,917.31,917.5,919,2.273
1521076500000,922.52,917.46,917.47,922.39,28.21892067
1521076560000,924.97,920.65,923,922.1,22.83810259
1521076620000,922.31,921.81,922.31,921.81,4.593
1521076740000,920.6,920.05,920.6,920.1,2.983
1521076800000,920.79,919.62,920.79,919.63,17.22398902
1521076860000,919.9,919.62,919.62,919.8,4.2298181
1521076920000,920.8,919.9,919.9,920.8,1.1881
1521076980000,922.87,922,922.77,922.51,8.2803794
1521077040000,925.17,922.52,922.52,924.99,24.1978
1521077100000,928.1,924.29,926.2,926,43.49314372
1521077160000,925.91,925.91,925.91,925.91,0.4
1521077220000,926.8,926.37,926.37,926.69,3.06817992
1521077280000,926.8,926.8,926.8,926.8,1
1521077340000,925.9,925.9,925.9,925.9,0.1
1521077400000,930.19,926.2,926.2,928.52,20.60595503
1521077460000,930.3,928.52,928.52,929.5,2.24698715
1521077520000,929.54,928.4,929.4,928.68,10.10065281
1521077580000,929.8,928.32,929.2,928.6,11.1810316
1521077640000,929.2,928.99,929,929.2,4.15780556
1521077700000,929.71,928.5,928.59,928.5,2.41966014
1521077760000,928.3,928.3,928.3,928.3,0.529868
1521077820000,928.5,928.5,928.5,928.5,1
1521077880000,930.3,927.57,927.57,930.3,15.82352
1521078000000,927.15,926.92,927.15,926.92,3.9376
1521078060000,927.42,927.02,927.02,927.42,1.9526
1521078120000,927.21,926.06,927.2,926.06,0.756084
1521078180000,925.92,925.54,925.92,925.54,10.33036767
1521078240000,925.51,924.9,924.9,925.2,4.66521112
1521078300000,925.18,924.87,924.87,925.18,2.962
1521078360000,926,925.18,926,925.18,0.7353
1521078420000,925.55,924.5,925.55,924.5,2.65078393
1521078480000,925.37,923.1,925.37,923.66,48.83241551
1521078540000,923.24,923.24,923.24,923.24,0.06993496
1521078600000,922.38,922.29,922.38,922.33,2.6013173
1521078660000,922.3,921.04,922.3,921.04,4.13056
1521078720000,923.08,921.04,921.04,922.85,25.17842187
1521078780000,922.11,921,921,921.01,11.17773714
1521078840000,922.08,921.02,921.02,921.41,1.56105
1521078900000,922.8,922.08,922.08,922.43,8.84438885
1521078960000,922.5,921.57,921.57,922.5,9.220842
1521079020000,922.36,922.36,922.36,922.36,1.73658
1521079080000,922.6,922.36,922.36,922.6,7.028421
1521079140000,922.8,922.6,922.6,922.8,32.89782338
1521079200000,924.26,921.22,922.71,923.49,4.44039535
1521079260000,924.1,924.1,924.1,924.1,0.028421
1521079320000,922.92,922.4,922.92,922.4,0.31530746
1521079380000,921.78,921.78,921.78,921.78,0.24915671
1521079440000,922.14,921,922.13,921,2.99363
1521079500000,921,915.33,921,916,86.12567735
1521079560000,915.04,911.2,915.04,914.3,58.38913091
1521079620000,914.46,911,914,913,6.22395525
1521079680000,911.84,910.99,911.58,910.99,25.16499407
1521079740000,910.6,904.6,910.6,906.6,100.70505306
1521079800000,906.5,902.36,906.5,902.36,23.56646281
1521079860000,904.3,902.36,904.09,904,81.85300369
1521079920000,907.18,903.03,904,907.18,129.65604393
1521079980000,908.5,904.84,907.2,905.1,66.05025865
1521080040000,904.4,902.2,903.81,904.4,71.04292506
1521080100000,904.49,902,904.49,902,27.15248461
1521080160000,901.99,896.7,901.99,898.01,180.76768897
1521080220000,899.67,896.69,898.2,897.51,227.85830302
1521080280000,897.9,896.27,897.51,896.68,136.16021579
1521080340000,897.07,890.53,897.07,891.32,41.68577112
1521080400000,892.82,891.51,892.81,891.88,30.88801828
1521080460000,896.09,890.54,890.8,894.4,75.05726537
1521080520000,896.75,893.9,894.41,895.3,40.73387712
1521080580000,896.73,893.51,895.2,895.7,39.50670372
1521080640000,895.7,894.2,895.6,895.7,3.44262432
1521080700000,896.71,895.7,895.7,896.68,12.21753109
1521080760000,898.13,894.8,896.67,894.92,62.4699776
1521080820000,895.73,893.72,894.63,895.4,11.95903857
1521080880000,895.71,890.53,895.2,890.53,17.80258534
1521080940000,892.12,884.9,890,885.02,181.59871126
1521081000000,892.05,881.01,885.04,891.39,124.10806916
1521081060000,892.97,890.1,891.2,890.1,60.34090271
1521081120000,890.54,887.44,890.1,890.54,30.63618428
1521081180000,890.49,887.9,890.48,889.34,20.30538934
1521081240000,890.36,889.4,890.31,889.75,14.33191859
1521081300000,891.2,888.02,889.75,891.2,11.26605064
1521081360000,892.58,889.91,889.92,890.9,22.48357625
1521081420000,891.68,890.24,891.4,890.24,9.36280272
1521081480000,892.19,890.22,892.19,891,11.50725635
1521081540000,891,890.5,890.69,890.89,4.8998289
1521081600000,890.69,888.71,890.4,889.1,36.94648303
1521081720000,888.9,886.91,888.76,888.64,6.53630451
1521081780000,889.26,887.23,887.23,889.26,1.67404
1521081840000,888.33,887.09,887.31,887.09,7.27153637
1521081900000,885.92,885.02,885.92,885.02,7.29883133
1521081960000,885.38,880.76,885.02,885.38,206.92190849
1521082020000,887.11,885.77,886,887.11,0.76388
1521082080000,887.47,884.51,887.47,884.51,2.68918338
1521082140000,888.66,884.61,887.12,885.7,55.68432077
1521082200000,887,884.34,885.81,887,5.43064377
1521082260000,887.25,884.9,887.25,884.9,12.60645925
1521082320000,885.6,885.39,885.6,885.39,8.43211381
1521082380000,887,878.11,885.3,880.74,61.65149328
1521082440000,880.88,878,878.31,880,71.97145901
1521082500000,879.99,877.37,879.96,878.59,52.53998408
1521082560000,878.46,870.3,876.9,872.39,327.38932726
1521082620000,874.28,869.31,872.39,870,83.65311437
1521082680000,875,869.31,872.8,871.5,86.57347041
1521082740000,874.7,871.44,873.08,872,29.98089669
1521082800000,875.69,872.1,872.61,872.1,26.5148246
1521082860000,874.9,872.56,874.2,874.8,14.27566234
1521082920000,876.7,873.71,874.8,876.5,20.47578383
1521082980000,877.49,876,877.4,877,12.65850511
1521083040000,877,873.6,877,874.96,32.16597573
1521083100000,877.9,874.8,874.8,877.83,8.63167884
1521083160000,883.33,877.8,878.2,883.33,184.71313474
1521083220000,883.9,878.12,883.9,880.08,14.26542139
1521083280000,882.1,879.21,880.07,880.75,1.64922543
1521083340000,882.1,879.68,881.9,880.2,24.24012635
1521083400000,883.59,879.64,879.64,881.61,16.16672787
1521083460000,881.7,881.4,881.5,881.7,5.09478546
1521083520000,881.7,880.2,881.7,880.2,23.51230683
1521083580000,883,880.1,880.8,881,16.3694613
1521083640000,885.66,880.94,881.62,884.41,28.00266616
1521083700000,884.76,884,884.42,884.76,8.79415333
1521083760000,885.5,881.27,883.31,884,43.39604216
1521083820000,883.1,880,883.1,880,11.6206552
1521083880000,879.78,877.11,879.02,877.11,7.1964
1521083940000,879.8,877.52,878.79,877.52,3.69710304
1521084000000,878.26,878.19,878.25,878.21,1.90908088
1521084060000,878.92,875.32,878.11,875.94,11.72564346
1521084120000,881.11,877.1,878.8,881.11,21.67620617
1521084180000,887.06,881.11,881.11,887.06,31.95061716
1521084240000,888.89,884.93,887.7,888.89,7.52820053
1521084300000,888.89,886.1,888.89,886.1,28.64506993
1521084360000,888.69,886.66,888.69,886.66,1.88107001
1521084420000,886.9,885.92,885.95,886,3.64650511
1521084480000,886,885.18,886,885.18,5.94579
1521084540000,888.24,887.89,887.89,888.24,2.09460432
1521084600000,887.64,886.49,887.64,886.49,10.2513
1521084660000,887.2,884.99,886,886.62,40.30885185
1521084720000,888.29,886.62,886.62,888.29,0.24550537
1521084900000,890,887.78,887.78,889.9,14.17200269
1521085020000,889.3,887.78,889.3,888.42,5.35682
1521085080000,889.06,887,889.06,887,0.06223884
1521085140000,888.54,888.54,888.54,888.54,0.05024912
1521085200000,891.4,889.47,889.47,891.4,29.18629354
1521085260000,892.56,891.18,891.6,891.8,16.23919254
1521085320000,890.7,888.7,890.1,890.7,43.78562491
1521085380000,891.1,890.71,890.71,891.1,1.2546
1521085440000,892.1,890.7,891.1,892.1,2.21275
1521085500000,892.01,890.7,892,890.7,14.82298368
1521085560000,890.39,881.63,890.36,883.32,82.38032237
1521085620000,884.64,881.5,881.93,883.77,33.58997806
1521085680000,886.69,884.89,884.89,886.1,18.7918
1521085740000,885.99,885.59,885.59,885.69,1.1102
1521085800000,885.6,885.39,885.6,885.4,5.92990253
1521085860000,886.2,885.4,885.4,886.2,1.26499747
1521085920000,886.29,886.1,886.29,886.19,8.39758665
1521085980000,886.19,886.19,886.19,886.19,9.74
1521086040000,886.82,883.65,886.82,883.65,25.77901012
1521086100000,883.67,882.4,882.42,883.58,6.74818223
1521086160000,883.33,883.32,883.32,883.32,5.27670866
1521086280000,883.15,882.4,883.15,882.5,4.385084
1521086340000,884,883.4,884,883.5,6.661
1521086400000,885.35,882.9,883.82,882.9,12.60724945
1521086460000,882.92,879.08,882.91,879.1,26.59276986
1521086520000,879.1,876.7,879.09,879.1,11.15403016
1521086580000,879.89,877.17,877.17,879.89,11.74963018
1521086640000,880.29,880,880.29,880,0.56805
1521086700000,883.6,880.29,880.29,882.41,31.2927639
1521086760000,882.4,882.2,882.4,882.2,2.12622238
1521086820000,883.21,882.7,882.7,883.21,5.679
1521086880000,883.21,883,883.21,883.21,15.20111365
1521086940000,883.8,882.13,883.8,882.13,0.87006
1521087000000,888.79,882.16,882.16,888.79,61.03137677
1521087060000,889.6,886.8,888.78,887.6,15.42006002
1521087120000,888.89,887.7,887.7,887.8,1.4335106
1521087240000,888.09,887.5,887.5,887.6,9.2588
1521087300000,889.7,888.4,888.4,888.7,2.97927237
1521087360000,888.71,885.41,888.71,885.5,18.47119627
1521087420000,887.27,885.45,885.6,885.5,6.39744839
1521087480000,885.49,885.15,885.15,885.15,1.65914346
1521087540000,885.25,885.25,885.25,885.25,0.11298
1521087600000,884.89,884.21,884.21,884.89,1.40584939
1521087660000,885.21,884.41,884.41,885.21,5.634883
1521087720000,888.39,885.83,885.83,888.39,9.69439567
1521087780000,885.5,885.4,885.5,885.4,2.5999881
1521087840000,885.3,885.3,885.3,885.3,0.341925
1521087900000,885.29,880.45,885.25,882.54,26.25726631
1521087960000,882.28,879.9,879.9,882.24,9.8501777
1521088260000,883.46,883.46,883.46,883.46,0.32854422
1521088320000,884.8,882.91,884,884.6,11.71244437
1521088380000,885.49,884.58,884.58,885.49,3.08679873
1521088440000,885.1,882.9,885.1,882.9,10.11954464
1521088500000,886.2,884.7,886.2,884.7,0.19965336
1521088620000,886.1,883.6,885.2,883.72,6.24322
1521088740000,884,883.62,884,883.63,3.49615348
1521088800000,886.06,884.47,884.47,886.06,5.5108243
1521088860000,886,885.5,886,885.5,3.46058507
1521088920000,886.7,884.51,886.7,884.51,2.65591706
1521088980000,885.2,883.64,883.64,884.71,3.18816147
1521089040000,886.09,885.8,885.8,886.09,1.2548
1521089100000,886.25,884.5,884.8,886.25,5.88768042
1521089160000,887.17,885.2,885.2,885.83,2.13245485
1521089220000,887.2,887,887.04,887.2,4.50444918
1521089280000,890,888.09,888.09,889.9,6.2
1521089340000,889.49,887.2,889.3,888.7,4.13524504
1521089400000,888.6,888.6,888.6,888.6,0.096
1521089460000,887.7,887.2,887.2,887.7,1.0677
1521089520000,890,887.5,887.5,890,8.17974643
1521089580000,894.8,890,890,893.5,259.51600554
1521089700000,894.08,893.92,894.08,893.92,0.831
1521089760000,894.59,893.4,893.93,893.4,8.78365747
1521089820000,893.9,891.86,893.4,893.37,64.86380274
1521089880000,891.01,891,891.01,891,0.45517
1521089940000,891.71,890.98,890.98,891.28,5.68848352
1521090000000,892.49,889.47,891,892.49,5.16950629
1521090060000,892.3,890.3,890.3,892.3,2.0629
1521090120000,892.3,888.53,892.3,888.53,1.47713079
1521090180000,889.4,885.42,887.5,886.4,12.49124578
1521090240000,887.51,885.7,886.7,886.34,5.14609397
1521090300000,888.46,885.79,886,888.46,5.10424771
1521090360000,886.81,886.6,886.81,886.6,0.2553
1521090420000,886,885.8,885.8,886,0.88934621
1521090480000,885.89,885.21,885.89,885.21,5.9999
1521090540000,886.7,886.4,886.4,886.7,0.3364
1521090600000,886.9,886.47,886.49,886.9,0.9096
1521090660000,886.79,883.92,886.79,883.92,8.33078937
1521090720000,884.1,879,883.43,879.01,65.65170363
1521090780000,879.93,875.72,879,878.02,25.58727642
1521090840000,880.58,875.72,876.79,878.32,24.01192182
1521090900000,878.32,875.81,878.32,875.81,9.11625752
1521090960000,876.1,875.65,876.01,876.1,11.54539595
1521091020000,877.9,876.8,876.82,877.7,0.97177
1521091080000,884.06,878.29,878.29,884.06,39.69706581
1521091140000,886.35,880.71,884.06,882.24,23.61766472
1521091200000,885.01,883.44,884.2,883.61,12.09798637
1521091320000,885,884.7,885,884.9,1.2054
1521091380000,884.8,883.31,884.8,883.31,0.4391
1521091500000,884.5,884.17,884.19,884.23,1.96088585
1521091560000,884.49,884.49,884.49,884.49,0.08398415
1521091620000,883.49,883.2,883.49,883.2,1
1521091680000,883.55,883.55,883.55,883.55,0.73282604
1521091740000,883.57,881.8,883.57,881.8,6.90090175
1521091800000,881.8,880,881.8,880.2,2.87125699
1521091860000,879.8,876.54,879.8,876.62,12.1095499
1521091920000,877.44,876.52,876.61,876.88,10.52077473
1521091980000,878.9,877.74,877.74,878.9,28.672701
1521092040000,880,879.98,879.98,880,2.84087794
1521092100000,882.74,879.14,880.03,879.14,9.6621092
1521092160000,882.91,881.37,881.37,882.5,12.79454836
1521092220000,881.79,881.78,881.78,881.79,1.68
1521092280000,880.58,880.58,880.58,880.58,0.1625
1521092340000,881.28,880.01,880.01,881.28,0.27344925
1521092400000,880.48,880,880.48,880,55.57112836
1521092460000,880,876.11,880,877.44,38.03235899
1521092580000,880,876.75,877.69,877.7,9.06281334
1521092640000,877.69,877.69,877.69,877.69,0.06827115
1521092700000,876.81,876.5,876.8,876.5,71.9478456
1521092760000,876.51,873.47,876.5,874.51,43.29151421
1521092820000,874.21,873.74,873.75,874.21,0.72174456
1521092880000,879.28,873.13,873.16,879.28,39.92641499
1521092940000,877.1,874.5,877.1,874.5,3.26091408
1521093000000,876.23,874.9,876.23,874.9,0.69438939
1521093060000,877.49,874.79,874.79,877.49,6.53310959
1521093120000,878.86,877.44,877.6,877.63,15.94419695
1521093180000,877.71,877.1,877.7,877.1,1.06805239
1521093240000,877.01,876.1,877.01,876.2,0.4438
1521093300000,876.1,875.13,875.36,876.1,7.93978572
1521093360000,876.1,876.1,876.1,876.1,14.3503675
1521093420000,878.29,876.1,876.1,876.82,88.0974985
1521093480000,877.99,876.24,876.51,877.99,4.84110351
1521093540000,878.3,876.1,878.3,876.1,22.14871159
1521093600000,877.76,876.1,876.1,877.76,51.85064433
1521093660000,879.24,877.4,878.2,877.4,8.05666199
1521093720000,877.5,877.4,877.4,877.4,32.8251755
1521093780000,877.4,876.1,877.4,876.1,63.79168972
1521093840000,876.2,876.1,876.1,876.1,10.221938
1521093900000,876.1,874.48,876.1,874.48,97.31852033
1521093960000,874.48,872,874.48,872,6.44110925
1521094020000,873.28,872,872.1,873.28,1.277623
1521094080000,872,870,871.65,870,24.2947237
1521094140000,871.7,870,870.86,870.6,41.52365279
1521094200000,872.5,870,872.5,870,11.45661268
1521094260000,879.09,870,870,878.4,152.88349432
1521094320000,879.07,878.2,878.2,878.4,2.30676222
1521094380000,877.2,872.13,877.2,873.49,29.66302869
1521094440000,873.8,871.93,873.49,873.49,22.928735
1521094500000,872.9,872.9,872.9,872.9,1.83000198
1521094560000,872.2,872.2,872.2,872.2,1.38762188
1521094620000,871.67,870.66,871.67,871.47,18.32826036
1521094680000,873.38,871.22,871.69,873,8.84448211
1521094740000,873.59,872.49,872.79,873.59,16.83515446
1521094800000,873.19,872.12,872.43,872.49,16.61459086
1521094860000,872.28,871.35,872.28,872.2,8.19037404
1521094920000,872.29,870.66,870.96,872.29,26.37192917
1521094980000,872.29,872.29,872.29,872.29,49.52456739
1521095040000,875,872.29,872.29,872.37,41.6653747
1521095100000,873.1,872.2,872.2,872.2,1.1824448
1521095160000,874.17,872.2,872.2,873.1,3.54164063
1521095220000,873.11,873.1,873.1,873.11,1.2170589
1521095280000,873.48,873.12,873.12,873.48,3.36230951
1521095340000,873.13,872.3,873.13,873.1,53.14071163
1521095400000,873.2,872.2,873.2,872.3,59.04603721
1521095460000,872.3,872.2,872.3,872.2,26.59245863
1521095520000,872.2,869.7,872.2,869.7,1.616502
1521095580000,871.25,869.02,869.68,869.02,2.95425575
1521095640000,871.05,869.4,869.9,869.4,2.76045096
1521095700000,873.99,868.63,870.76,873.99,69.04613187
1521095760000,874.1,874.1,874.1,874.1,5.72778
1521095820000,877.62,873.33,873.33,875.63,16.38816385
1521095880000,881.1,876.2,877.19,876.2,45.61814973
1521095940000,878.5,877,877.8,877,9.78446
1521096000000,882.91,877.1,877.1,880.1,27.86090634
1521096060000,882.29,881.01,881.1,881.02,4.57095
1521096120000,881.1,878.36,881.1,878.36,5.07493975
1521096180000,881,877.3,877.5,881,11.69821009
1521096240000,882.3,879.3,880.1,882.3,3.1266316
1521096300000,882.17,882.01,882.17,882.08,1.21267943
1521096360000,882.39,880.3,882.39,880.3,1.36107228
1521096420000,881.89,881.8,881.88,881.8,1.6396892
1521096480000,882.1,880.4,882.1,881.96,13.63811118
1521096540000,880.9,879.11,880.9,879.11,1.18621635
1521096600000,879.4,876.74,877.65,879.4,1.68697998
1521096660000,879.4,879.4,879.4,879.4,0.02101898
1521096720000,878.9,878.4,878.86,878.4,2.23245488
1521096780000,878.81,878.8,878.8,878.81,1.05064711
1521096840000,878.89,876.12,878.1,877.99,17.93716551
1521096900000,878.9,876.7,878.08,878.39,14.7464
1521096960000,878,877.9,877.9,878,2.29475284
1521097020000,880.5,879,879,880.4,2.67276144
1521097080000,880.39,880.39,880.39,880.39,0.25
1521097140000,883.2,880,880,883.2,2.43879894
1521097200000,887.79,880.9,880.9,887.6,42.24136556
1521097260000,891.1,888.19,888.19,889.91,38.53097709
1521097320000,891.43,889.8,891.43,890.89,18.89252525
1521097380000,891.44,888.96,889.87,891.2,3.2713972
1521097440000,898.54,890.21,891.2,898.2,18.82107005
1521097500000,897.18,894.19,896.96,896.82,8.85277348
1521097560000,897.07,894.55,895.41,895.99,2.95681497
1521097620000,896.69,895.1,895.99,895.6,2.97556475
1521097680000,895.4,890.9,895.4,890.9,14.68532652
1521097740000,891.9,891.4,891.9,891.4,3.57948444
1521097800000,894.3,892.46,892.5,894.3,14.968652
1521097860000,894.1,890.9,894.1,891.24,3.96558233
1521097920000,892.1,892.1,892.1,892.1,1.228
1521097980000,892.09,890.53,891.2,890.62,7.2415778
1521098040000,890.7,890.7,890.7,890.7,10.26164009
1521098100000,890.5,890.4,890.5,890.5,0.4025
1521098160000,892.1,890,890,892.1,22.68861231
1521098220000,891.9,891.9,891.9,891.9,0.53793
1521098280000,891.9,891.89,891.89,891.9,3.13008
1521098340000,891.9,891.9,891.9,891.9,3.99858485
1521098400000,891.9,891.9,891.9,891.9,0.52911227
1521098460000,894.35,891.9,891.9,894.35,3.175
1521098520000,891.81,889.4,891.81,889.4,9.82211334
1521098580000,889.28,886.71,889.28,888.4,11.12276647
1521098640000,889.7,888.2,888.2,889.7,50.50496878
1521098700000,889.7,889.7,889.7,889.7,3.3041128
1521098760000,889.3,889.3,889.3,889.3,0.423
1521098820000,891.58,890.1,891.58,891.58,7.10788666
1521098880000,890.51,890.51,890.51,890.51,0.39510723
1521098940000,890.41,889.94,890.41,889.94,0.91141351
1521099060000,888.64,888.21,888.64,888.21,0.4044
1521099120000,889.92,888.13,888.2,889.92,1.1242
1521099180000,890.5,888,890.5,888,35.96352637
1521099240000,889.1,887.1,889.1,887.1,6.62601769
1521099300000,889.7,888.79,888.79,889.7,2.6522
1521099360000,889.8,888.8,889.6,889.8,6.10844014
1521099480000,890.56,889.7,889.8,889.7,3.42822464
1521099540000,890.86,890.86,890.86,890.86,0.3154
1521099600000,890.93,890.9,890.9,890.93,2.02758148
1521099660000,892.53,890.9,890.9,892.53,4.2847
1521099720000,893.74,892.56,892.56,893.56,8.69426642
1521099780000,896.3,893.5,893.5,895.6,24.69116595
1521099840000,894.3,892.52,894.3,892.52,4.09158016
1521099900000,892.71,891.83,892,892.71,4.88710565
1521099960000,893,892.5,893,892.5,3.17975764
1521100020000,892.6,892.5,892.53,892.6,2.22957236
1521100080000,893.29,892.39,892.6,893.29,4.4048
1521100140000,894.49,893,893,894.48,17.50750746
1521100200000,896.44,895.59,895.65,895.59,2.74483762
1521100260000,897.91,896.69,896.69,897.9,30.18365139
1521100320000,899.89,899.02,899.02,899.02,11.37031225
1521100380000,899.38,898.6,898.6,899.3,3.18220314
1521100440000,899,897.21,899,897.21,14.38922974
1521100500000,897.26,893.6,897.25,893.87,64.39588787
1521100560000,894.12,894.12,894.12,894.12,4.3379
1521100620000,896.41,895.59,895.59,896.41,3.40952583
1521100680000,897.42,896.77,896.78,897.42,1.97089212
1521100740000,899.46,899.29,899.46,899.29,2.25777
1521100800000,899.29,894.6,899.29,895.71,43.25067639
1521100860000,895.84,891.04,894.5,891.1,28.5107789
1521100920000,893.26,889.51,891,893.26,43.44208072
1521100980000,892.6,890.5,892.6,890.5,19.83912754
1521101040000,893.57,892.71,892.71,893.57,0.40234
1521101100000,893.4,891.13,891.43,891.13,22.52662813
1521101160000,891.9,890.6,891.9,890.6,6.99573917
1521101220000,892.1,891.9,891.91,892,9.10934
1521101280000,893.54,891.12,891.9,893.54,19.75443609
1521101340000,896.86,892.01,892.1,896.86,21.05700791
1521101400000,897.8,893.09,896.86,896.2,35.26655952
1521101460000,896.6,895.1,896.51,896.03,8.50363322
1521101520000,897.12,895.54,896.5,895.54,22.67545465
1521101580000,895.42,895.41,895.41,895.42,11.26794979
1521101640000,897.6,895.1,897.6,897.45,30.4192309
1521101700000,896.51,895.51,896.51,895.51,11.16682114
1521101760000,899.59,897.4,897.4,898,13.19656991
1521101820000,898.52,895.7,898.52,895.7,1.18322591
1521101880000,897.2,895.7,897.19,895.7,3.74722555
1521101940000,898.59,895.7,895.7,897.17,7.15459634
1521102000000,898.07,896,897,898.07,10.54810349
1521102060000,897.33,897.19,897.33,897.2,0.87866655
1521102120000,898.4,895.8,898.4,895.8,0.48014
1521102240000,898.64,897.26,897.79,897.86,6.41021099
1521102300000,896.7,896.66,896.66,896.7,0.99539696
1521102360000,897.8,895.8,896.8,897.8,3.98065498
1521102540000,897.41,897.1,897.15,897.1,1.40916596
1521102600000,897.1,896.97,896.97,897.1,1.09798011
1521102780000,898.4,897.72,898.4,897.72,0.711876
1521102840000,898.4,896.6,896.6,898.4,8.7734526
1521102900000,899.2,897.45,898.4,897.45,19.2198387
1521102960000,900,896.93,898.99,900,8.01987078
1521103020000,904.54,900,900,904.54,14.69214288
1521103080000,909.19,905.56,906.7,906.15,22.70497737
1521103140000,906.94,903.02,906.15,904.28,4.76823237
1521103260000,908.3,907.5,907.5,908.3,2.38378
1521103320000,915,906.92,909.25,915,56.44901609
1521103380000,920,914.43,915.07,920,118.76696772
1521103440000,927.9,919.09,919.09,923.48,30.82376282
1521103500000,931.63,923.48,923.48,929.18,43.84689197
1521103560000,935.49,929.37,929.37,933.07,36.30176869
1521103620000,934,929.99,933.6,930,60.25096131
1521103680000,935.27,929.43,931.09,934.39,123.04375768
1521103740000,935.1,933.93,934.01,934.17,45.63836983
1521103800000,934.81,931.51,933.7,931.61,97.3272624
1521103860000,935.5,930.1,931.79,933.4,44.60716723
1521103920000,935.74,933.4,933.51,934.8,53.68825244
1521103980000,941.33,934.12,934.78,941.33,72.77334024
1521104040000,942.91,938.04,938.04,942.49,49.18677866
1521104100000,942.76,939.68,942.49,940,28.22949887
1521104160000,940.4,938.32,938.33,940.4,16.32422816
1521104220000,939.72,934.6,937.82,934.7,31.12200578
1521104280000,937.02,933,934.66,934.85,35.9289652
1521104340000,938.39,936.4,936.5,938.39,7.28770193
1521104400000,938.13,936.5,937.9,936.6,8.39614189
1521104460000,939.99,936.99,936.99,939.99,8.45582256
1521104520000,939.99,938.03,938.03,938.2,6.14247376
1521104580000,938.42,936.5,938.11,936.5,51.31338251
1521104640000,936.61,936.5,936.5,936.61,1.39524833
1521104700000,935,933.29,934.99,933.97,8.6981983
1521104760000,934.79,932.8,933.6,934.79,11.27871666
1521104820000,934.69,934.2,934.69,934.2,0.36107868
1521104880000,935.47,934.11,934.3,934.3,12.03579758
1521104940000,935,934.3,934.3,935,9.81067173
1521105000000,934.3,932.71,934.3,932.71,2.69535088
1521105060000,933.88,932.71,932.71,933.88,16.18340639
1521105120000,935.3,933.41,934.2,934.8,6.46486432
1521105180000,934.12,930.41,934.12,930.41,11.79426471
1521105240000,932.49,930,930.24,930.38,38.98267764
1521105300000,932.3,930.9,932.28,930.9,2.2383
1521105360000,934.29,931.18,931.69,933.39,22.45159172
1521105420000,933.38,932.38,933.38,932.38,10.81293363
1521105480000,932,932,932,932,1
1521105540000,930.8,930,930.11,930,10.21938777
1521105600000,930.1,930,930,930.1,30.77582968
1521105660000,930.11,930.11,930.11,930.11,0.02
1521105780000,933.89,931.6,931.76,932.1,13.82968564
1521105840000,934.4,931.9,932.3,931.9,3.5853695
1521105900000,932.4,932.4,932.4,932.4,0.3232
1521105960000,936.39,934.51,935.48,934.51,9.1633147
1521106020000,937.39,934.93,937.39,934.93,2.185339
1521106080000,935.11,935.1,935.11,935.1,0.75
1521106140000,940,935.38,935.8,940,72.40559002
1521106200000,943.08,937.9,937.92,940,106.81472768
1521106260000,940.81,932.44,940,932.44,50.01560738
1521106320000,935.5,932.9,932.9,935.39,11.64471906
1521106380000,936.5,930.28,936.5,930.28,22.61249957
1521106440000,931.53,928.49,930.29,928.6,45.14890629
1521106500000,930.95,929.1,929.1,930.89,4.10061233
1521106560000,929.6,926.37,929.1,929.59,35.15019131
1521106620000,930.35,926.63,929.59,929,32.60511049
1521106680000,929.4,928.4,929.4,928.4,11.27676782
1521106740000,929.19,926.9,929.18,926.9,10.86113509
1521106800000,929.39,929.12,929.38,929.13,12.54139559
1521106860000,929.46,929.45,929.46,929.45,5.36628539
1521106920000,930.89,930.06,930.06,930.89,9.42793768
1521106980000,931.31,931.23,931.23,931.23,11.79848566
1521107040000,931.69,929.88,929.88,931.69,0.46475071
1521107100000,937.46,931.69,931.69,933.38,47.42626322
1521107160000,937.2,934.11,936.6,934.42,18.5349574
1521107220000,936.2,934.8,934.8,935.2,11.04925567
1521107280000,938.85,935,935,938.85,11.84931518
1521107340000,938.44,938.06,938.06,938.44,5.80065014
1521107400000,940.35,939.9,939.9,939.94,8.9753933
1521107460000,941,939.2,939.94,939.21,11.97109388
1521107520000,939.99,939.62,939.62,939.99,10.63841105
1521107580000,940,937.21,937.21,939.8,13.83494601
1521107640000,940.41,940.1,940.1,940.41,10.63365979
1521107760000,939.7,939.7,939.7,939.7,0.49903531
1521107820000,940.5,939.71,940.2,940.5,12.92087662
1521107880000,940.74,937.8,939.3,937.8,15.35485239
1521107940000,937.22,935.74,937,936.59,5.27121568
1521108060000,938.34,936.3,937.44,936.3,4.24317948
1521108180000,941.3,937.24,939.48,941.3,34.91945649
1521108240000,942.95,939.39,941.3,939.39,158.61948245
1521108300000,942.08,940.2,940.21,942.08,0.975
1521108360000,941.7,941.59,941.59,941.7,8.34091454
1521108420000,943.2,941.7,941.7,943.2,10.24363105
1521108480000,944.51,941.66,943.9,943.3,63.24760759
1521108540000,946.47,941.81,944.8,942.99,28.47836768
1521108600000,943.18,941.94,943.18,941.94,29.44235135
1521108660000,941.94,939.34,941.8,939.79,14.22282991
1521108720000,941.21,939.2,939.2,941.21,14.88566916
1521108780000,941.18,939.77,940.5,941.18,8.2969746
1521108900000,940.57,939.4,939.9,939.82,9.1217463
1521108960000,940.99,937.41,939.31,937.41,38.2418326
1521109020000,938.8,938.8,938.8,938.8,0.6
1521109080000,939,938.1,938.1,939,0.37368926
1521109140000,940.35,938.4,938.4,940.35,4.45697121
1521109200000,941,939.63,939.63,939.7,4.61780781
1521109260000,940,937.54,940,937.54,28.50026638
1521109320000,937.73,937.21,937.73,937.21,2.33960032
1521109380000,938.52,937.21,938.19,937.21,1.1
1521109440000,937.31,933.61,937.21,933.61,11.8242628
1521109500000,935.13,932.3,933.61,935.13,31.72247574
1521109560000,935.36,934.03,935.13,934.03,3.81222374
1521109620000,935.16,934.42,934.97,934.42,2.66325786
1521109680000,935.5,935.2,935.5,935.2,1.19066252
1521109740000,935.8,935.03,935.4,935.03,3.125032
1521109800000,935.51,934.37,934.9,934.37,6.34029126
1521109860000,936.28,934.16,936.28,934.16,2.95751744
1521109920000,933.9,932.39,933.07,932.39,7.28294518
1521109980000,932.36,928.35,932.36,928.35,49.64444173
1521110040000,928.49,924,928.49,925,32.67691647
1521110100000,930.5,925.21,925.21,927.37,53.98814866
1521110160000,928.47,927.29,927.37,927.29,3.22242575
1521110220000,928.5,925.29,927.29,928.3,16.4709227
1521110280000,928.3,926.24,928.3,927,4.80482038
1521110340000,927,925.3,927,925.3,10.66681997
1521110400000,925.3,921.15,925.3,921.5,11.3759279
1521110460000,922.48,920.2,921.31,922.48,27.27620205
1521110520000,922.62,921.8,922.2,921.8,8.42768934
1521110580000,924.68,921.53,922.5,924.67,34.39788436
1521110640000,923.7,922.12,923.7,922.12,32.52930387
1521110700000,923.29,922.5,923.29,922.5,25.38581191
1521110760000,922.5,921.84,922.5,921.84,27.82394594
1521110820000,923.87,922.5,922.5,922.63,21.93611374
1521110880000,926.09,923.53,923.6,924.65,19.94242368
1521110940000,925.7,924.33,925,925.7,3.70686706
1521111000000,925.6,923.83,925.27,923.83,0.78983208
1521111060000,924.99,924.6,924.6,924.76,2.39826928
1521111120000,924.5,923.35,924.5,924.39,7.88337257
1521111180000,925.06,924.2,924.4,925.06,4.92330959
1521111240000,926,923.51,926,923.51,3.03514213
1521111300000,924.2,923.15,923.15,924.1,4.72939516
1521111360000,924.06,923.4,923.4,923.7,4.53050501
1521111420000,924.34,924.19,924.32,924.19,1.20250552
1521111480000,924.35,922.81,924.24,924.35,3.49175044
1521111540000,924.25,924.25,924.25,924.25,0.234
1521111600000,924.53,924.35,924.35,924.53,0.3
1521111660000,925.52,924,924,924.68,3.09059352
1521111720000,925.82,924.32,924.68,925.77,3.333
1521111780000,933.39,925.09,925.77,931.39,94.35155466
1521111840000,935.68,931.4,931.4,932.34,80.37297992
1521111900000,933.79,931.86,932.36,931.86,5.0564
1521111960000,933.69,933.2,933.5,933.29,2.76584353
1521112020000,933.29,933.19,933.19,933.29,5.90435987
1521112080000,934.15,933.1,933.19,934.15,5.9662841
1521112140000,933.7,932.92,933.11,932.92,38.80108496
1521112200000,933.3,932.24,932.6,933,6.70857158
1521112320000,935.34,933.92,933.92,935.34,1.6509826
1521112440000,933.55,929.3,933.55,929.77,70.23468738
1521112500000,930.24,924.8,929.77,925.26,26.27069616
1521112560000,925.81,923.54,924.79,925.29,18.861032
1521112620000,926.81,925.2,925.2,926.81,3.074
1521112680000,926.42,924.1,925.8,926.42,29.76900992
1521112740000,930.53,927.06,927.35,930.53,38.2659497
1521112800000,929.31,929.31,929.31,929.31,0.5868015
1521112860000,930.22,929.71,930.08,929.71,1.56685576
1521112920000,932.98,929.41,929.5,932.98,31.04911933
1521112980000,931.21,929.2,931.21,930.01,6.30089607
1521113040000,930.9,930.7,930.85,930.7,1.55226854
1521113100000,932.54,930.7,930.71,932.54,7.94099784
1521113160000,938,933.01,933.01,937.4,83.79221972
1521113220000,937.39,932.91,937.34,932.91,18.76533458
1521113280000,934.9,934,934,934.9,6.38882925
1521113340000,935.12,934.89,934.91,935.12,5.64467569
1521113400000,935,934.2,934.2,935,4.1
1521113460000,936.36,935.3,936.1,936.21,11.9199957
1521113520000,935.9,934.76,934.86,935.9,5.0542
1521113580000,936.32,935.1,935.11,935.1,4.95622648
1521113640000,935.83,933.58,934.99,933.64,14.92753692
1521113700000,933.82,932.37,933.82,932.73,4.20771996
1521113760000,934.18,932.6,932.6,934.18,5.48913616
1521113820000,935.3,934.43,934.44,935.3,4.78995543
1521113880000,934.4,934.31,934.4,934.31,0.8179
1521113940000,935.32,934.92,935.31,934.92,11.45817122
1521114000000,934.69,933.9,934.69,933.9,0.39
1521114060000,934.7,934.7,934.7,934.7,0.60343812
1521114120000,935.3,934.6,934.6,935.3,1.74316631
1521114180000,936.1,936.1,936.1,936.1,0.25563369
1521114240000,936.75,935.61,936.05,936.75,6.46814201
1521114300000,938.56,937.4,937.48,937.4,5.01210504
1521114480000,937.92,937.45,937.45,937.71,1.38802
1521114540000,943.05,937.72,937.72,940.85,24.79920135
1521114600000,941.55,940.61,940.85,940.61,5.8872776
1521114780000,942.47,942.25,942.25,942.45,7.873
1521114840000,945.07,942.96,944.61,945.07,43.27712364
1521114900000,945.55,941.93,945,943.1,25.40027998
1521114960000,942.21,940.2,941.93,942.21,30.98053192
1521115020000,942,941.5,941.5,942,7.89911438
1521115080000,943.34,942,942,943.34,13.09968156
1521115140000,943,941.9,941.9,943,1.3524159
1521115200000,944.3,942.55,944.1,942.81,23.04673437
1521115260000,944.19,940.47,942.8,940.82,34.56572705
1521115320000,941.12,939.59,941.12,939.7,0.8625
1521115380000,940.5,937.17,939.4,940.5,16.16264236
1521115440000,941,940.44,940.44,941,4.94882356
1521115500000,941.01,940.81,941.01,940.87,5.800055
1521115560000,941.25,941.2,941.25,941.2,0.56558512
1521115680000,940.89,938.2,940.89,938.2,15.95341858
1521115740000,938.11,936.7,938.02,938.11,6.20109356
1521115800000,936.71,934.92,936.71,935.99,17.26065318
1521115860000,935.5,935.2,935.2,935.31,0.46582392
1521115920000,936.59,936.59,936.59,936.59,0.25921553
1521115980000,936,934.69,936,935.04,7.126204
1521116040000,935.1,935,935.1,935.1,0.9484352
1521116100000,936,935.2,935.2,936,0.6807048
1521116160000,937.54,936.68,937.15,936.87,9.35518161
1521116220000,937.1,935.91,936.48,937.09,1.48552238
1521116280000,938.85,936.43,937.34,936.43,6.75289471
1521116340000,937.99,934.49,936.8,935.98,11.64472926
1521116400000,934.9,933.7,934.4,933.7,2.36891212
1521116460000,935.1,934.6,934.6,935.1,0.9647407
1521116520000,935.1,932.71,935.1,932.78,12.19853896
1521116580000,932.77,932.5,932.77,932.5,1.66594917
1521116640000,935.65,933,933,934.02,5.15671139
1521116760000,934.6,934.5,934.6,934.5,1.18778746
1521116820000,932.9,931.73,932.9,931.73,10.32067253
1521116880000,931,930.81,930.81,931,3.5696
1521116940000,930.91,929.9,930.9,929.9,9.41360469
1521117000000,930.1,928.4,930.1,928.4,1.00810924
1521117060000,928.7,927.62,928.39,927.62,17.74063996
1521117120000,930.1,930,930.1,930,1.27324105
1521117180000,930.3,930.3,930.3,930.3,0.12036388
1521117240000,931.7,931.1,931.41,931.1,3.30617034
1521117300000,932.07,931.9,931.9,932.07,1
1521117360000,936.33,931.42,932.71,935.26,52.74911402
1521117420000,938.69,935.26,936.52,937.42,6.66932316
1521117480000,937.42,936.31,937.42,936.31,1.88
1521117540000,936.4,936.31,936.31,936.4,0.37306664
1521117600000,937.1,936.11,937.1,936.11,15.42406747
1521117660000,935.5,933.7,935.1,934.49,10.07795882
1521117720000,935.86,935.29,935.29,935.86,2.11
1521117780000,934.61,933.25,934.61,933.25,2.9096
1521117840000,933.64,932.8,933.18,932.97,2.70524
1521117900000,933.8,933.1,933.3,933.8,25.2763
1521117960000,935.3,935.3,935.3,935.3,0.1
1521118020000,934.4,934.15,934.33,934.15,1.1602762
1521118080000,934.15,933.11,934.15,933.11,5.1149281
1521118140000,934.13,934.13,934.13,934.13,0.28
1521118200000,935.07,934.1,934.1,935.07,4
1521118260000,933.6,933.6,933.6,933.6,0.1
1521118320000,933.5,932.08,933.5,932.26,43.81005531
1521118380000,931.98,931.1,931.2,931.98,1.032469
1521118440000,932.2,932,932,932.2,3.75353387
1521118500000,933.6,933.1,933.6,933.1,0.59467865
1521118560000,933,931.8,933,931.8,0.28450922
1521118620000,931.8,931.8,931.8,931.8,0.08295561
1521118740000,940.22,932.87,934.08,940.22,87.44830462
1521118800000,939.79,938.05,938.58,939.4,13.20281174
1521118860000,938.1,937.1,938.1,937.1,11.82434932
1521118920000,938.46,936.01,937.25,936.01,7.9298197
1521118980000,937.76,936.8,937.1,937.76,7.36023269
1521119040000,940.2,937.4,937.43,937.41,58.49325021
1521119220000,938.6,936.2,938.52,936.2,29.49968103
1521119280000,936.7,934.99,936.7,934.99,2.115259
1521119340000,934.9,932.4,934.9,932.4,29.71907647
1521119400000,932.6,931.87,932.6,932.1,0.36
1521119460000,932.89,932.85,932.89,932.85,0.4599006
1521119640000,932.76,932.76,932.76,932.76,0.4
1521119820000,934.76,932.91,933.1,934.76,8.56113974
1521119880000,937.9,934.84,934.84,936.97,41.47261305
1521119940000,937.94,937.9,937.9,937.94,5
1521120000000,937.9,937.9,937.9,937.9,0.82048352
1521120120000,937.42,935.31,937.42,935.46,2.53998317
1521120180000,934.5,934.5,934.5,934.5,0.32
1521120240000,934.71,934.7,934.7,934.71,0.15
1521120300000,935.27,934.8,934.81,935.27,3.7406619
1521120360000,935.27,933.43,935.2,933.43,0.57526942
1521120420000,933.5,932.54,933.5,932.54,22.00683511
1521120480000,934.18,933.1,933.29,934.18,13.57143913
1521120540000,934.91,934.73,934.73,934.91,0.53191489
1521120720000,937.35,935.48,935.48,936.63,5.44577019
1521120840000,934.87,934.48,934.87,934.48,3.72392867
1521120900000,934.61,934.61,934.61,934.61,1.94030573
1521120960000,939.17,934.6,934.6,939.17,18.00205914
1521121020000,940.07,936.55,937.04,938.96,14.76550547
1521121080000,938.8,937.05,938.8,937.05,8.60584638
1521121200000,936.56,935.21,936.56,935.21,1.2
1521121260000,935,934.21,934.77,935,5.74632277
1521121320000,933.95,933.62,933.95,933.62,1.3933113
1521121380000,934.8,934.8,934.8,934.8,0.0806521
1521121440000,935.4,935,935,935.4,0.37450378
1521121500000,935.9,935.9,935.9,935.9,0.0439778
1521121740000,935.58,934.71,935.58,934.71,20.16820793
1521121800000,934.3,934.19,934.3,934.19,1
1521121920000,943.48,936.37,936.37,943.48,151.89868603
1521121980000,946.4,941.81,943.48,944.04,202.86824541
1521122040000,948.77,943.9,944.03,948.77,39.22456251
1521122100000,948.48,946.6,946.6,947.68,54.21593071
1521122160000,948.51,945.63,947.68,948.51,77.43655034
1521122220000,952.17,948.38,948.38,951.93,42.51757336
1521122280000,951.93,948.3,950.04,948.3,66.31278
1521122340000,950.87,947.23,948.26,950.87,12.26661625
1521122400000,948.34,948.06,948.3,948.34,1.3692918
1521122460000,948.33,946.53,948.33,946.6,40.63746421
1521122520000,946,944.93,946,945.45,21.79690673
1521122580000,946.53,944.83,945.45,944.83,6.54146619
1521122640000,945.92,944.35,945.2,944.35,1.94989999
1521122760000,945.28,943.8,945.28,944.7,2.59144159
1521122820000,945.35,943.9,944.9,943.9,1.61457012
1521122940000,946.46,945,945,946.46,1.55665225
1521123060000,947.56,943.86,946.9,943.86,19.83807042
1521123120000,945.32,942.3,944.05,943.8,77.2955349
1521123180000,943.79,943.01,943.7,943.6,1.74011053
1521123240000,945.21,943.99,943.99,945.1,2.79991054
1521123300000,945,943.66,945,943.66,6.518798
1521123360000,943.9,942.3,943.66,943.2,25.28345087
1521123420000,942.4,942.3,942.4,942.3,3.14278
1521123480000,944.16,942.4,942.4,944.16,6.43616944
1521123540000,945.14,943.91,944.1,943.91,5.69982311
1521123600000,944.4,943.92,943.92,944.4,1.1375
1521123660000,946.39,944.5,944.5,946.38,22.23892328
1521123720000,945.9,944.65,945.9,944.65,1.7625
1521123780000,945.9,944.64,945.9,945.25,1.40023343
1521123840000,944.73,944.43,944.43,944.73,11.084651
1521123900000,945.44,944.88,945,944.89,3.40716333
1521123960000,945.4,942.08,945.4,942.08,21.5143209
1521124020000,942.69,941.57,942.69,941.57,6.52114082
1521124080000,945.21,941.57,941.6,944.05,21.41194555
1521124140000,944.2,943.63,944.1,943.63,3.5327807
1521124200000,943.4,943.4,943.4,943.4,0.143
1521124260000,943.4,943.4,943.4,943.4,0.02
1521124320000,942.79,941.3,942.7,941.3,25.31119076
1521124380000,940.93,938.42,940.93,940.28,26.06105136
1521124440000,940.66,940.01,940.38,940.01,4.52
1521124500000,939.9,939.01,939.9,939.01,4.99
1521124560000,941.5,940.14,940.14,941.5,9.5146
1521124620000,942,940.28,941.79,941.78,4.99646943
1521124680000,944.92,940.71,941.78,943.6,78.84184444
1521124740000,945.12,942.82,943.47,942.82,9.60511732
1521124800000,944.17,942.59,943.3,943.26,8.99160332
1521124860000,945,943.51,943.51,944.68,5.70004145
1521124920000,944.9,943.95,944.68,943.95,4.65329995
1521124980000,944.6,944.4,944.5,944.5,4.89904109
1521125100000,944.53,943.1,944.53,943.1,0.27246373
1521125160000,943.1,943.1,943.1,943.1,0.2976
1521125340000,941.53,940.99,941.53,941,1.60811115
1521125400000,940.89,939.58,940.57,940.1,7.32322852
1521125460000,941.9,941.9,941.9,941.9,0.96
1521125580000,941.85,941,941.85,941,1.14019698
1521125640000,941.56,941,941,941.4,3.06775672
1521125700000,944.4,941.79,941.79,942.97,5.33909678
1521125760000,942.6,941.64,942.6,941.64,2.07843493
1521125820000,943.12,943.12,943.12,943.12,0.1
1521125880000,941.6,941.31,941.6,941.31,0.9599
1521125940000,941.41,941.41,941.41,941.41,0.32
1521126000000,940.29,938.51,940.29,938.51,23.44701243
1521126060000,938.51,927.74,938.51,927.74,172.13812741
1521126120000,928.99,921.62,928.99,926.18,52.63739355
1521126180000,924.84,922.46,922.86,923.09,17.48246802
1521126240000,924.1,922.8,922.8,922.96,11.59671508
1521126300000,922.81,920.51,922.8,922.24,45.48456263
1521126360000,924.7,921.94,922.24,924.28,73.85025395
1521126420000,923.01,922.16,923.01,922.82,36.15505836
1521126480000,922.82,916.5,922.82,917.36,151.34165321
1521126540000,919.15,914.91,916.5,914.91,26.02192839
1521126600000,918.93,914.91,914.94,918.91,60.5521175
1521126660000,917.54,916.68,917.1,916.8,9.103663
1521126720000,919.18,916.71,916.71,919.18,24.93353373
1521126780000,917.9,917.9,917.9,917.9,0.351
1521126840000,917.36,915.41,916.1,915.7,8.71665448
1521126900000,916.6,911.86,916.6,913.9,17.53542988
1521126960000,916.04,914,915,914,24.055957
1521127020000,916.16,913.81,916.16,913.81,2.05415639
1521127080000,915,913.9,915,914.77,3.95443129
1521127140000,915.24,913.6,914.88,915.24,2.64769958
1521127200000,916.6,914.3,914.3,916.5,10.05922329
1521127260000,915.77,908.18,915.77,908.2,69.4921319
1521127320000,908.83,903.9,906.81,905.33,10.54691181
1521127380000,907.8,904.61,905.32,907.38,59.15486017
1521127440000,906.7,904.1,905.5,904.1,7.90754068
1521127500000,906.84,904.92,906.3,904.92,7.52849738
1521127560000,905.3,904.7,905.3,904.7,4.08858044
1521127620000,911.55,907.25,907.25,910.3,25.73994626
1521127680000,912.66,910.49,911.5,910.6,7.0082878
1521127740000,912.38,910.2,911.04,910.2,9.71124637
1521127800000,910.33,907.8,910.33,908,15.18336147
1521127860000,910.9,906.68,906.68,908.3,71.09273585
1521127920000,910.9,908.02,908.24,909.78,9.31284218
1521127980000,909.76,907.88,909.74,908,2.37936758
1521128040000,908.01,903,908.01,904.73,20.75980823
1521128100000,908.02,902.2,902.3,908.02,70.5769614
1521128160000,909.1,904.81,907.6,906.3,35.716409
1521128220000,906.49,905.21,905.21,906.49,2.0502
1521128280000,910.44,907.78,907.92,910.44,4.085958
1521128340000,911.15,909.18,910.41,909.41,13.76004882
1521128400000,908.9,906.9,907.89,908.2,5.942
1521128460000,909.56,908.75,908.8,909.43,3.5260952
1521128520000,908.87,908.35,908.87,908.6,0.46102843
1521128580000,908.7,908.7,908.7,908.7,0.4
1521128640000,910.16,908.22,908.7,908.7,77.07509418
1521128700000,912.89,910,910.25,912.89,14.07432848
1521128760000,921.55,912.54,913.01,917.25,63.85098942
1521128820000,917.24,913.94,917.24,914.59,39.99854714
1521128880000,915.9,914.89,914.89,915.7,11.19851585
1521128940000,916.26,914.6,915.8,915.81,11.67934147
1521129000000,918,916.33,917.19,916.33,5.99208318
1521129060000,915.09,914.7,914.7,915.09,0.31
1521129120000,917.17,914.4,915.29,914.4,9.58570781
1521129180000,914,910.67,914,911.68,40.38814216
1521129240000,915.69,912.31,912.31,915.69,11.32015546
1521129300000,916.47,915.64,916.05,915.64,1.82083637
1521129360000,918.6,914.72,915.91,918.19,16.96395773
1521129420000,919.9,918.22,918.22,919.9,21.67419562
1521129480000,921.2,917.8,920.01,920.48,8.29497907
1521129540000,919.86,919.52,919.86,919.52,26.66202475
