1527523200000,12.042,11.99,11.996,12.03,6947.4499427
1527523260000,12.038,12.03,12.038,12.03,718.97496796
1527523320000,12.028,11.934,12.01,12.028,15158.31692697
1527523380000,12.024,11.983,12.024,11.995,357.9457
1527523440000,11.996,11.953,11.991,11.953,9904.02820011
1527523500000,12.007,11.958,11.967,12.006,3928.5535103
1527523560000,12.018,11.97,12.007,12.001903,7092.85116042
1527523620000,12.01,11.987,12.007,12.007,3111.8271309
1527523680000,12.017,11.997,12.006,12.008,1814.67327552
1527523740000,12.016,12.008,12.016,12.013,439.70041698
1527523800000,12.019,12.011,12.011,12.019,853.6253646
1527523860000,12.069,12.019,12.019,12.069,3515.64044583
1527523920000,12.08,12.052,12.056,12.08,2151.59814632
1527523980000,12.132,12.08,12.08,12.13,11063.20588064
1527524040000,12.131,12.075,12.13,12.101,9193.741368
1527524100000,12.101,12.086,12.092,12.086,708.59547421
1527524160000,12.096,12.089,12.089,12.093,1126.20274905
1527524220000,12.095,12.091,12.091,12.091,210.27
1527524280000,12.091,12.06,12.084,12.06,3418.8682763
1527524340000,12.083,12.062,12.062,12.083,495.26038956
1527524400000,12.091,12.09,12.091,12.09,209.73723689
1527524460000,12.094,12.09,12.094,12.09,867.02831821
1527524580000,12.092,12.092,12.092,12.092,406.92854512
1527524640000,12.092,12.09,12.09,12.09,37.28829797
1527524700000,12.091,12.088,12.09,12.088,422.06358171
1527524760000,12.09,12.069,12.087,12.069,830
1527524880000,12.088,12.084,12.088,12.084,682.81969303
1527524940000,12.086,12.085,12.085,12.086,435.77674396
1527525000000,12.085,12.084,12.085,12.084,119.84918676
1527525060000,12.084,12.082,12.083,12.082,1110.98726985
1527525120000,12.087,12.087,12.087,12.087,2
1527525180000,12.087,12.086,12.087,12.086,21
1527525240000,12.083,12.082,12.082,12.083,549.7411998
1527525300000,12.087,12.082,12.086,12.087,647.84662899
1527525360000,12.086,12.075,12.086,12.075,1478.85633298
1527525420000,12.065,12.05,12.065,12.05,1080.95180838
1527525480000,12.051,12.03,12.05,12.03,2927.532109
1527525540000,12.03,12.018,12.026,12.018,456.266
1527525660000,12.018,12.005,12.013,12.005,749.92866738
1527525720000,12.005,11.97,12.005,11.995,10784.40003669
1527525780000,12.027,11.999,12,12.008,3155.18394662
1527525840000,12.012,11.984,12.008,11.984,841.87216251
1527525900000,12,11.989,11.989,11.999,405.19437672
1527525960000,12,12,12,12,703.4999031
1527526020000,12.031,12.009,12.009,12.014,2089.38545847
1527526080000,12.019,12.012,12.019,12.012,170
1527526140000,12.052,12.019,12.019,12.052,715.70768585
1527526200000,12.07,12.039,12.066,12.064,2355.53953694
1527526260000,12.0818304,12.063,12.063,12.071,2106.75959122
1527526320000,12.08,12.052,12.08,12.053,1292.19200562
1527526380000,12.052,12.046,12.052,12.046,250
1527526440000,12.053,12.04,12.045,12.043,2832.71980091
1527526500000,12.039,12.032,12.033,12.032,365.8687574
1527526620000,12.032,12.011,12.032,12.01884808,1061.76150824
1527526680000,12.024,12.024,12.024,12.024,50
1527526740000,12.01,12,12.01,12,960.88863582
1527526800000,12,11.991,11.999,11.991,445.59321438
1527526860000,11.989,11.972,11.989,11.972,839.82409412
1527526920000,11.972,11.947,11.972,11.95,7187.0844397
1527526980000,11.95,11.923,11.95,11.938,5099.10412844
1527527040000,11.946,11.931,11.937,11.936,2348.76041631
1527527100000,11.949,11.906,11.935,11.92,9812.4037345
1527527160000,11.971,11.878,11.92,11.971,37461.65659827
1527527220000,11.97,11.956,11.97,11.963,520.58212207
1527527280000,11.996,11.966,11.966,11.996,6200
1527527340000,12,11.99,11.99,11.996,2336.5293062
1527527400000,12,11.999,12,12,602.37032257
1527527460000,12.035,12,12,12.033,5088.89032303
1527527520000,12.04,12.032,12.035,12.032,82.80100014
1527527580000,12.029,12.017,12.029,12.028,219.3871
1527527640000,12.038,12.028,12.028,12.037,304
1527527700000,12.038,12.035,12.035,12.038,256.47744593
1527527760000,12.08,12.037,12.038,12.07,17605.0031501
1527527820000,12.071,12.055,12.07,12.061,3500.22690985
1527527880000,12.055,12.045,12.054,12.045,509.005639
1527527940000,12.055,12.048,12.052,12.048,685.08215982
1527528000000,12.052,12.012,12.045,12.032,3342.84784963
1527528060000,12.025,12.014,12.014,12.025,204
1527528120000,12.025,12.025,12.025,12.025,6
1527528180000,12.031,11.999,12.024,12.03,5618.50470661
1527528240000,12.03,12.03,12.03,12.03,2
1527528300000,12.031,12.03,12.03,12.031,88.55880968
1527528360000,12.031,12.03,12.031,12.03,692.7421261
1527528420000,12.038,12.038,12.038,12.038,288.8801
1527528480000,12.038,12.03,12.03,12.036,155.85260991
1527528540000,12.038,12.038,12.038,12.038,230.30863261
1527528660000,12.039,12.034,12.038,12.039,398.70047055
1527528720000,12.037,12.032,12.037,12.032,755
1527528780000,12.036,12.036,12.036,12.036,12
1527528840000,12.04,12.038,12.038,12.04,212
1527528900000,12.04,12.04,12.04,12.04,210.60833788
1527528960000,12.036,12.036,12.036,12.036,421.98
1527529020000,12.03632528,12.027,12.035,12.03632528,1231.88387941
1527529080000,12.03632528,12.024,12.03632528,12.024,1069.88281192
1527529140000,12.03,12.029,12.03,12.029,144
1527529200000,12.03,12.025,12.03,12.025,462.04438079
1527529260000,12.036,12.03,12.03,12.036,50
1527529320000,12.026,12.025,12.026,12.025,309.64743772
1527529380000,12.025,12.003,12.025,12.02,1785.95039003
1527529500000,12.02,12.019,12.019,12.019,314.29182659
1527529560000,12.019,11.99,12.019,11.995,1680.99392881
1527529620000,11.997,11.983,11.995,11.983,1796.20934813
1527529680000,11.998,11.987,11.987,11.991,3667.61115414
1527529740000,12.04,11.99,11.998,12.04,61870.96406595
1527529800000,12.05,12.039,12.039,12.05,276.36660417
1527529860000,12.05,12.05,12.05,12.05,2560.56297453
1527529920000,12.05,12.05,12.05,12.05,231.0116447
1527529980000,12.07,12.048,12.05,12.07,16815.1846493
1527530040000,12.07,12.061,12.061,12.07,328.00008697
1527530100000,12.082,12.051,12.069,12.082,7614.12515083
1527530160000,12.08,12.078,12.08,12.078,158.49368022
1527530220000,12.069,12.054,12.069,12.054,157.81970713
1527530280000,12.055,12.053,12.054,12.055,1270.80503339
1527530340000,12.086,12.067,12.067,12.086,10606.0445002
1527530400000,12.086,12.076,12.083,12.084,1526.52320269
1527530460000,12.081,12.06,12.081,12.06,1440.40173606
1527530520000,12.107,12.061,12.062,12.106,4813.26605032
1527530580000,12.101,12.084,12.101,12.101,1275.1149609
1527530640000,12.1,12.09,12.1,12.09,3110.67700894
1527530700000,12.1,12.09,12.09,12.091,557.27310088
1527530760000,12.091,12.073,12.091,12.073,541.35792826
1527530880000,12.066,12.026,12.066,12.026,5854.34058846
1527530940000,12.04,12.025,12.026,12.04,5443.92341178
1527531000000,12.035,12.021,12.027,12.021,1653.53833595
1527531060000,12.036,12.021,12.021,12.029,2501.63796914
1527531120000,12.028,12.018,12.028,12.018,4708.36882251
1527531180000,12.02,12.005,12.018,12.018,5363.6673
1527531240000,12.032,12.032,12.032,12.032,25
1527531300000,12.034,12.023,12.032,12.029,2192.93530739
1527531360000,12.038,12.029,12.029,12.038,1724.13637
1527531420000,12.038,12.03,12.037,12.03,362.63740137
1527531480000,12.059,12.03,12.03,12.059,9245.54598312
1527531540000,12.061,12.051,12.059,12.051,1941.77466477
1527531600000,12.066,12.065,12.065,12.066,547.66092514
1527531720000,12.072,12.068,12.072,12.068,147.91583276
1527531780000,12.073,12.064,12.072,12.064,331.1011
1527531900000,12.066,12.062,12.066,12.062,897.09149828
1527532020000,12.063,12.063,12.063,12.063,15
1527532080000,12.061,12.058,12.061,12.058,13.28679
1527532140000,12.06,12.054,12.057,12.056,666.21526047
1527532200000,12.061,12.055,12.055,12.061,686.57154495
1527532260000,12.091,12.061,12.061,12.09,20512.82531897
1527532320000,12.074,12.067,12.074,12.074,1177.7215297
1527532380000,12.069,12.03,12.069,12.035,4350.95129883
1527532440000,12.072,12.039,12.039,12.058,11029.76794727
1527532500000,12.06,12.058,12.058,12.058,1552.31446449
1527532560000,12.068,12.058,12.058,12.068,106.065763
1527532620000,12.078,12.068,12.068,12.078,7715.76657738
1527532680000,12.07,12.07,12.07,12.07,1591.28434012
1527532740000,12.06,12.06,12.06,12.06,183.31659798
1527532800000,12.06,12.06,12.06,12.06,10.6
1527532860000,12.06,12.06,12.06,12.06,98.8921
1527532920000,12.059,12.058,12.058,12.059,294.495627
1527532980000,12.059,12.001,12.059,12.001,6113.80216347
1527533040000,12.003,11.966,12.002,11.99,20794.87278108
1527533100000,11.999,11.984,11.989,11.999,1488.24701612
1527533160000,12.052,12,12,12.051,13329.56995059
1527533220000,12.052,12.051,12.051,12.052,20041.90841036
1527533280000,12.051,12.051,12.051,12.051,3460.97646258
1527533340000,12.051,11.981,12.051,11.988,28234.47355388
1527533400000,12.017,11.988,11.988,12.011,1916.55499579
1527533460000,12.02,12.002,12.002,12.02,1722.32971487
1527533520000,12.038,12.026,12.027,12.037,1100.24775895
1527533580000,12.035,12.035,12.035,12.035,298.88311848
1527533640000,12.036,12.035,12.035,12.036,171.00701618
1527533700000,12.04,12.04,12.04,12.04,377.07435539
1527533760000,12.039,12.039,12.039,12.039,53.06683855
1527533880000,12.04,12.04,12.04,12.04,69.81541
1527533940000,12.04,12.006,12.04,12.014,3369.18069362
1527534000000,12.031,12.014,12.017,12.03,5780.71843219
1527534060000,12.027,12.01,12.025,12.027,2010
1527534120000,12.031,12,12.031,12.025,5497.79111101
1527534180000,12.024,12.024,12.024,12.024,50
1527534240000,12.053,12.025,12.025,12.053,4714.56239454
1527534300000,12.081,12.059,12.059,12.066,6098.70554625
1527534360000,12.075,12.062,12.065,12.075,639.85268249
1527534420000,12.075,12.074,12.074,12.074,402
1527534480000,12.075,12.075,12.075,12.075,57.3134
1527534540000,12.075,12.075,12.075,12.075,822.29391084
1527534600000,12.076,12.028,12.075,12.028,4007.51472459
1527534660000,12.049,12.032,12.049,12.032,47
1527534720000,12.066,12.06,12.06,12.066,858.68434503
1527534780000,12.067,12.066,12.067,12.067,302
1527534840000,12.075,12.074,12.075,12.075,16.08911739
1527534900000,12.076,12.074,12.076,12.074,1471.51162883
1527534960000,12.076,12.074,12.076,12.074,744.71865981
1527535200000,12.067,12.066,12.066,12.067,163.34126179
1527535260000,12.067,12.067,12.067,12.067,488.04783417
1527535440000,12.067,12.067,12.067,12.067,900
1527535500000,12.07,12.069,12.069,12.07,473.24652991
1527535560000,12.069,12.069,12.069,12.069,39.00526962
1527535620000,12.074,12.069,12.069,12.074,340.9586548
1527535680000,12.075,12.074,12.075,12.074,242.33389096
1527535740000,12.074,12.074,12.074,12.074,483.7956124
1527535860000,12.076,12.075,12.076,12.075,520.90054585
1527535980000,12.076,12.075,12.075,12.075,1121.8599
1527536040000,12.075,12.071,12.075,12.071,1442.06237457
1527536160000,12.118,12.076,12.076,12.117,24137.39615204
1527536220000,12.188,12.118,12.118,12.152,58377.46751426
1527536280000,12.171,12.145,12.149,12.167,7866.87667624
1527536340000,12.168,12.157,12.162,12.164,2292.27319105
1527536400000,12.19,12.165,12.169,12.18,7133.76343125
1527536460000,12.19,12.175,12.178,12.184,3295.29014295
1527536520000,12.181,12.18,12.18,12.181,5007.00991736
1527536580000,12.181,12.18,12.18,12.18,872.71796204
1527536640000,12.181,12.18,12.18,12.18,2605.60275265
1527536700000,12.228,12.177,12.18,12.218,15924.50856624
1527536760000,12.218,12.167,12.218,12.18,5840.15437915
1527536820000,12.167,12.15,12.167,12.15,7414.02120945
1527536880000,12.168,12.15,12.153,12.155,12871.04638678
1527536940000,12.162,12.122,12.16,12.122,4079.37094977
1527537000000,12.167,12.125,12.125,12.166,5768.20983619
1527537060000,12.17,12.148,12.167,12.149,2911.36022625
1527537120000,12.149,12.121,12.138,12.134,2423.27032436
1527537180000,12.134,12.119,12.134,12.13,1043.57250777
1527537240000,12.159,12.12,12.12,12.159,150.75166565
1527537300000,12.16,12.139,12.157,12.157,168.07937848
1527537360000,12.164,12.157,12.157,12.16,209.99998819
1527537420000,12.16,12.125,12.16,12.146,1235.87624214
1527537480000,12.146,12.125,12.146,12.13,1547.36178506
1527537540000,12.132,12.118,12.118,12.132,19.61850733
1527537600000,12.153,12.13,12.13,12.153,1571.9047
1527537660000,12.136,12.124,12.136,12.12486893,472.9869
1527537720000,12.124,12.1,12.124,12.1,1740.42212235
1527537780000,12.1,12.098,12.1,12.098,360.92680048
1527537840000,12.116,12.102,12.116,12.102,624.62503999
1527537900000,12.185,12.103,12.103,12.178,12050.11507156
1527537960000,12.166,12.126,12.166,12.164,4639.85070175
1527538020000,12.181,12.154,12.172,12.154,123.31
1527538080000,12.171,12.153,12.162,12.153,449.44113057
1527538140000,12.167,12.167,12.167,12.167,21.80234929
1527538260000,12.18,12.17,12.17,12.178,164.51108447
1527538320000,12.178,12.157,12.178,12.173,481.35444504
1527538380000,12.168,12.167,12.168,12.168,301.0417521
1527538500000,12.155,12.15,12.15,12.15,75.74499102
1527538560000,12.163,12.13,12.13,12.163,420.58019705
1527538620000,12.158,12.14,12.158,12.14,1496.54511417
1527538680000,12.13,12.124,12.13,12.125,192.71315668
1527538740000,12.119,12.119,12.119,12.119,499.55
1527538800000,12.142,12.117,12.136,12.142,2236.29815235
1527538860000,12.15,12.138,12.15,12.138,244.96187046
1527538920000,12.139,12.139,12.139,12.139,99.25354769
1527539100000,12.145,12.14,12.14,12.145,1070.3375
1527539160000,12.171,12.163,12.163,12.171,168.72414984
1527539220000,12.17,12.136,12.17,12.136,2706.22081077
1527539280000,12.141,12.141,12.141,12.141,3
1527539400000,12.142,12.133,12.133,12.142,39.55328968
1527539460000,12.138,12.126,12.138,12.126,66
1527539520000,12.126,12.118,12.126,12.119,986.94211237
1527539580000,12.128,12.116,12.119,12.128,201.70456595
1527539640000,12.113,12.1,12.113,12.1,3068.80118259
1527539700000,12.101,12.1,12.1,12.1,68.13144034
1527539760000,12.095,12.094,12.095,12.094,98
1527539820000,12.094,12.089,12.094,12.091,438.06195113
1527539880000,12.098,12.098,12.098,12.098,5
1527539940000,12.10451314,12.1,12.1,12.103,1030.6
1527540000000,12.103,12.099,12.1,12.103,448.02566283
1527540060000,12.114,12.1,12.114,12.1,1569.49024338
1527540120000,12.116,12.097,12.097,12.108,966.54075653
1527540240000,12.109,12.098,12.109,12.098,534.7844035
1527540300000,12.102,12.094,12.095,12.094,173.04600822
1527540360000,12.088,12.074,12.088,12.075,2033.77702324
1527540420000,12.072,12.069,12.072,12.069,669.43236156
1527540480000,12.069,12.02,12.069,12.028,6084.56188609
1527540540000,12.085,12.034,12.034,12.085,3326.24646763
1527540600000,12.085,12.049,12.084,12.058,497.68461193
1527540660000,12.058,12.05,12.05,12.05,107.14170478
1527540720000,12.052,12.05,12.051,12.05,517.49960996
1527540780000,12.124,12.056,12.056,12.124,2981.24454578
1527540840000,12.13,12.088,12.103,12.108,10135.96704943
1527540900000,12.123,12.109,12.109,12.12,1292.80644754
1527540960000,12.12,12.107,12.107,12.12,28.34
1527541020000,12.118,12.1,12.118,12.1,5000
1527541080000,12.11,12.098,12.108,12.108,1168.895
1527541140000,12.097,12.097,12.097,12.097,1087.21504389
1527541200000,12.105,12.09,12.105,12.09,51.02209969
1527541260000,12.087,12.048,12.087,12.048,9225.5133178
1527541320000,12.054,12.046,12.054,12.046,1251.12580676
1527541380000,12.07,12.049,12.049,12.07,3278.96862718
1527541440000,12.078,12.049,12.07,12.049,2362.77808965
1527541500000,12.049,12,12.049,12,9656.23585278
1527541560000,12.02518886,11.876,12.006,11.888,75872.35176023
1527541620000,11.93,11.87,11.888,11.93,28478.88841054
1527541680000,11.972,11.923,11.929,11.95,16302.81504198
1527541740000,11.964,11.87,11.964,11.895,10253.57548948
1527541800000,11.90545794,11.818,11.881,11.84,22845.40010952
1527541860000,11.883,11.836,11.836,11.868,11451.07660911
1527541920000,11.911,11.879,11.879,11.9,5145.13793815
1527541980000,11.905,11.819,11.9,11.849,18098.39525476
1527542040000,11.899,11.833,11.849,11.891,12012.2459993
1527542100000,11.933,11.894,11.894,11.933,2008.10774205
1527542160000,11.94,11.899,11.939,11.9,6324.4487365
1527542220000,11.9,11.9,11.9,11.9,12959.93190623
1527542280000,11.9,11.899,11.9,11.9,1753.29921934
1527542340000,11.9,11.895,11.9,11.9,12876.35320227
1527542400000,11.913,11.902,11.902,11.913,903.38149947
1527542460000,11.91,11.906,11.91,11.906,2048.54542103
1527542520000,11.906,11.898,11.906,11.898,2520.57079563
1527542580000,11.896,11.863,11.884,11.869,4308.31715555
1527542640000,11.866,11.832,11.86,11.866,8880.450379
1527542700000,11.874,11.866,11.867,11.874,112.06134134
1527542760000,11.871,11.85,11.871,11.86,3097.13506695
1527542820000,11.871,11.86,11.86,11.87,430.7192631
1527542880000,11.871,11.86,11.867,11.868,468.799
1527542940000,11.875,11.868,11.868,11.875,1085.91377177
1527543000000,11.91,11.871,11.874,11.9,3410.29582883
1527543060000,11.902,11.89,11.896,11.902,1084.94796154
1527543120000,11.91,11.902,11.902,11.91,8262.8557566
1527543180000,11.91,11.899,11.91,11.91,3235.52824764
1527543240000,11.884,11.87,11.884,11.881,564.44927297
1527543300000,11.884,11.869,11.879,11.871,768.63551716
1527543360000,11.899,11.884,11.884,11.899,358.606
1527543420000,11.9,11.888,11.888,11.9,205.23552398
1527543540000,11.89,11.882,11.886,11.89,1881.08960095
1527543600000,11.9,11.89,11.89,11.9,698.49135065
1527543660000,11.91,11.91,11.91,11.91,3841.688709
1527543720000,11.91,11.91,11.91,11.91,103.99
1527543780000,11.91,11.91,11.91,11.91,100
1527543840000,11.91,11.91,11.91,11.91,15
1527543900000,11.909,11.902,11.909,11.902,196.374
1527543960000,11.901,11.901,11.901,11.901,6.57884223
1527544020000,11.901,11.897,11.9,11.898,207.17769658
1527544080000,11.901,11.9,11.901,11.9,120.1173893
1527544140000,11.898,11.892,11.898,11.892,716.31458243
1527544200000,11.88,11.876,11.88,11.876,95.49064629
1527544260000,11.87,11.86,11.87,11.863,904.78754211
1527544320000,11.861,11.815,11.861,11.82,8602.79297805
1527544380000,11.834,11.8,11.82,11.81,12598.98312246
1527544440000,11.828,11.816,11.828,11.816,512
1527544500000,11.821,11.772,11.821,11.788,16016.97134585
1527544560000,11.80676666,11.752,11.786,11.768,11913.53381317
1527544620000,11.769,11.764,11.767,11.768,1448.86827374
1527544680000,11.787,11.764,11.764,11.779,1986.60858782
1527544740000,11.788,11.77,11.77,11.788,1962.11050446
1527544800000,11.786,11.78,11.78,11.786,961.13255108
1527544860000,11.789,11.773,11.781,11.779,2589.87245328
1527544920000,11.774,11.77,11.771,11.77,1517.44787737
1527544980000,11.764,11.724,11.761,11.726,13928.92919846
1527545040000,11.725,11.713,11.725,11.713,9100.6248893
1527545100000,11.721,11.71,11.714,11.71,6359.28897274
1527545160000,11.72,11.711,11.714,11.712,1889.57782878
1527545220000,11.72,11.71,11.713,11.71,3422.35288022
1527545280000,11.711,11.701,11.709,11.701,5304.13899543
1527545340000,11.711,11.701,11.702,11.703,3286.66660687
1527545400000,11.702,11.7,11.701,11.702,14161.98363695
1527545460000,11.704,11.7,11.7,11.7,1092.38384
1527545520000,11.703,11.694,11.701,11.694,6905.38822027
1527545580000,11.695,11.642,11.695,11.651,18615.83898701
1527545640000,11.663,11.63899354,11.657,11.63899354,11785.4190271
1527545700000,11.639,11.57,11.63899354,11.577,44965.82273813
1527545760000,11.587,11.539,11.571,11.542,35443.92592007
1527545820000,11.606,11.542,11.542,11.605,31485.97028976
1527545880000,11.639,11.6,11.603,11.62,12637.85478944
1527545940000,11.638,11.606,11.62891034,11.606,4737.58858669
1527546000000,11.608,11.592,11.608,11.592,4698.65340161
1527546060000,11.603,11.51,11.599,11.51,21277.98949799
1527546120000,11.51,11.36,11.51,11.403,277109.94072614
1527546180000,11.471,11.401,11.404,11.471,28379.2009546
1527546240000,11.511,11.451,11.471,11.505,15522.9788848
1527546300000,11.515,11.472,11.499,11.501,16571.57187712
1527546360000,11.508,11.476,11.501,11.48,14448.1491078
1527546420000,11.49,11.4,11.49,11.412,41684.90910358
1527546480000,11.405,11.34,11.404,11.389,40831.27703765
1527546540000,11.4,11.29,11.399,11.312,88714.77951032
1527546600000,11.44,11.302,11.31,11.44,44895.45783684
1527546660000,11.48,11.43,11.44,11.469,24282.10752586
1527546720000,11.476,11.43130965,11.459,11.433,15792.3114733
1527546780000,11.524,11.425,11.449,11.524,26328.67094621
1527546840000,11.558,11.505,11.52,11.558,14113.01028081
1527546900000,11.563,11.536,11.553,11.549,22246.53009596
1527546960000,11.59,11.55219458,11.561,11.57,21368.78426545
1527547020000,11.572,11.456,11.566,11.485,40640.18372893
1527547080000,11.53,11.48,11.488,11.516,13130.72220002
1527547140000,11.529,11.45,11.528,11.493,16840.68025466
1527547200000,11.53,11.472,11.482,11.529,10515.73612509
1527547260000,11.55,11.524,11.529,11.54,4844.94709992
1527547320000,11.559,11.53,11.54,11.536,767.23428951
1527547380000,11.593,11.532,11.541,11.584,17455.5082192
1527547440000,11.59,11.562,11.584,11.575,2357.70628637
1527547500000,11.576,11.548,11.57,11.548,1365.37461773
1527547560000,11.56,11.476,11.548,11.494,6338.05358103
1527547620000,11.499,11.48,11.495,11.483,2503.61305508
1527547680000,11.545,11.48,11.483,11.52,3318.64440226
1527547740000,11.521,11.504,11.521,11.52,3503.14249206
1527547800000,11.548,11.52,11.52,11.548,5027.7336
1527547860000,11.55,11.54,11.55,11.548,1029.44267178
1527547920000,11.544,11.521,11.544,11.521,2454.77280485
1527547980000,11.545,11.52,11.522,11.545,1776.27873695
1527548040000,11.551,11.466,11.541,11.501,17944.53768274
1527548100000,11.535,11.509,11.51,11.535,3002.90404792
1527548160000,11.559,11.534,11.534,11.559,2807.30630269
1527548220000,11.587,11.56,11.56,11.587,2794.97124461
1527548280000,11.673,11.588,11.588,11.642,55830.53006761
1527548340000,11.739,11.645,11.645,11.692,29655.45562151
1527548400000,11.7,11.656,11.692,11.673,16623.53539863
1527548460000,11.68,11.629,11.667,11.677,10306.16750482
1527548520000,11.697,11.618,11.68,11.619,7529.647473
1527548580000,11.678,11.611,11.617,11.678,13568.75186473
1527548640000,11.678,11.677,11.678,11.677,142.59046537
1527548700000,11.681,11.65,11.677,11.66981659,6262.05644795
1527548760000,11.657,11.644,11.651,11.657,577.52609999
1527548820000,11.657,11.616,11.655,11.63,13896.07808687
1527548880000,11.676,11.61,11.63,11.676,5298.46372109
1527548940000,11.682,11.63,11.676,11.661,11093.01743892
1527549000000,11.66,11.63,11.66,11.63,1393.88039561
1527549060000,11.66,11.64,11.656,11.641,532.075
1527549120000,11.655,11.641,11.655,11.641,513.53959747
1527549180000,11.641,11.64,11.641,11.64,3820.57440877
1527549300000,11.666,11.64,11.641,11.657,1066.05473613
1527549360000,11.66,11.648,11.648,11.66,639.375925
1527549420000,11.661,11.6229129,11.661,11.631,1635.58211334
1527549480000,11.638,11.60825291,11.628,11.634,981.0101
1527549540000,11.621,11.538,11.621,11.577,11746.95894797
1527549600000,11.61,11.566,11.574,11.61,1501.47744784
1527549660000,11.623,11.591,11.611,11.591,1169.73578859
1527549720000,11.6,11.59,11.591,11.599,1260.04377561
1527549780000,11.6,11.592,11.592,11.594,1964.30681995
1527549840000,11.595,11.593,11.593,11.595,279.95066017
1527549900000,11.6,11.574,11.593,11.587,4410.46645597
1527549960000,11.588,11.524,11.578,11.524,8850.19624475
1527550020000,11.543,11.5,11.522,11.516,22705.13334941
1527550080000,11.529,11.499,11.518,11.529,13086.28376124
1527550140000,11.533,11.51,11.52,11.514,705.04914074
1527550200000,11.525,11.481,11.508,11.512,7038.79521516
1527550260000,11.568,11.518,11.518,11.568,3173.18861414
1527550320000,11.568,11.565,11.568,11.567,1846.05371269
1527550380000,11.565,11.55,11.564,11.55,3210.36724392
1527550440000,11.558,11.548,11.55,11.548,1626.88034197
1527550500000,11.558,11.539,11.548,11.539,2582.55366945
1527550560000,11.546,11.498,11.546,11.5,8874.83383136
1527550620000,11.543,11.499,11.5,11.543,2686.523252
1527550680000,11.538,11.491,11.538,11.491,1306.57175102
1527550740000,11.515,11.494,11.494,11.5,286.8914
1527550800000,11.513,11.452,11.496,11.452,2788.67921164
1527550860000,11.479,11.45,11.453,11.471,2162.31921891
1527550920000,11.505,11.485,11.485,11.505,5333.07021229
1527550980000,11.511,11.502,11.502,11.505,1401.34624015
1527551040000,11.558,11.507,11.507,11.531,7230.62366771
1527551100000,11.553,11.506,11.533,11.551,14972.60802666
1527551160000,11.566,11.55,11.551,11.566,890.30056
1527551220000,11.582,11.55131631,11.566,11.55131631,1961.02525737
1527551280000,11.556,11.556,11.556,11.556,100
1527551340000,11.57,11.568,11.568,11.57,88.8321
1527551400000,11.57,11.551,11.562,11.558,1815.83883598
1527551460000,11.556,11.51,11.556,11.518,12014.76720183
1527551520000,11.53,11.508,11.522,11.52,446.86397041
1527551580000,11.52,11.512,11.52,11.512,185.449
1527551640000,11.512,11.50306871,11.511,11.512,530.1981
1527551700000,11.52,11.504,11.512,11.513,2373.5605404
1527551760000,11.517,11.512,11.514,11.512,318.91734318
1527551820000,11.521,11.515,11.515,11.521,4198.95263016
1527551880000,11.521,11.512,11.52,11.512,3950.87764523
1527551940000,11.513,11.501,11.512,11.502,728.00219836
1527552000000,11.513,11.502,11.502,11.513,1326.21248928
1527552060000,11.559,11.513,11.513,11.559,3358.53503836
1527552120000,11.62987912,11.561,11.561,11.6,14080.0515303
1527552180000,11.602,11.589,11.602,11.589,1024.59603055
1527552240000,11.614,11.592,11.592,11.614,400.83766688
1527552300000,11.634,11.587,11.605,11.591,4390.55445481
1527552360000,11.581,11.58,11.58,11.58,286.3313
1527552420000,11.583,11.562,11.583,11.562,4684.25602405
1527552480000,11.562,11.55,11.562,11.55,4287.28672681
1527552540000,11.551,11.526,11.551,11.526,4672.90682061
1527552600000,11.544,11.528,11.537,11.544,423.45183201
1527552660000,11.597,11.552,11.552,11.597,4014.98700668
1527552720000,11.601,11.58,11.601,11.595,1966.79739031
1527552780000,11.596,11.595,11.596,11.595,1111.96216512
1527552840000,11.6,11.596,11.596,11.6,742.70030119
1527552900000,11.6,11.59,11.599,11.595,5081.83611392
1527552960000,11.595,11.59,11.595,11.59,694.60798763
1527553020000,11.59,11.585,11.59,11.585,776.3194
1527553080000,11.59,11.572,11.586,11.59,4804.8114985
1527553140000,11.596,11.59,11.59,11.591,3006.8737285
1527553200000,11.6,11.591,11.596,11.6,6490.73274872
1527553260000,11.617,11.596,11.6,11.617,5988.03532931
1527553320000,11.625,11.603,11.614,11.613,1386.47592283
1527553380000,11.614,11.586,11.613,11.591,4227.92987269
1527553440000,11.625,11.588,11.589,11.609,2611.41365651
1527553500000,11.614,11.601,11.602,11.603,418.8367064
1527553560000,11.613,11.603,11.613,11.603,619.58153846
1527553620000,11.603,11.603,11.603,11.603,230
1527553680000,11.603,11.577,11.601,11.582,6423.99405209
1527553740000,11.582,11.561,11.582,11.561,1521.03393058
1527553800000,11.563,11.561,11.561,11.561,497.99295831
1527553860000,11.561,11.561,11.561,11.561,868.47657362
1527553920000,11.562,11.561,11.561,11.562,209.03306175
1527554040000,11.561,11.561,11.561,11.561,151
1527554100000,11.6,11.561,11.561,11.6,10154.45544432
1527554160000,11.6,11.583,11.6,11.586,1391.09416342
1527554220000,11.588,11.576,11.588,11.58,405.09
1527554280000,11.58,11.58,11.58,11.58,165.85169917
1527554340000,11.58,11.58,11.58,11.58,87.46
1527554400000,11.605,11.583,11.583,11.605,783.28483006
1527554460000,11.608,11.603,11.603,11.608,24.4382
1527554520000,11.6,11.596,11.596,11.6,83
1527554580000,11.6,11.599,11.6,11.599,848.16240185
1527554640000,11.639,11.6,11.6,11.639,2910.48674787
1527554700000,11.639,11.638,11.638,11.638,458.18788481
1527554760000,11.639,11.638,11.638,11.639,64.84761585
1527554820000,11.639,11.607,11.639,11.607,4271.20930673
1527554880000,11.616,11.588,11.603,11.597,4698.73217129
1527554940000,11.601,11.597,11.597,11.601,264.62915352
1527555000000,11.596,11.595,11.596,11.595,196.84728494
1527555060000,11.639,11.59,11.59,11.63686712,2336.99026246
1527555120000,11.657,11.638,11.638,11.657,5382.94526655
1527555180000,11.644,11.618,11.64,11.644,1061.20101227
1527555240000,11.65,11.636,11.636,11.65,575.00769198
1527555300000,11.68,11.64312436,11.654,11.649,9660.12380098
1527555360000,11.651,11.649,11.65,11.649,538.84984809
1527555420000,11.651,11.618,11.65,11.626,3581.36726653
1527555480000,11.635,11.63,11.63,11.632,556.47
1527555540000,11.63,11.614,11.63,11.614,57.6337
1527555600000,11.63,11.62,11.623,11.629,438.56415887
1527555660000,11.637,11.637,11.637,11.637,45.7
1527555720000,11.638,11.637,11.637,11.638,518.7
1527555780000,11.67,11.636,11.641,11.669,4163.76068282
1527555840000,11.68877842,11.663,11.67,11.678,6796.8612154
1527555900000,11.679,11.663,11.678,11.679,279.72905657
1527555960000,11.689,11.664,11.676,11.682,4361.2781676
1527556020000,11.688,11.663,11.675,11.663,2923.9611
1527556080000,11.661,11.617,11.661,11.617,6947.58130498
1527556140000,11.614,11.552,11.614,11.6,24986.43436711
1527556200000,11.598,11.58,11.598,11.58,332.50946184
1527556260000,11.576,11.532,11.576,11.557,8307.81132412
1527556320000,11.567,11.522,11.556,11.539,8189.1368628
1527556380000,11.538,11.521,11.538,11.532,2033.13666154
1527556440000,11.536,11.521,11.532,11.536,4610.41436402
1527556500000,11.54586952,11.529,11.533,11.53,4349.76035124
1527556560000,11.53,11.523,11.523,11.526,550.251
1527556620000,11.526,11.521,11.526,11.522,1341.98157
1527556680000,11.521,11.51925087,11.521,11.51925087,4688.87917916
1527556740000,11.51925087,11.491,11.51925087,11.5,5647.85965766
1527556800000,11.5,11.494,11.5,11.5,2512.65962622
1527556860000,11.498,11.465,11.495,11.468,5007.49258604
1527556920000,11.483,11.463,11.468,11.483,4143.70793243
1527556980000,11.484,11.463,11.477,11.463,2203.91044535
1527557040000,11.463,11.411,11.463,11.425,13766.55013352
1527557100000,11.476,11.424,11.433,11.468,6794.37170674
1527557160000,11.519,11.475,11.476,11.51,6061.29460228
1527557220000,11.506,11.478,11.506,11.478,1592.37394
1527557280000,11.495,11.472,11.476,11.494,5418.88221155
1527557340000,11.495,11.471,11.494,11.471,1063.21400522
1527557400000,11.496,11.473,11.474,11.495,2572.74390737
1527557460000,11.504,11.487,11.493,11.504,1744.25660508
1527557520000,11.504,11.487,11.504,11.487,361.39570687
1527557580000,11.487,11.446,11.487,11.446,6311.12984623
1527557640000,11.478,11.437,11.45,11.464,8790.94070064
1527557700000,11.45,11.437,11.45,11.45,2286.65252301
1527557760000,11.455,11.428,11.45,11.434,2905.01787478
1527557820000,11.433,11.423,11.433,11.423,1030.56395632
1527557880000,11.45,11.41871326,11.423,11.445,11503.5216
1527557940000,11.434,11.401,11.434,11.401,26958.76168633
1527558000000,11.401,11.373,11.401,11.373,31477.60904128
1527558060000,11.434,11.374,11.374,11.4,40506.68890093
1527558120000,11.435,11.397,11.406,11.428,13075.9282109
1527558180000,11.489,11.417,11.428,11.489,12751.02473353
1527558240000,11.57,11.461,11.483,11.547,30140.80504372
1527558300000,11.579,11.522,11.546,11.567,23395.67311417
1527558360000,11.59,11.552,11.565,11.573,9198.11678299
1527558420000,11.59,11.547,11.576,11.56417593,10522.99500814
1527558480000,11.571,11.523,11.568,11.547,7887.04703558
1527558540000,11.55,11.525,11.547,11.54,12331.96754374
1527558600000,11.543,11.532,11.54,11.54,1134.67120623
1527558660000,11.539,11.527,11.527,11.528,682.37889911
1527558720000,11.55,11.51,11.528,11.539,15949.23742014
1527558780000,11.581,11.54,11.54,11.577,1800.42348
1527558840000,11.573,11.556,11.573,11.56,623.50408319
1527558900000,11.566,11.549,11.56,11.549,1003.75814865
1527558960000,11.549,11.538,11.549,11.548,385.99892502
1527559020000,11.563,11.541,11.545,11.556,2235.63212947
1527559080000,11.603,11.558,11.558,11.603,6287.64670235
1527559140000,11.647,11.592,11.604,11.61,15478.09527144
1527559200000,11.605,11.563,11.605,11.563,10889.10979585
1527559260000,11.573,11.57,11.57,11.572,55.44435718
1527559320000,11.572,11.551,11.572,11.555,2979.30549933
1527559380000,11.57,11.557,11.57,11.56,416.6627496
1527559440000,11.567,11.545,11.56,11.567,3041.85673862
1527559500000,11.569,11.558,11.563,11.558,1054.32741245
1527559560000,11.57985159,11.531,11.558,11.577,6255.9660335
1527559620000,11.58,11.565,11.567,11.58,4459.23106803
1527559680000,11.6,11.58,11.58,11.586,10856.93506673
1527559740000,11.577,11.535,11.577,11.562,4407.85663524
1527559800000,11.567,11.53,11.563,11.541,5432.47679309
1527559860000,11.553,11.529,11.552,11.551,1080.39091094
1527559920000,11.553,11.528,11.528,11.533,1063.48409012
1527559980000,11.558,11.524,11.536,11.549,4621.02930644
1527560040000,11.561,11.548,11.549,11.561,1864.5414514
1527560100000,11.572,11.554,11.554,11.56,2713.87780737
1527560160000,11.566,11.557,11.56,11.566,175.78123268
1527560220000,11.573,11.556,11.57,11.573,615.04669
1527560280000,11.574,11.57,11.57,11.571,182.21
1527560340000,11.566,11.565,11.566,11.565,36
1527560400000,11.559,11.515,11.555,11.516,4282.58550733
1527560460000,11.52667662,11.5,11.515,11.52667662,2716.08923367
1527560520000,11.531,11.5,11.525,11.5,2740.916
1527560580000,11.507,11.48212241,11.502,11.502,4339.16970188
1527560640000,11.488,11.48,11.488,11.48,67.0119345
1527560700000,11.482,11.452,11.48,11.452,2328.2162076
1527560760000,11.513,11.47,11.47,11.501,8522.16085896
1527560820000,11.513,11.481,11.49,11.497,7446.34595775
1527560880000,11.508,11.49,11.491,11.491,6012.78233322
1527560940000,11.498,11.491,11.494,11.491,2554.4094136
1527561000000,11.501,11.491,11.491,11.491,5898.06889129
1527561060000,11.495,11.467,11.495,11.48,1334.27044784
1527561120000,11.472,11.46,11.472,11.462,1075.49821305
1527561180000,11.495,11.46,11.479,11.48,6028.20476417
1527561240000,11.471,11.46,11.471,11.466,1805
1527561300000,11.482,11.469,11.478,11.48,1237.47866786
1527561360000,11.478,11.466,11.473,11.474,2208.92818811
1527561420000,11.5,11.475,11.476,11.5,6285.64087017
1527561480000,11.502,11.475,11.502,11.484,3498.78066801
1527561540000,11.49,11.482,11.484,11.485,1449.60190775
1527561600000,11.507,11.491,11.491,11.502,4381.37883517
1527561660000,11.507,11.478,11.502,11.48,7369.39622566
1527561720000,11.479,11.479,11.479,11.479,406.96925
1527561780000,11.505,11.478,11.479,11.478,8880.75098102
1527561840000,11.478,11.465,11.478,11.466,1342.60799565
1527561900000,11.477,11.465,11.477,11.465,3092.41639472
1527561960000,11.48,11.466,11.466,11.472,1969.5156748
1527562020000,11.472,11.47,11.471,11.472,1907.053
1527562080000,11.496,11.472,11.472,11.496,4496.91834972
1527562140000,11.502,11.495,11.501,11.502,5424.6444739
1527562200000,11.502,11.485,11.501,11.485,5064.39415647
1527562260000,11.487,11.47,11.485,11.486,3073.04623997
1527562320000,11.49,11.473,11.479,11.489,1017.68351767
1527562380000,11.495,11.465,11.49,11.471,2639.58645844
1527562440000,11.471,11.465,11.466,11.467,4443.30714526
1527562500000,11.48,11.468,11.468,11.477,6365.28266964
1527562560000,11.481,11.477,11.481,11.478,262.2725932
1527562620000,11.484,11.478,11.484,11.478,380.3738218
1527562680000,11.551,11.478,11.48,11.551,10311.81309607
1527562740000,11.626,11.532,11.549,11.616,66719.72386477
1527562800000,11.59,11.538,11.59,11.568,7335.23863861
1527562860000,11.57,11.54,11.564,11.55,933.76497432
1527562920000,11.575,11.542,11.542,11.547,3715.24811371
1527562980000,11.547,11.53,11.547,11.546,9639.21072191
1527563040000,11.556,11.533,11.541,11.535,4375.72860654
1527563100000,11.54,11.525,11.536,11.525,2311.59901202
1527563160000,11.522,11.51,11.522,11.512,992.32249604
1527563220000,11.518,11.509,11.509,11.51,899.30293
1527563280000,11.51,11.503,11.51,11.503,324.62509
1527563340000,11.547,11.511,11.511,11.539,3121.09420732
1527563400000,11.59,11.54,11.549,11.563,12085.56784137
1527563460000,11.557,11.55,11.557,11.551,745.77828368
1527563520000,11.6,11.55,11.56,11.596,6563.8786837
1527563580000,11.613,11.592,11.596,11.6,6406.13783656
1527563640000,11.6,11.573,11.589,11.596,7170.90576945
1527563700000,11.595,11.575,11.592,11.575,1583.28002107
1527563760000,11.58,11.562,11.573,11.58,1639.08088835
1527563820000,11.594,11.585,11.585,11.592,2740.44050474
1527563880000,11.624,11.58,11.596,11.595,6279.20718842
1527563940000,11.598,11.59,11.598,11.59,411.81260163
1527564000000,11.597,11.582,11.597,11.582,540.2960382
1527564060000,11.622,11.585,11.59,11.597,11926.01964252
1527564120000,11.591,11.553,11.591,11.553,4054.50198089
1527564180000,11.576,11.543,11.554,11.576,2777.17561713
1527564240000,11.577,11.57,11.57,11.57,41.13076
1527564300000,11.569,11.562,11.567,11.562,1818.74557421
1527564360000,11.563,11.562,11.562,11.562,2772.90660843
1527564420000,11.569,11.562,11.563,11.562,818.26325996
1527564480000,11.566,11.563,11.563,11.566,198.9341916
1527564540000,11.562,11.562,11.562,11.562,5651.9171
1527564600000,11.557,11.533,11.556,11.557,7838.10809135
1527564660000,11.577,11.557,11.557,11.574,2136.30792509
1527564720000,11.585,11.576,11.576,11.584,1639.36650455
1527564780000,11.587,11.586,11.586,11.587,128.15176988
1527564840000,11.623,11.585,11.587,11.609,7899.42242568
1527564900000,11.634,11.60869954,11.60869954,11.619,7942.31834233
1527564960000,11.633,11.609,11.622,11.63,4439.26206369
1527565020000,11.632,11.607,11.632,11.61,3885.65070751
1527565080000,11.61,11.604,11.61,11.604,1083.612
1527565140000,11.604,11.601,11.604,11.602,2173.84591837
1527565200000,11.603,11.584,11.601,11.584,2901.36487351
1527565260000,11.59,11.59,11.59,11.59,312.5949
1527565380000,11.6,11.592,11.593,11.6,1326.909
1527565440000,11.624,11.6,11.6,11.607,5129.08318818
1527565500000,11.618,11.601,11.618,11.601,2497.9282644
1527565560000,11.62,11.594,11.601,11.615,711.752
1527565620000,11.624,11.602,11.62,11.624,932.48085876
1527565680000,11.624,11.624,11.624,11.624,163.65882232
1527565740000,11.633,11.625,11.625,11.632,1577.65709635
1527565800000,11.633,11.631,11.633,11.632,357.23498945
1527565860000,11.63,11.612,11.63,11.619,579.13489357
1527565920000,11.619,11.617,11.617,11.619,20
1527565980000,11.665,11.626,11.626,11.647,17487.70927657
1527566040000,11.648,11.615,11.648,11.632,1399.92314101
1527566100000,11.638,11.62250948,11.632,11.624,1718.27445868
1527566160000,11.638,11.618,11.624,11.63,1433.19023755
1527566220000,11.627,11.598,11.626,11.6,5365.98943174
1527566280000,11.6,11.598,11.598,11.6,363.39490753
1527566340000,11.6,11.59,11.599,11.599,1662.75064649
1527566400000,11.61,11.599,11.599,11.61,11757.60523796
1527566460000,11.623,11.599,11.61,11.6,3907.94090394
1527566520000,11.616,11.567,11.6,11.567,12472.85884981
1527566580000,11.593,11.588,11.588,11.593,96.83743235
1527566640000,11.606,11.593,11.593,11.606,1769.43464669
1527566700000,11.62,11.594,11.613,11.61,2993.21210746
1527566820000,11.619,11.585,11.603,11.585,2661.00927581
1527566940000,11.636,11.59,11.595,11.636,2583.70002501
1527567000000,11.623,11.601,11.622,11.615,1306.27740026
1527567060000,11.622,11.601,11.602,11.611,1171.60255726
1527567120000,11.627,11.624,11.624,11.626,2208.23047637
1527567180000,11.647,11.626,11.63,11.642,1846.56573202
1527567240000,11.664,11.625,11.643,11.66,8735.82418856
1527567300000,11.661,11.624,11.66,11.628,6953.28047319
1527567360000,11.647,11.61,11.627,11.645,8481.69667388
1527567420000,11.643,11.624,11.638,11.638,4022.97900799
1527567480000,11.639,11.626,11.639,11.626,1278.33892921
1527567540000,11.633,11.629,11.63,11.633,3002.74807204
1527567600000,11.639,11.62,11.634,11.62,1351.48999005
1527567660000,11.64,11.633,11.633,11.639,140.59623485
1527567720000,11.644,11.635,11.644,11.635,102
1527567780000,11.649,11.645,11.645,11.649,98.56290093
1527567840000,11.651,11.635,11.65,11.641,522.499
1527567900000,11.647,11.635,11.647,11.635,2526.57432332
1527567960000,11.65,11.636,11.636,11.65,340.746
1527568020000,11.65,11.648,11.65,11.648,252.0342913
1527568080000,11.649,11.641,11.649,11.645,140
1527568140000,11.65,11.637,11.646,11.65,168.42395557
1527568200000,11.65,11.636,11.65,11.647,498.07802274
1527568260000,11.645,11.637,11.645,11.645,50
1527568320000,11.643,11.62,11.643,11.63,496.61368497
1527568380000,11.63,11.629,11.63,11.63,141.18218715
1527568440000,11.631,11.619,11.63,11.62,1058.55832141
1527568500000,11.62,11.609,11.619,11.609,4205.3229437
1527568560000,11.607,11.585,11.607,11.585,5538.12306825
1527568620000,11.598,11.578,11.596,11.598,2552.59963386
1527568680000,11.6,11.584,11.6,11.584,1444.47524859
1527568740000,11.586,11.584,11.584,11.586,1321.4322403
1527568800000,11.59,11.585,11.585,11.59,955.45339681
1527568860000,11.601,11.584,11.59,11.599,6261.49717055
1527568920000,11.602,11.598,11.601,11.598,2476.07726666
1527568980000,11.598,11.555,11.598,11.568,7754.17228133
1527569040000,11.569,11.558,11.569,11.558,639.74775298
1527569100000,11.568,11.56,11.56,11.568,688.9955
1527569160000,11.57,11.56,11.57,11.568,6189.29772979
1527569220000,11.581,11.569,11.569,11.579,2212.50116053
1527569280000,11.593,11.584,11.584,11.593,125.42763455
1527569340000,11.603,11.592,11.592,11.603,777.49437177
1527569400000,11.603,11.588,11.603,11.588,940.89797991
1527569460000,11.599,11.564,11.599,11.564,1772.3591178
1527569520000,11.567,11.555,11.566,11.557,3379.017
1527569580000,11.557,11.53,11.557,11.545,18968.5682
1527569640000,11.55,11.544,11.545,11.55,128.997
1527569700000,11.559,11.556,11.557,11.556,671.44787851
1527569760000,11.562,11.541,11.553,11.558,5153.45449597
1527569820000,11.558,11.541,11.557,11.544,5673.72037471
1527569880000,11.558,11.555,11.555,11.558,461.91934268
1527569940000,11.57,11.558,11.558,11.57,419.34761942
1527570000000,11.574,11.567,11.568,11.573,1006.50256482
1527570060000,11.577,11.55,11.574,11.577,33615.72590866
1527570120000,11.577,11.544,11.577,11.558,22799.82695923
1527570180000,11.561,11.54,11.559,11.55,43551.71212526
1527570240000,11.561,11.517,11.557,11.518,12027.5653901
1527570300000,11.518,11.494,11.516,11.494,10832.6068603
1527570360000,11.494,11.431,11.494,11.451,16628.84607909
1527570420000,11.483,11.427,11.445,11.435,39038.20584759
1527570480000,11.443,11.356,11.443,11.387,92003.28905454
1527570540000,11.373,11.328,11.373,11.344,49342.56383093
1527570600000,11.41,11.348,11.35,11.371,17673.7622724
1527570660000,11.373,11.328,11.37,11.332,18717.14042594
1527570720000,11.35,11.23,11.348,11.263,138749.70325037
1527570780000,11.28,11.21,11.275,11.225,62709.47264202
1527570840000,11.232,11.182,11.225,11.222,120092.21308637
1527570900000,11.221,11.182,11.217,11.202,60153.50032457
1527570960000,11.25,11.195,11.204,11.25,6665.87230416
1527571020000,11.251,11.23,11.249,11.232,6341.19599588
1527571080000,11.232,11.053,11.232,11.061,168511.93850429
1527571140000,11.11,11.018,11.065,11.019,142142.890591
1527571200000,11.068,10.934,11.024,10.94,144927.17146727
1527571260000,11.061,10.917,10.941,11,67837.3844283
1527571320000,11.034,10.953,11,10.992,47924.43084988
1527571380000,10.999,10.93,10.992,10.961,69057.089962
1527571440000,10.992,10.9,10.965,10.9,159009.35216754
1527571500000,10.925,10.85,10.903,10.899,193616.99546319
1527571560000,10.947,10.84,10.901,10.928,108524.70409874
1527571620000,10.972,10.9,10.929,10.972,43603.11722925
1527571680000,11.022,10.916,10.974,10.924,58589.08879929
1527571740000,10.933,10.88,10.933,10.895,38051.55787233
1527571800000,10.979,10.895,10.895,10.952,35445.30120336
1527571860000,10.976,10.921,10.952,10.974,24578.8803209
1527571920000,11.013,10.932,10.967,10.933,28531.6932688
1527571980000,10.967,10.909,10.935,10.931,26976.86422791
1527572040000,10.948,10.894,10.937,10.917,24800.04396086
1527572100000,10.92011514,10.811,10.901,10.828,32218.5187673
1527572160000,10.837,10.7,10.829,10.707,132036.27590528
1527572220000,10.819,10.703,10.711,10.791,57212.05642663
1527572280000,10.825,10.791,10.793,10.816,8484.49383212
1527572340000,10.899,10.817,10.817,10.89,24994.26196475
1527572400000,10.898,10.82,10.889,10.85,44580.77513837
1527572460000,10.855,10.8,10.841,10.8,18621.25849553
1527572520000,10.823,10.775,10.8,10.809,21384.24717382
1527572580000,10.841,10.78,10.807,10.826,15439.421252
1527572640000,10.838,10.812,10.825,10.82,12270.93730535
1527572700000,10.855,10.82,10.82,10.855,9283.75361323
1527572760000,10.919,10.851,10.851,10.919,21677.58184286
1527572820000,10.978,10.918,10.918,10.95,32716.73142432
1527572880000,10.95,10.881,10.947,10.9,9968.91874651
1527572940000,10.9,10.863,10.9,10.895,7652.60862813
1527573000000,10.95,10.892,10.892,10.931,20188.40731357
1527573060000,10.966,10.897,10.927,10.957,17706.44625125
1527573120000,10.97,10.95,10.957,10.96,9662.96334018
1527573180000,10.963,10.93,10.958,10.93,15230.55070942
1527573240000,10.948,10.91,10.93,10.932,14343.61112361
1527573300000,10.932,10.89,10.932,10.89,13737.70624632
1527573360000,10.89,10.886,10.889,10.889,4328.06467739
1527573420000,10.889,10.887,10.889,10.888,7038.88233837
1527573480000,10.888,10.886,10.888,10.887,8539.07993218
1527573540000,10.887,10.86,10.887,10.87,12471.18933874
1527573600000,10.88,10.857,10.87,10.88,5090.01572427
1527573660000,10.972,10.874,10.88,10.969,46150.05087566
1527573720000,10.985,10.949,10.969,10.964,38521.20438504
1527573780000,10.963,10.92,10.963,10.948,21999.82222271
1527573840000,10.951,10.919,10.951,10.935,16351.40062909
1527573900000,10.978,10.929,10.935,10.978,31764.27602934
1527573960000,10.978,10.952,10.976,10.967,7289.62515131
1527574020000,10.97,10.959,10.968,10.97,13609.96538007
1527574080000,10.97,10.964,10.97,10.966,2881.37361444
1527574140000,10.966,10.89,10.966,10.89,20017.60326163
1527574200000,10.92,10.899,10.909,10.916,16468.46029206
1527574260000,10.924,10.9,10.919,10.916,2021.80367596
1527574320000,10.923,10.844,10.916,10.868,50808.80546866
1527574380000,10.888,10.85,10.87,10.869,10208.55089385
1527574440000,10.874,10.758,10.874,10.802,54184.87956893
1527574500000,10.823,10.751,10.797,10.8,41250.16244085
1527574560000,10.839,10.79,10.795,10.839,6537.99965741
1527574620000,10.85,10.823,10.836,10.824,5500.49247334
1527574680000,10.848,10.831,10.833,10.848,1611.609855
1527574740000,10.879,10.843,10.844,10.879,20210.41932957
1527574800000,10.878,10.853,10.874,10.857,6404.88970956
1527574860000,10.868,10.827,10.862,10.849,31693.10780683
1527574920000,10.898,10.82,10.832,10.841,69092.84177554
1527574980000,10.866,10.786,10.841,10.8,30317.25390214
1527575040000,10.833,10.798,10.808,10.82,19056.38658591
1527575100000,10.836,10.799,10.82,10.8,41141.74830028
1527575160000,10.811,10.78,10.8,10.803,26908.43707672
1527575220000,10.815,10.767,10.802,10.781,12835.36080315
1527575280000,10.782,10.701,10.78,10.72,40566.57263708
1527575340000,10.78,10.722,10.725,10.774,45824.65356378
1527575400000,10.775,10.71,10.775,10.731,44154.29257018
1527575460000,10.797,10.72,10.731,10.797,49245.97885652
1527575520000,10.83,10.776,10.785,10.83,7007.36807656
1527575580000,10.87,10.818,10.824,10.864,21409.21193999
1527575640000,10.901,10.863,10.863,10.896,31882.56103986
1527575700000,10.889,10.84,10.887,10.843,10963.54091948
1527575760000,10.856,10.82,10.84,10.82,5816.75436745
1527575820000,10.825,10.818,10.825,10.818,3089.92229462
1527575880000,10.818,10.811,10.818,10.816,2903.22091518
1527575940000,10.811,10.776,10.81,10.776,6040.62712159
1527576000000,10.794,10.763,10.776,10.794,14387.06161741
1527576060000,10.8,10.771,10.794,10.773,4883.00612871
1527576120000,10.8,10.779,10.779,10.796,6002.71746959
1527576180000,10.795,10.726,10.795,10.789,35891.09747266
1527576240000,10.789,10.77,10.787,10.789,2948.89199066
1527576300000,10.839,10.785,10.789,10.839,12031.6000057
1527576360000,10.911,10.839,10.839,10.874,56260.22821551
1527576420000,10.90060905,10.84,10.871,10.84,9763.21432559
1527576480000,10.86,10.832,10.842,10.832,4094.0141462
1527576540000,10.829,10.814,10.828,10.826,1851.1054
1527576600000,10.826,10.81,10.821,10.823,5729.84597505
1527576660000,10.816,10.798,10.812,10.808,4265.06650005
1527576720000,10.824,10.803,10.808,10.803,3709.50197345
1527576780000,10.805,10.76,10.803,10.789,12445.64585815
1527576840000,10.826,10.776,10.776,10.826,20235.13111657
1527576900000,10.828,10.8,10.825,10.8,8272.9369114
1527576960000,10.82,10.797,10.807,10.819,3247.84732656
1527577020000,10.819,10.81,10.819,10.81,2221.38378683
1527577080000,10.815,10.803,10.81,10.803,2135.4045
1527577140000,10.815,10.799,10.805,10.81,8183.02236036
1527577200000,10.81,10.806,10.81,10.806,6613.10735976
1527577260000,10.814,10.8,10.81,10.811,7881.7108104
1527577320000,10.82,10.81,10.813,10.811,4612.44759216
1527577380000,10.937,10.818,10.819,10.931,32946.11952957
1527577440000,10.957,10.914,10.93,10.942,33135.05236476
1527577500000,10.941,10.928,10.938,10.928,10186.41653009
1527577560000,10.931,10.879,10.931,10.879,16772.26182332
1527577620000,10.926,10.88,10.885,10.926,14943.40038538
1527577680000,10.93,10.91,10.926,10.917,6741.86628063
1527577740000,10.94,10.927,10.927,10.931,8093.84779529
1527577800000,10.931,10.896,10.931,10.896,8048.42251691
1527577860000,10.918,10.885,10.9,10.895,10637.59916432
1527577920000,10.926,10.888,10.901,10.926,9293.10037454
1527577980000,10.913,10.9,10.911,10.91,2096.190598
1527578040000,10.911,10.908,10.908,10.911,410.69948306
1527578100000,10.928,10.908,10.91,10.928,3863.66689374
1527578160000,10.929,10.919,10.919,10.928,1411.799
1527578220000,10.945,10.925,10.928,10.945,16180.76424349
1527578280000,10.98,10.945,10.945,10.98,6469.46511433
1527578340000,11.031,10.977,10.98,10.994,22280.32070302
1527578400000,11.031,11.008,11.013,11.015,8929.25381527
1527578460000,11.071,11.014,11.015,11.046,35905.17290844
1527578520000,11.089,11.009,11.063,11.083,68997.02761609
1527578580000,11.164,11.079,11.088,11.163,49584.04392607
1527578640000,11.195,11.158,11.162,11.195,43627.88586844
1527578700000,11.223,11.178,11.198,11.2,61902.20488195
1527578760000,11.203,11.078,11.2,11.107,52040.82148714
1527578820000,11.132,11.107,11.107,11.129,11352.03492519
1527578880000,11.16,11.116,11.119,11.143,9100.05772048
1527578940000,11.157,11.1,11.138,11.105,12307.9693332
1527579000000,11.111,11.1,11.11,11.111,13307.10411092
1527579060000,11.111,11.063,11.11,11.076,20092.83874989
1527579120000,11.095,11.065,11.094,11.067,11642.38407632
1527579180000,11.091,11.049,11.079,11.049,9853.55196116
1527579240000,11.0677456,11.032,11.05,11.066,14796.60472565
1527579300000,11.07,11.04606528,11.066,11.07,25823.31644862
1527579360000,11.101,11.071,11.072,11.09,11183.45314304
1527579420000,11.117,11.08,11.09,11.1,9435.58502299
1527579480000,11.165,11.09,11.1,11.159,27701.16367437
1527579540000,11.165,11.103,11.159,11.13,21911.12815965
1527579600000,11.146,11.11,11.135,11.131,16472.62316593
1527579660000,11.131,11.1,11.13,11.11,5592.1797968
1527579720000,11.11,11.08,11.11,11.08,5748.69051144
1527579780000,11.076,10.992,11.076,11.023,29968.67353518
1527579840000,11.049,11.02,11.023,11.038,8795.20575793
1527579900000,11.039,11.017,11.028,11.032,7403.53774148
1527579960000,11.032,11.021,11.022,11.03,1675.05957417
1527580020000,11.044,11.02,11.04,11.02,7427.16560789
1527580080000,11.055,11.02,11.03,11.055,4993.35852648
1527580140000,11.066,11.058,11.06,11.066,743.414
1527580200000,11.117,11.058,11.066,11.115,8802.20721094
1527580260000,11.12,11.09,11.115,11.091,16740.41590464
1527580320000,11.113,11.089,11.1,11.112,13921.6410773
1527580380000,11.113,11.091,11.1,11.091,3492.69942787
1527580440000,11.091,11.062,11.086,11.08,3448.24504531
1527580500000,11.105,11.059,11.087,11.105,5458.26351998
1527580560000,11.106,11.081,11.106,11.084,4355.91329504
1527580620000,11.099,11.08,11.084,11.08,7054.20301076
1527580680000,11.129,11.094,11.094,11.129,6277.1227192
1527580740000,11.152,11.129,11.129,11.152,6586.33312882
1527580800000,11.165,11.148,11.152,11.148,5927.26434323
1527580860000,11.148,11.121,11.148,11.143,13022.62829341
1527580920000,11.149,11.08,11.148,11.1,27815.79432705
1527580980000,11.1593351,11.099,11.099,11.15,32239.75475144
1527581040000,11.151,11.112,11.151,11.124,43383.26997293
1527581100000,11.151,11.116,11.124,11.151,3581.48569726
1527581160000,11.151,11.15,11.15,11.15,962.66559643
1527581220000,11.15,11.108,11.15,11.121,13971.38471309
1527581280000,11.111,11.054,11.109,11.071,20476.57057468
1527581340000,11.083,11.04,11.072,11.083,13659.5418546
1527581400000,11.084,11.081,11.081,11.083,390.3220954
1527581460000,11.14,11.08,11.083,11.14,13402.2198561
1527581520000,11.283,11.146,11.146,11.273,52217.33975904
1527581580000,11.296,11.264,11.272,11.265,20881.23076221
1527581640000,11.26,11.221,11.26,11.232,12171.54358911
1527581700000,11.235,11.224,11.232,11.232,5552.10832222
1527581760000,11.23,11.191,11.23,11.195,15660.95272693
1527581820000,11.195,11.171,11.195,11.175,6655.40389071
1527581880000,11.195,11.175,11.175,11.191,2473.21370432
1527581940000,11.2,11.186,11.187,11.194,16956.60291581
1527582000000,11.232,11.198,11.218,11.199,5525.94101722
1527582060000,11.196,11.17,11.185,11.196,2815.93594626
1527582120000,11.223,11.197,11.197,11.223,4624.21445124
1527582180000,11.227,11.204,11.216,11.222,1684.8347198
1527582240000,11.219,11.203,11.205,11.204,1204.861
1527582300000,11.199,11.17,11.199,11.176,5989.44460961
1527582360000,11.171,11.098,11.171,11.118,21721.45449071
1527582420000,11.135,11.083,11.112,11.098,11024.19413911
1527582480000,11.103,11.09,11.093,11.103,1277.61068678
1527582540000,11.112,11.103,11.103,11.109,1156.78813819
1527582600000,11.119,11.1,11.106,11.113,2866.38598647
1527582660000,11.125,11.112,11.112,11.112,1994.31254846
1527582720000,11.142,11.126,11.127,11.138,1728.88937479
1527582780000,11.182,11.147,11.147,11.18,516.3
1527582840000,11.185,11.183,11.183,11.183,860.09494111
1527582900000,11.203,11.188,11.188,11.203,1006.74262033
1527582960000,11.195,11.184,11.195,11.184,211.12437455
1527583020000,11.185,11.184,11.185,11.185,1071.57533146
1527583080000,11.184,11.175,11.184,11.175,934.33561313
1527583140000,11.174,11.15,11.174,11.15,2776.95675063
1527583200000,11.158,11.15,11.151,11.158,1202.40827828
1527583260000,11.16,11.14,11.16,11.14,1245
1527583320000,11.144,11.138,11.143,11.138,343.5811
1527583380000,11.139,11.138,11.138,11.138,624.5896468
1527583500000,11.144,11.14,11.141,11.143,1417.12956269
1527583560000,11.15,11.15,11.15,11.15,800
1527583620000,11.152,11.152,11.152,11.152,100
1527583680000,11.155,11.155,11.155,11.155,100
1527583740000,11.183,11.153,11.156,11.174,12989.58250504
1527583800000,11.187,11.173,11.176,11.187,1363.45036786
1527583860000,11.257,11.19,11.19,11.232,18067.59842335
1527583920000,11.249,11.219,11.237,11.219,5666.82995266
1527583980000,11.218,11.178,11.218,11.199,4547.34107596
1527584040000,11.2,11.171,11.19,11.2,7742.43117866
1527584100000,11.189,11.165,11.184,11.18,8831.06459242
1527584160000,11.185,11.15246399,11.185,11.172,6177.70328152
1527584220000,11.177,11.162,11.164,11.176,204.14713889
1527584280000,11.175,11.151,11.175,11.162,4268.63249097
1527584340000,11.155,11.15,11.153,11.15,2454.93814356
1527584400000,11.155,11.14,11.155,11.141,3160.55181798
1527584460000,11.143,11.131,11.142,11.131,9002.27687152
1527584520000,11.132,11.112,11.131,11.126,28514.87547021
1527584580000,11.153,11.121,11.125,11.153,25516.25565708
1527584640000,11.137,11.121,11.137,11.121,4802.21707133
1527584700000,11.121,11.1,11.121,11.1,7407.49685152
1527584760000,11.101,11.09,11.101,11.09,3710.42809576
1527584820000,11.097,11.087,11.093,11.087,3778.63415645
1527584880000,11.086,11.043,11.086,11.06,36056.86519445
1527584940000,11.061,11.003,11.049,11.003,36472.46671801
1527585000000,11.01,10.936,11.003,10.959,58835.74173582
1527585060000,10.965,10.93,10.965,10.965,35739.02392558
1527585120000,11.008,10.94,10.966,10.986,14749.37850295
1527585180000,11.008,10.983,10.984,11.008,4003.00809447
1527585240000,11.024,11,11.007,11.004,3578.66419582
1527585300000,11.011,10.986,11.004,10.993,7894.3127001
1527585360000,10.993,10.984,10.987,10.984,2141.39825788
1527585420000,11.004,10.981,10.985,10.997,8034.4922102
1527585480000,11.004,10.99,11.001,10.99,8311.54173726
1527585540000,10.991,10.985,10.991,10.985,3399.84080924
1527585600000,11.004,10.983,10.985,11.003,8901.08815815
1527585660000,11.021,11,11.004,11.02,2688.45445262
1527585720000,11.039,11,11.023,11,5497.46705359
1527585780000,11.025,10.989,10.995,10.992,14090.83411103
1527585840000,10.993,10.99,10.991,10.99,3750.27389609
1527585900000,11.004,10.988,10.991,11,9029.82011719
1527585960000,11,10.97,11,10.976,28429.51655369
1527586020000,10.97,10.947,10.97,10.947,3607.0009959
1527586080000,10.946,10.899,10.946,10.899,19380.9646645
1527586140000,10.997,10.883,10.9,10.997,19043.60064842
1527586200000,10.998,10.957,10.997,10.968,8166.52044084
1527586260000,10.985,10.934,10.97,10.976,12912.40741762
1527586320000,10.979,10.962,10.97,10.97,1938.29044393
1527586380000,10.98,10.97,10.975,10.975,1812.19365434
1527586440000,11.02,10.982,10.982,10.992,12486.35692842
1527586500000,10.992,10.91,10.991,10.919,30141.66289267
1527586560000,10.987,10.91,10.92,10.987,14218.45406785
1527586620000,10.976,10.974,10.976,10.974,59.17317417
1527586680000,10.96,10.943,10.96,10.943,2200
1527586740000,10.978,10.951,10.96,10.978,2774.0469816
1527586800000,10.974,10.955,10.974,10.961,2059.98109398
1527586860000,11.063,10.96,10.961,11.05,23266.74886553
1527586920000,11.096,11.036,11.051,11.079,26256.54459192
1527586980000,11.081,11.076,11.081,11.076,204.36939616
1527587040000,11.079,11.072,11.076,11.078,2180.90859694
1527587100000,11.078,11.04990149,11.078,11.059,3961.70092685
1527587160000,11.051,11.044,11.051,11.049,402.77229622
1527587220000,11.049,11.04,11.049,11.04,1467.78449773
1527587280000,11.05,11.038,11.038,11.05,2871.68021962
1527587340000,11.055,11.048,11.053,11.048,2672.62890997
1527587400000,11.082,11.046,11.048,11.069,4856.361337
1527587460000,11.09,11.073,11.073,11.09,1288.76575439
1527587520000,11.101,11.079,11.09,11.1,4030.04510385
1527587580000,11.13,11.1,11.102,11.105,4736.42792226
1527587640000,11.1547445,11.108,11.109,11.148,6991.44514216
1527587700000,11.149,11.132,11.149,11.132,741.53725923
1527587760000,11.134,11.109,11.134,11.118,2866.76016311
1527587820000,11.126,11.112,11.116,11.112,3652.21087294
1527587880000,11.126,11.1,11.126,11.124,14681.67009879
1527587940000,11.125,11.111,11.125,11.122,3073.48335157
1527588000000,11.123,11.109,11.123,11.109,1719.04829656
1527588060000,11.117,11.09,11.106,11.115,12117.11740173
1527588120000,11.121,11.102,11.106,11.121,2375.64049651
1527588180000,11.156,11.12,11.121,11.147,4210.36498065
1527588240000,11.158,11.148,11.151,11.156,6826.06625179
1527588300000,11.156,11.126,11.15,11.137,10767.00061761
1527588360000,11.145,11.102,11.145,11.11356139,8090.35441664
1527588420000,11.121,11.091,11.114,11.103,3973.73621879
1527588480000,11.115,11.103,11.103,11.115,2574.45948828
1527588540000,11.13,11.115,11.115,11.128,3320.65910441
1527588600000,11.14,11.115,11.129,11.133,4224.32538957
1527588660000,11.151,11.13,11.133,11.13,3468.89951756
1527588720000,11.131,11.072,11.129,11.08,10852.18294308
1527588780000,11.069,11.012,11.069,11.027,42860.01280744
1527588840000,11.078,11.014,11.03,11.077,8114.06442747
1527588900000,11.068,11,11.068,11.021,48052.01319818
1527588960000,11.033,10.991,11.02,11.018,13298.65330431
1527589020000,11.072,11.023,11.023,11.06,6512.63935732
1527589080000,11.067,11.01,11.059,11.067,24507.20669065
1527589140000,11.071,11,11.071,11.039,31039.20515342
1527589200000,11.05,11.038,11.047,11.046,1324.24778543
1527589260000,11.073,11.049,11.049,11.073,619.17727399
1527589320000,11.091,11.077,11.077,11.091,1223.72831254
1527589380000,11.1,11.087,11.093,11.087,233.98095155
1527589440000,11.152,11.088,11.088,11.151,6417.96066536
1527589500000,11.281,11.15,11.154,11.225,109967.89196121
1527589560000,11.28,11.2,11.229,11.25,57212.28287557
1527589620000,11.228,11.2,11.226,11.2,14600.22173726
1527589680000,11.22,11.15,11.2,11.189,80600.92212684
1527589740000,11.189,11.153,11.189,11.153,2180.23251781
1527589800000,11.164,11.156,11.164,11.157,1191.50787597
1527589860000,11.158,11.123,11.157,11.123,8800.67946712
1527589920000,11.125,11.113,11.125,11.113,2589.00412859
1527589980000,11.13,11.10385999,11.118,11.112,3464.3613389
1527590040000,11.127,11.107,11.107,11.127,676.76252692
1527590100000,11.169,11.112,11.117,11.159,5154.25106361
1527590160000,11.199,11.172,11.172,11.199,7186.55506374
1527590220000,11.224,11.199,11.199,11.215,10752.63062953
1527590280000,11.211,11.159,11.21,11.159,5906.27665388
1527590340000,11.179,11.149,11.153,11.179,928.85739689
1527590400000,11.203,11.167,11.182,11.203,3039.2669307
1527590460000,11.26,11.2,11.21,11.2,15444.42774373
1527590520000,11.262,11.204,11.209,11.228,20724.83933888
1527590580000,11.243,11.2,11.229,11.23,14596.12067781
1527590640000,11.24,11.202,11.228,11.22,6308.79448447
1527590700000,11.221,11.204,11.221,11.21,5165.342517
1527590760000,11.208,11.199,11.208,11.199,16734.38309669
1527590820000,11.315,11.208,11.208,11.269,56309.70304652
1527590880000,11.304,11.246,11.27,11.262,67705.87351437
1527590940000,11.315,11.25,11.267,11.309,17069.00084879
1527591000000,11.302,11.261,11.302,11.28,6374.13236298
1527591060000,11.353,11.265,11.265,11.348,30284.86394761
1527591120000,11.449,11.332,11.337,11.423,136272.68325002
1527591180000,11.444,11.34,11.42,11.352,14173.56187935
1527591240000,11.369,11.353,11.353,11.365,1552.35777928
1527591300000,11.365,11.305,11.365,11.331,16783.24928707
1527591360000,11.37,11.337,11.337,11.339,10917.49400745
1527591420000,11.36,11.314,11.345,11.334,13625.96245677
1527591480000,11.336,11.33,11.331,11.335,1467.20471529
1527591540000,11.445,11.339,11.34,11.424,21699.13783127
1527591600000,11.46,11.42,11.434,11.44,16984.88886588
1527591660000,11.681,11.44,11.44,11.6,161277.0722276
1527591720000,11.63692723,11.593,11.604,11.594,34873.89417789
1527591780000,11.594,11.515,11.594,11.541,14715.97548724
1527591840000,11.568,11.52044538,11.541,11.561,30718.95238547
1527591900000,11.584,11.555,11.561,11.584,10755.4158008
1527591960000,11.662,11.582,11.584,11.662,32829.98052345
1527592020000,11.737,11.65,11.662,11.68,73603.43080386
1527592080000,11.68,11.619,11.679,11.629,29069.64763056
1527592140000,11.628,11.562,11.628,11.564,22115.75504724
1527592200000,11.6,11.561,11.562,11.587,12642.15400074
1527592260000,11.61,11.58,11.58,11.603,6566.5116853
1527592320000,11.603,11.521,11.603,11.521,39919.47196226
1527592380000,11.548,11.512,11.531,11.524,6936.59000214
1527592440000,11.587,11.525,11.525,11.55,12524.53397218
1527592500000,11.551,11.523,11.547,11.542,4696.82109111
1527592560000,11.624,11.537,11.538,11.624,14558.92273064
1527592620000,11.62,11.56,11.62,11.58,8582.98313035
1527592680000,11.569,11.549,11.569,11.555,3702.86197399
1527592740000,11.555,11.519,11.555,11.526,5158.71823548
1527592800000,11.53,11.5,11.529,11.51,10660.0353214
1527592860000,11.608,11.471,11.509,11.56,16225.54642267
1527592920000,11.573,11.557,11.566,11.56,3579.07429569
1527592980000,11.593,11.56,11.56,11.593,6430.5716187
1527593040000,11.61,11.581,11.593,11.596,8844.56419354
1527593100000,11.591,11.561,11.591,11.58,8329.23102761
1527593160000,11.784,11.579,11.579,11.784,105988.25832231
1527593220000,11.846,11.758,11.772,11.79,79540.99237101
1527593280000,11.82,11.71,11.79,11.785,110019.68271866
1527593340000,11.85,11.748,11.786,11.793,79938.57359443
1527593400000,11.793,11.71,11.793,11.738,45898.55826473
1527593460000,11.823,11.731,11.746,11.823,14593.95683679
1527593520000,11.939,11.805,11.805,11.934,51633.12466557
1527593580000,11.98,11.905,11.924,11.98,21612.84528656
1527593640000,12.014,11.90519104,11.98,11.90519104,103893.45345902
1527593700000,11.947,11.899,11.944,11.9,29922.3055119
1527593760000,11.924,11.879,11.9,11.924,24631.6712284
1527593820000,11.91,11.866,11.91,11.866,7079.47936731
1527593880000,11.925,11.86,11.868,11.889,13389.85439709
1527593940000,11.934,11.894,11.899,11.9,12643.97580236
1527594000000,11.893,11.876,11.893,11.882,4456.5277825
1527594060000,11.896,11.822,11.883,11.883,18715.83720431
1527594120000,11.876,11.829,11.876,11.857,7138.28345213
1527594180000,11.857,11.776,11.857,11.792,13967.06904258
1527594240000,11.808,11.76,11.781,11.799,13525.80045066
1527594300000,11.787,11.756,11.787,11.781,4845.55322676
1527594360000,11.853,11.777,11.777,11.853,11658.97596761
1527594420000,11.858,11.807,11.855,11.815,5025.84208408
1527594480000,11.809,11.783,11.801,11.804,3528.62463261
1527594540000,11.875,11.788,11.804,11.864,3247.13018023
1527594600000,11.912,11.859,11.867,11.906,6863.01293043
1527594660000,11.918,11.868,11.908,11.9,8090.30996321
1527594720000,11.9,11.815,11.9,11.821,9582.82401396
1527594780000,11.898,11.812,11.815,11.864,26702.5565282
1527594840000,11.861,11.83,11.861,11.831,2896.81152063
1527594900000,11.827,11.761,11.827,11.777,8389.75382009
1527594960000,11.779,11.701,11.76,11.779,52313.99186787
1527595020000,11.78,11.757,11.774,11.78,7842.63093471
1527595080000,11.781,11.779,11.78,11.781,2079.54095179
1527595140000,11.824,11.782,11.783,11.813,7550.99066352
1527595200000,11.835,11.8,11.816,11.834,5078.10404349
1527595260000,11.85,11.817,11.817,11.85,2799.52157032
1527595320000,11.915,11.85,11.85,11.9,28992.51785569
1527595380000,11.923,11.884,11.904,11.888,3279.69777229
1527595440000,11.908,11.865,11.887,11.889,8032.5541763
1527595500000,11.899,11.869,11.88975022,11.898,4605.8398596
1527595560000,11.926,11.881,11.898,11.925,75499.20913558
1527595620000,11.954,11.926,11.926,11.937,29381.55525264
1527595680000,11.941,11.884,11.938,11.895,68408.55818654
1527595740000,11.9,11.848,11.895,11.864,32515.65169214
1527595800000,11.863,11.841,11.86,11.863,6926.24374045
1527595860000,11.853,11.756,11.852,11.785,156956.96420247
1527595920000,11.795,11.76,11.789,11.788,15837.51660647
1527595980000,11.82,11.788,11.788,11.82,6116.50299331
1527596040000,11.875,11.822,11.822,11.85,7856.29351594
1527596100000,11.851,11.784,11.851,11.81,7551.81658486
1527596160000,11.822,11.784,11.819,11.784,9360.88388441
1527596220000,11.797,11.724,11.791,11.739,18157.82201383
1527596280000,11.747,11.708,11.747,11.73,15345.99464584
1527596340000,11.773,11.72,11.73,11.765,7867.51285089
1527596400000,11.764,11.73,11.751,11.74430702,35272.49984912
1527596460000,11.764,11.741,11.741,11.764,6614.17701026
1527596520000,11.804,11.751,11.764,11.778,13523.02277236
1527596580000,11.793,11.781,11.781,11.787,2475.03325609
1527596640000,11.792,11.767,11.791,11.767,5902.42928016
1527596700000,11.763,11.711,11.762,11.711,31916.89548093
1527596760000,11.724,11.691,11.715,11.72,31275.95359868
1527596820000,11.767,11.732,11.739,11.756,2105.96644484
1527596880000,11.757,11.74,11.741,11.751,2174.1409781
1527596940000,11.753,11.752,11.752,11.752,799.5383
1527597000000,11.809,11.752,11.761,11.809,8724.78805713
1527597060000,11.837,11.807,11.807,11.837,20269.5062452
1527597120000,11.842,11.8,11.842,11.8,11366.37544924
1527597180000,11.787,11.77,11.787,11.777,1389.45978754
1527597240000,11.775,11.77,11.77,11.77,5935.94162407
1527597300000,11.765,11.73,11.761,11.765,13883.05183873
1527597360000,11.78,11.763,11.766,11.78,3983.3425962
1527597420000,11.78,11.752,11.78,11.752,7627.56145215
1527597480000,11.752,11.73,11.752,11.732,10140.29886132
1527597540000,11.769,11.73,11.73,11.765,6698.62883892
1527597600000,11.76,11.754,11.76,11.759,921.10184482
1527597660000,11.816,11.759,11.759,11.804,21265.62903782
1527597720000,11.841,11.803,11.806,11.814,16334.41717804
1527597780000,11.85,11.799,11.811,11.8,13169.5846779
1527597840000,11.827,11.8,11.8,11.801,9897.35893297
1527597900000,11.801,11.79,11.801,11.797,1882.73569821
1527597960000,11.8,11.79,11.8,11.79,3348.01446607
1527598020000,11.79,11.757,11.79,11.76,8862.35979569
1527598080000,11.771,11.761,11.761,11.77,795
1527598140000,11.801,11.77,11.77,11.8,1531.99826828
1527598200000,11.801,11.784,11.8,11.801,541.64666156
1527598260000,11.819,11.791,11.791,11.819,1683.3027
1527598320000,11.85,11.806,11.818,11.839,9195.59987654
1527598380000,11.857,11.83,11.839,11.83,5047.90463428
1527598440000,11.834,11.8,11.83,11.8,1539.70116605
1527598500000,11.8,11.789,11.8,11.789,134.7999563
1527598560000,11.796,11.784,11.786,11.796,2140.96579864
1527598620000,11.796,11.733,11.796,11.777,38890.17930989
1527598680000,11.786,11.777,11.777,11.784,1231.21967088
1527598740000,11.797,11.775,11.775,11.79,4438.56100235
1527598800000,11.888,11.798,11.798,11.872,30707.019306
1527598860000,11.884,11.841,11.873,11.853,5460.70176855
1527598920000,11.861,11.831,11.852,11.84,2327.02502453
1527598980000,11.888,11.837,11.837,11.851,9534.26331028
1527599040000,11.85,11.8,11.85,11.823,10730.81941459
1527599100000,11.85,11.828,11.835,11.828,1181.37864808
1527599160000,11.824,11.8,11.824,11.812,4878.95087701
1527599220000,11.814,11.808,11.81,11.814,328
1527599280000,11.842,11.82,11.82,11.842,192.861
1527599340000,11.837,11.831,11.837,11.833,1640.15942228
1527599400000,11.843,11.832,11.832,11.843,795.3832648
1527599460000,11.926,11.85,11.85,11.89,44677.57143607
1527599520000,11.948,11.896,11.9,11.917,11511.88690327
1527599580000,11.92,11.853,11.919,11.892,10401.69588503
1527599640000,11.89,11.874,11.885,11.876,2035.12859614
1527599700000,11.878,11.868,11.874,11.876,3113.31491754
1527599760000,11.897,11.878,11.878,11.894,1459.75679388
1527599820000,11.899,11.878,11.895,11.892,2387.41800007
1527599880000,11.9,11.869,11.888,11.88,5549.8042391
1527599940000,11.894,11.871,11.872,11.891,1636.17627005
1527600000000,11.888,11.87,11.888,11.879,2050.22665995
1527600060000,12,11.879,11.879,12,39756.18191413
1527600120000,12.003,11.909,12,11.945,27698.12699351
1527600180000,11.982,11.943,11.956,11.943,7725.74616789
1527600240000,11.974,11.95,11.95,11.969,2390.49025665
1527600300000,11.972,11.94,11.969,11.971,9596.86359905
1527600360000,12.087,11.951,11.968,12.061,52524.82300172
1527600420000,12.081,12.012,12.053,12.049,21216.59175842
1527600480000,12.06,12.013,12.03,12.013,22771.33372302
1527600540000,12.018,12.005,12.012,12.007,7011.7117363
1527600600000,12.007,11.935,12.007,11.96,18891.12302924
1527600660000,11.989,11.906,11.961,11.932,44895.94362671
1527600720000,11.961,11.874,11.931,11.902,12263.84335115
1527600780000,11.9,11.848,11.9,11.871,20537.89808192
1527600840000,11.917,11.867,11.873,11.9,7001.66108392
1527600900000,11.896,11.848,11.896,11.848,3847.46972881
1527600960000,11.872,11.839,11.848,11.872,7519.77818116
1527601020000,11.881,11.872,11.873,11.872,1140.79991661
1527601080000,11.879,11.86,11.869,11.879,218.84
1527601140000,11.89,11.879,11.885,11.881,2514.82351783
1527601200000,11.89,11.878,11.88,11.89,3671.08401485
1527601260000,11.885,11.854,11.885,11.864,1438.86223585
1527601320000,11.885,11.875,11.875,11.88,852.4
1527601380000,11.881,11.875,11.88,11.875,1969.59302897
1527601440000,11.865,11.804,11.864,11.848,19645.59216732
1527601500000,11.858,11.83,11.858,11.835,919.15232731
1527601560000,11.842,11.837,11.837,11.84,912.15400052
1527601620000,11.858,11.839,11.839,11.857,2012.84153207
1527601680000,11.879,11.862,11.862,11.879,664.4676253
1527601740000,11.925,11.884,11.884,11.924,10517.25065648
1527601800000,11.925,11.877,11.924,11.877,2178.1896749
1527601860000,11.902,11.893,11.893,11.896,427.98597222
1527601920000,11.925,11.905,11.905,11.908,1593
1527601980000,11.911,11.85,11.911,11.851,3137.11568141
1527602040000,11.884,11.865,11.869,11.865,1137.42938497
1527602160000,11.89,11.884,11.885,11.889,889.29516539
1527602220000,11.897,11.878,11.89,11.89,3604.27029286
1527602280000,11.89,11.89,11.89,11.89,303.35313616
1527602340000,11.879,11.867,11.867,11.879,1241.25191229
1527602400000,11.908,11.874,11.875,11.908,2629.90100547
1527602460000,11.97,11.901,11.915,11.901,35603.98881017
1527602520000,11.906,11.888,11.901,11.888,2286.85524298
1527602580000,11.911,11.889,11.897,11.908,2745.51450289
1527602640000,11.904,11.871,11.904,11.881,2522.0574096
1527602700000,11.878,11.864,11.878,11.864,1348.18183164
1527602760000,11.879,11.865,11.865,11.871,3130.79659372
1527602820000,11.864,11.847,11.864,11.847,2982.61931769
1527602880000,11.868,11.836,11.849,11.854,8654.77698833
1527602940000,11.86,11.842,11.853,11.848,663.45605539
1527603000000,11.863,11.841,11.841,11.863,665.33589873
1527603060000,11.864,11.852,11.86,11.852,463.96
1527603120000,11.868,11.837,11.868,11.845,2376.77010073
1527603180000,11.85,11.825,11.837,11.836,2394.48856963
1527603240000,11.832,11.813,11.832,11.813,3145.35716249
1527603300000,11.814,11.74,11.814,11.763,21054.0111887
1527603360000,11.827,11.74,11.766,11.761,17729.43517516
1527603420000,11.788,11.694,11.761,11.714,66819.90614334
1527603480000,11.824,11.705,11.705,11.805,30632.07820437
1527603540000,11.804,11.79,11.796,11.791,4765.81335016
1527603600000,11.82,11.791,11.791,11.819,14805.06369617
1527603660000,11.818,11.78,11.818,11.78,3190.09250829
1527603720000,11.779,11.777,11.779,11.779,419.64369924
1527603780000,11.789,11.768,11.777,11.78,2881.58629881
1527603840000,11.82,11.777,11.777,11.82,5442.39453376
1527603900000,11.852,11.818,11.82,11.851,9615.67387486
1527603960000,11.871,11.839,11.853,11.86,4679.18020633
1527604020000,11.861,11.853,11.86,11.853,347.89390145
1527604080000,11.843,11.816,11.843,11.816,472.81316622
1527604140000,11.81,11.802,11.81,11.802,5252.67608707
1527604200000,11.819,11.8,11.8,11.819,256.39405199
1527604260000,11.819,11.803,11.807,11.819,1543.10066803
1527604320000,11.841,11.82,11.82,11.841,2508.34645886
1527604380000,11.871,11.842,11.842,11.86,1257.58750655
1527604440000,11.867,11.831,11.867,11.831,6898.95166474
1527604500000,11.833,11.786,11.832,11.811,2931.83293824
1527604560000,11.8,11.793,11.8,11.8,457.06504445
1527604620000,11.791,11.781,11.791,11.782,763.67083401
1527604680000,11.783,11.782,11.782,11.783,1227.99198225
1527604740000,11.793,11.783,11.784,11.792,2032.14334871
1527604800000,11.8,11.774,11.792,11.8,15630.16256604
1527604860000,11.8,11.737,11.799,11.791,28621.75246821
1527604920000,11.771,11.766,11.767,11.767,365.23267161
1527604980000,11.779,11.776,11.779,11.779,278.79384856
1527605040000,11.801,11.8,11.8,11.801,621.1772
1527605100000,11.842,11.801,11.801,11.823,3583.88917894
1527605160000,11.841,11.823,11.823,11.841,538.68334318
1527605220000,11.85,11.841,11.841,11.85,380
1527605280000,11.867,11.851,11.853,11.855,1076.01344134
1527605340000,11.858,11.844,11.852,11.85,806.10451513
1527605400000,11.879,11.85,11.85,11.879,2906.1436253
1527605460000,11.879,11.861,11.879,11.875,573.87146053
1527605520000,11.878,11.83,11.864,11.83,3899.05793561
1527605580000,11.83,11.811,11.825,11.828,4221.00698034
1527605640000,11.84,11.811,11.826,11.84,1304.00996566
1527605700000,11.84,11.829,11.838,11.83,3232.84627225
1527605760000,11.839,11.828,11.828,11.839,45
1527605820000,11.86,11.839,11.84,11.86,11518.31063226
1527605880000,11.859,11.836,11.859,11.847,2024.54881038
1527605940000,11.837,11.787,11.837,11.787,3793.99174029
1527606000000,11.843,11.792,11.799,11.838,33078.41530395
1527606060000,11.841,11.815,11.841,11.816,792.77668224
1527606120000,11.814,11.794,11.814,11.794,2010.3313
1527606180000,11.801,11.79,11.801,11.79,2270.0981
1527606240000,11.792,11.76,11.792,11.76,3725.60454005
1527606300000,11.799,11.75,11.76,11.793,3482.32624139
1527606360000,11.8,11.79,11.79,11.794,863.18901
1527606420000,11.8,11.794,11.8,11.8,1080.904
1527606480000,11.8,11.778,11.8,11.782,9140.7
1527606540000,11.799,11.772,11.781,11.793,2722.3724
1527606600000,11.79,11.79,11.79,11.79,435.22905144
1527606660000,11.79,11.786,11.79,11.786,548.22330165
1527606720000,11.786,11.764,11.786,11.775,21167.16026474
1527606780000,11.767,11.748,11.762,11.75,11969.10534032
1527606840000,11.785,11.75,11.75,11.762,6627.6172171
1527606900000,11.788,11.766,11.766,11.788,1154.60039261
1527606960000,11.799,11.767,11.774,11.798,4767.05860968
1527607020000,11.8,11.79,11.798,11.79,8949.05749662
1527607080000,11.79,11.772,11.79,11.772,1856.89772754
1527607140000,11.855,11.77,11.771,11.83,43404.54833998
1527607200000,11.85,11.819,11.83,11.83,12475.94852864
1527607260000,11.84207636,11.83,11.836,11.83,3711.08141567
1527607320000,11.83,11.784,11.83,11.81,5758.9586119
1527607380000,11.81,11.781,11.805,11.81,5816.47022963
1527607440000,11.82,11.786,11.803,11.797,4241.59969996
1527607500000,11.807,11.775,11.796,11.776,2590.57177406
1527607560000,11.797,11.75,11.776,11.75,8009.51853657
1527607620000,11.751,11.74,11.751,11.741,1676.8758
1527607680000,11.741,11.725,11.74,11.726,11895.24924524
1527607740000,11.763,11.728,11.728,11.758,4671.69517596
1527607800000,11.781,11.761,11.761,11.78,3598.56116993
1527607860000,11.779,11.757,11.779,11.757,1447.71262359
1527607920000,11.775,11.77,11.77,11.771,1864.68965822
1527607980000,11.786,11.741,11.772,11.768,10252.56099132
1527608040000,11.791,11.773,11.773,11.783,2135.05791931
1527608100000,11.787,11.787,11.787,11.787,131.14190884
1527608160000,11.856,11.788,11.788,11.821,34206.51596122
1527608220000,11.83,11.816,11.829,11.822,3977.33143482
1527608280000,11.85082989,11.813,11.81772188,11.85082989,2399.30637275
1527608340000,11.847,11.822,11.842,11.822,1810.71703768
1527608400000,11.86,11.836,11.836,11.85,4327.43905615
1527608460000,11.85,11.795,11.85,11.835,2479.69810932
1527608520000,11.838,11.818,11.83,11.818,1377.26435676
1527608580000,11.82,11.813,11.819,11.82,119.967
1527608640000,11.811,11.81,11.811,11.81,520.66
1527608700000,11.831,11.811,11.811,11.831,1119.13439968
1527608760000,11.828,11.815,11.828,11.815,2198.5759
1527608820000,11.825,11.809,11.813,11.824,1950.25058326
1527608880000,11.833,11.809,11.828,11.82,4777.36012967
1527608940000,11.839,11.82,11.82,11.839,2313.39962484
1527609000000,11.842,11.838,11.838,11.842,1875.9577
1527609060000,11.842,11.833,11.842,11.833,2847.87838644
1527609120000,11.833,11.83,11.833,11.83,1165.11499999
1527609180000,11.83,11.798,11.829,11.816,12162.45470048
1527609240000,11.841,11.816,11.816,11.837,868.192
1527609300000,11.845,11.836,11.836,11.845,1796.825316
1527609360000,11.85,11.846,11.846,11.85,8969.31376225
1527609420000,11.86,11.848,11.849,11.859,17344.47162523
1527609480000,11.86,11.822,11.86,11.832,21000.1798339
1527609540000,11.852,11.831,11.831,11.847,7774.06057521
