1551283200000,3.5313,3.5143,3.5143,3.5313,624.563727
1551283260000,3.5261,3.5164,3.5261,3.5164,2801.63588617
1551283320000,3.5183,3.513,3.5151,3.5183,2605.59158802
1551283380000,3.5202,3.5183,3.5202,3.5202,183.941081
1551283500000,3.5334,3.5206,3.5206,3.5293,278.86295
1551283560000,3.5293,3.5233,3.5293,3.5249,12294.4606988
1551283620000,3.5245,3.5219,3.5245,3.5219,4574.6080695
1551283680000,3.5271,3.5228,3.5228,3.5271,465.75455
1551283740000,3.5317,3.5271,3.5271,3.5317,2000
1551283920000,3.5298,3.5298,3.5298,3.5298,29.45927213
1551283980000,3.5317,3.5317,3.5317,3.5317,15
1551284100000,3.5317,3.5317,3.5317,3.5317,62
1551284220000,3.5369,3.5361,3.5369,3.5361,31.52888938
1551284280000,3.5371,3.5369,3.537,3.5369,261.10798399
1551284340000,3.5366,3.5359,3.5366,3.5359,20.5674901
1551284400000,3.5363,3.5317,3.536,3.5333,10853.61725457
1551284520000,3.5337,3.5328,3.5337,3.5328,3326.99485138
1551284580000,3.5357,3.5357,3.5357,3.5357,1200
1551284640000,3.5327,3.5326,3.5327,3.5326,470.972133
1551284700000,3.5315,3.5315,3.5315,3.5315,10
1551284760000,3.5346,3.5327,3.5346,3.5327,126.70988207
1551284940000,3.5318,3.5318,3.5318,3.5318,120
1551285060000,3.5318,3.5318,3.5318,3.5318,15
1551285120000,3.5318,3.5318,3.5318,3.5318,389.58873823
1551285240000,3.5334,3.5334,3.5334,3.5334,31
1551285360000,3.5337,3.53366441,3.53366441,3.5337,57
1551285480000,3.5336,3.5336,3.5336,3.5336,9.98
1551285540000,3.5335,3.5333,3.5335,3.5333,5224.9999999
1551285600000,3.5322,3.5252,3.5316,3.5252,8181.74018498
1551285660000,3.5229,3.5227,3.5229,3.5227,608.95336435
1551285720000,3.5251,3.5233,3.5251,3.5233,693.09208494
1551285780000,3.52321341,3.5232,3.52321341,3.5232,200
1551285840000,3.52240227,3.5182,3.52240227,3.5182,21000
1551286020000,3.523,3.523,3.523,3.523,499.9
1551286080000,3.5231,3.523,3.52303276,3.5231,4017
1551286140000,3.5231,3.523,3.523,3.523,996.83230691
1551286260000,3.5269,3.5268,3.5268,3.5269,2168.14620799
1551286320000,3.5301,3.5301,3.5301,3.5301,1218.715
1551286380000,3.5301,3.5257,3.5301,3.5258,31.00000001
1551286440000,3.5251,3.5168,3.5251,3.51700695,10156
1551286500000,3.5145,3.5078,3.5145,3.5093,8989.57329008
1551286560000,3.5123,3.51,3.5114,3.51,940.56914758
1551286620000,3.51,3.5091,3.5091,3.51,6504.74165242
1551286740000,3.5145,3.5144,3.5145,3.5144,49.77923809
1551286800000,3.5145,3.5097,3.5144,3.5097,3229.09030436
1551286860000,3.5117,3.5117,3.5117,3.5117,30
1551286920000,3.5179,3.5119,3.5119,3.5179,528.22317778
1551287040000,3.518,3.518,3.518,3.518,6.17815535
1551287220000,3.518,3.5179,3.518,3.5179,218.7582
1551287340000,3.5179,3.5179,3.5179,3.5179,200
1551287400000,3.5166,3.5162,3.5166,3.5164,5967.50119085
1551287460000,3.5165,3.5164,3.5164,3.5164,4000
1551287520000,3.52,3.5173,3.5173,3.52,15163.06884786
1551287580000,3.5227,3.5214,3.5227,3.5214,106
1551287700000,3.5276,3.5226,3.5226,3.5254,2174.93566088
1551287940000,3.5247,3.5247,3.5247,3.5247,50
1551288000000,3.5253,3.5253,3.5253,3.5253,3000
1551288600000,3.524,3.524,3.524,3.524,2227.84998449
1551288660000,3.5241,3.524,3.5241,3.524,10020
1551288720000,3.524,3.5215,3.524,3.5215,24376.2725767
1551288780000,3.5215,3.5193,3.5215,3.5199,45161.06623383
1551288840000,3.5199,3.5194,3.5199,3.5194,17395.54378885
1551288900000,3.5192,3.5179,3.5192,3.5179,8735.73638224
1551289020000,3.51787814,3.5178,3.51787814,3.5178,5555
1551289080000,3.51785014,3.5178,3.51785014,3.5178,6587.02000842
1551289200000,3.5179,3.5179,3.5179,3.5179,243.046138
1551289260000,3.5199,3.5199,3.5199,3.5199,1124.08595499
1551289380000,3.5199,3.5199,3.5199,3.5199,396.14875417
1551289440000,3.5199,3.5199,3.5199,3.5199,0.00000284
1551289560000,3.5216,3.5216,3.5216,3.5216,61
1551289680000,3.5199,3.5199,3.5199,3.5199,457.86383
1551289800000,3.5201,3.5201,3.5201,3.5201,31
1551289980000,3.52,3.5179,3.5189,3.52,2976.47547106
1551290040000,3.5188,3.5188,3.5188,3.5188,50
1551290100000,3.5197,3.5197,3.5197,3.5197,400
1551290160000,3.5196,3.5176,3.5196,3.5176,1702.01939934
1551290220000,3.5564,3.5222,3.5222,3.5564,40653.43346611
1551290280000,3.5518,3.5464,3.5517,3.5494,7335.19946612
1551290340000,3.5496,3.5481,3.5496,3.5481,1469.51016296
1551290400000,3.5439,3.5363,3.5435,3.5437,8493.90058336
1551290460000,3.5449,3.5433,3.5433,3.5449,43
1551290520000,3.5516,3.5513,3.5516,3.5513,1213.41863468
1551290580000,3.5453,3.5401,3.5453,3.5401,5500
1551290640000,3.5445,3.5435,3.5445,3.5435,210.35800001
1551290700000,3.5435,3.5435,3.5435,3.5435,100
1551290820000,3.5415,3.5387,3.5415,3.5387,50.3375
1551291000000,3.5332,3.5275,3.5332,3.5275,5123.8756965
1551291060000,3.5263,3.5218,3.5263,3.5218,2319.61395327
1551291120000,3.5232,3.5229,3.5232,3.5229,948.2353
1551291180000,3.5204,3.512,3.5204,3.5201,3182.23835139
1551291240000,3.5217,3.517,3.517,3.5178,3138.51585879
1551291300000,3.523,3.5185,3.5185,3.523,1524.13295679
1551291360000,3.5213,3.5159,3.5213,3.516,285.66896346
1551291420000,3.5177,3.5159,3.5159,3.5177,545.899
1551291480000,3.5205,3.5199,3.5205,3.5199,3306.43876403
1551291540000,3.5262,3.52,3.52,3.5262,3059.22457497
1551291600000,3.5262,3.51400062,3.5262,3.5154,7250.20884916
1551291660000,3.5174,3.516,3.5174,3.516,34.40129406
1551291720000,3.5133,3.5133,3.5133,3.5133,296.63542775
1551291780000,3.5227,3.5168,3.5168,3.5222,1922.85498
1551291900000,3.5235,3.5235,3.5235,3.5235,300
1551291960000,3.5298,3.5245,3.5245,3.5284,3013.92701507
1551292020000,3.5255,3.525,3.5255,3.525,86
1551292080000,3.5267,3.5267,3.5267,3.5267,6
1551292140000,3.5183,3.5115,3.5131,3.5183,1393.38797903
1551292200000,3.5215,3.5197,3.5197,3.5214,730.14834754
1551292260000,3.52,3.52,3.52,3.52,34.93301695
1551292320000,3.5201,3.5168,3.5201,3.5168,649.53055
1551292380000,3.5191,3.5178,3.5191,3.5178,119.78433
1551292440000,3.5307,3.51808089,3.5180879,3.5307,10634.57276974
1551292500000,3.5268,3.5236,3.5268,3.5236,1251.6335195
1551292560000,3.5217,3.5211,3.5217,3.5211,100
1551292620000,3.5217,3.52060345,3.52060345,3.5217,500
1551292800000,3.5282,3.5267,3.5267,3.5282,4536.66791539
1551292860000,3.52866448,3.52866448,3.52866448,3.52866448,8.97857198
1551292920000,3.52866448,3.5286,3.52866448,3.5286,323.2182203
1551292980000,3.5282,3.5278,3.5282,3.5278,4206.47533134
1551293040000,3.5285,3.5283,3.5285,3.5283,330.61369155
1551293700000,3.5206,3.5178,3.5178,3.5197,1500
1551293760000,3.5212,3.518,3.518,3.5212,1500
1551293820000,3.52,3.5188,3.5197,3.5188,2200
1551293880000,3.5198,3.5183,3.5183,3.5188,2350
1551293940000,3.5212,3.5182,3.5192,3.5198,3500
1551294000000,3.5201,3.5174,3.5201,3.5183,5100
1551294060000,3.5183,3.5172,3.5179,3.5181,9165.03302312
1551294120000,3.5207,3.5176,3.5181,3.5207,4000
1551294180000,3.524,3.5223,3.5226,3.524,2130.00101
1551294240000,3.5241,3.5236,3.5236,3.5241,1000
1551294300000,3.5269,3.5265,3.5265,3.5269,1000
1551294360000,3.5293,3.5259,3.5259,3.5293,1600
1551294480000,3.5268,3.5266,3.5266,3.5268,50
1551294540000,3.5303,3.526,3.5265,3.5291,3579.52747
1551294600000,3.52953694,3.5291,3.5291,3.5294,3200
1551294660000,3.5299,3.5299,3.5299,3.5299,700
1551294720000,3.5307,3.5301,3.5304,3.5306,6300
1551294780000,3.5308,3.5276,3.5302,3.5302,3700
1551294840000,3.5306,3.5304,3.5304,3.5305,2450
1551294900000,3.5305,3.5301,3.5305,3.5301,9500
1551294960000,3.5306,3.5297,3.5301,3.5306,7000
1551295020000,3.5305,3.5236,3.5288,3.5236,257.67797053
1551295140000,3.521,3.5202,3.521,3.5202,839.88440813
1551295320000,3.5237,3.5217,3.5219,3.5237,688.44661651
1551295500000,3.5233,3.5222,3.5222,3.5233,150
1551295620000,3.5231,3.5231,3.5231,3.5231,6
1551295740000,3.5275,3.5222,3.5222,3.5275,500
1551296160000,3.5212,3.521,3.5212,3.521,76
1551296280000,3.5232,3.5232,3.5232,3.5232,40
1551296400000,3.523,3.523,3.523,3.523,50
1551296460000,3.523,3.52,3.523,3.52,1160.08356297
1551296580000,3.5199,3.5199,3.5199,3.5199,100
1551296700000,3.52,3.5172,3.52,3.5172,2233.99081412
1551296760000,3.5127,3.51,3.5127,3.51,886
1551296820000,3.5263,3.5197,3.5197,3.5249,1632.71935619
1551296880000,3.5241,3.5181,3.524,3.5181,1441.601
1551297000000,3.5188,3.5146,3.5146,3.5188,75.77642171
1551297060000,3.5197,3.5146,3.5196,3.5158,1509.55105425
1551297120000,3.5134,3.5134,3.5134,3.5134,450.47788524
1551297180000,3.5132,3.5132,3.5132,3.5132,576.04838
1551297240000,3.5133,3.5124,3.51312518,3.5124,1151.12270464
1551297300000,3.5107,3.5038,3.5107,3.50691204,14701.1759
1551297360000,3.5136,3.5075,3.5084,3.5136,1796.95177
1551297540000,3.518,3.518,3.518,3.518,0.01
1551297600000,3.5182,3.51148931,3.5182,3.51148931,475.71695852
1551297660000,3.5133,3.5131,3.5133,3.5131,20
1551297780000,3.5152,3.5116,3.5152,3.5116,978.66809441
1551297840000,3.5116,3.5116,3.5116,3.5116,27.97751059
1551297900000,3.5127,3.5106,3.51166944,3.5126,806.10371998
1551297960000,3.51166944,3.5115,3.5115,3.51166944,65.564
1551298020000,3.5111,3.5099,3.51040852,3.5099,7966.45619
1551298080000,3.5101,3.5088,3.5101,3.5088,20.00000015
1551298140000,3.5088,3.5087,3.5088,3.5087,558.4987491
1551298260000,3.50850248,3.5082,3.50850248,3.5082,40.04018
1551298380000,3.5082,3.5011,3.5082,3.5067,3284.61809501
1551298440000,3.50499011,3.50499011,3.50499011,3.50499011,120
1551298500000,3.5039,3.4924,3.5039,3.4924,28219.52908789
1551298560000,3.49969874,3.4924,3.49967651,3.4924,8275.91624085
1551298620000,3.4981,3.4817,3.4912,3.4946,11177.32272485
1551298680000,3.5037,3.4924,3.4924,3.5037,1250.37319924
1551298740000,3.5195,3.5051,3.5051,3.5102,10275.1270528
1551298800000,3.5069,3.5025,3.5069,3.5057,9850.6150992
1551298860000,3.5083,3.5052,3.5052,3.5083,579.01571185
1551298920000,3.5077,3.4906,3.5077,3.4906,3741.18954106
1551298980000,3.5016,3.4902,3.4902,3.5016,477.2306389
1551299040000,3.5191,3.4983,3.4983,3.51734107,2529.74659213
1551299100000,3.5077,3.50322056,3.5033,3.5034,454.421
1551299220000,3.5017,3.4902,3.5015,3.5007,1353.9319352
1551299280000,3.5032,3.49545843,3.5032,3.5002,622.90749537
1551299340000,3.5039,3.5037,3.5037,3.5039,269.90310257
1551299400000,3.50412039,3.5,3.50412039,3.5,2280.35088526
1551299460000,3.50024704,3.4913,3.50024704,3.4913,1232.85603457
1551299520000,3.4884,3.4515,3.4884,3.4516,49941.57598202
1551299580000,3.4516,3.44,3.4516,3.4437,69905.9763146
1551299640000,3.4419,3.3974,3.4419,3.4004,91098.25417192
1551299700000,3.43,3.4015,3.4045,3.4157,102096.27480682
1551299760000,3.4595,3.40377361,3.4157,3.4577,178534.01165686
1551299820000,3.4709,3.4451,3.4595,3.4709,43874.1233017
1551299880000,3.5165,3.4453,3.4709,3.5045,64682.90682633
1551299940000,3.53628512,3.4836,3.5046,3.5341,47982.25628285
1551300000000,3.5434,3.5049,3.5336,3.5165,107067.34532308
1551300060000,3.5218,3.4667,3.51105639,3.4689,33925.0418407
1551300120000,3.4867,3.4617,3.4679,3.4864,22459.51350038
1551300180000,3.5046,3.4757,3.4862,3.5046,28104.16593207
1551300240000,3.5179,3.4892,3.5046,3.4892,23037.99313176
1551300300000,3.5139,3.4832,3.486,3.5139,37189.958997
1551300360000,3.5138,3.5001,3.5096,3.5001,3778.2738987
1551300420000,3.5015,3.5001,3.5001,3.5012,1012.08192714
1551300480000,3.503,3.4961,3.5001,3.503,2870.33180215
1551300540000,3.5059,3.503,3.503,3.5059,5477.14358391
1551300600000,3.5113,3.49576919,3.511,3.49576919,2517.63533914
1551300660000,3.495,3.4848,3.4948,3.4914,8935.42140759
1551300720000,3.4957,3.4919,3.4919,3.4949,3773.86925149
1551300780000,3.4999,3.4927,3.4927,3.4991,7321.1330015
1551300840000,3.4999,3.4899,3.4973,3.4899,8735.82895871
1551300900000,3.4906,3.4867,3.4867,3.49,547
1551300960000,3.4929,3.4896,3.4913,3.49,648.44687041
1551301020000,3.4897,3.4849,3.4897,3.4852,1990.51627959
1551301080000,3.4883816,3.4849,3.4853,3.4883816,7478.79
1551301140000,3.5,3.4897,3.4897,3.4974,11843.72994852
1551301200000,3.4957,3.4766,3.4957,3.481,4854.47976165
1551301260000,3.4862,3.4747,3.4827,3.4835,12546.69139181
1551301320000,3.491,3.4781,3.486,3.4837,8502.97246049
1551301380000,3.4885,3.4824,3.4824,3.4873,8231.60818809
1551301440000,3.4938,3.4893,3.4911,3.4893,9673.32113549
1551301500000,3.4968,3.4963,3.4963,3.4964,5167.43775751
1551301560000,3.4975,3.4849,3.4974,3.4849,2428.41770085
1551301620000,3.4919,3.4865,3.4894,3.4919,285.39374163
1551301680000,3.4963,3.49,3.4963,3.49,3738.55620365
1551301740000,3.4909,3.4901,3.4907,3.4901,130
1551301800000,3.4975,3.49,3.49,3.4975,1579.82249429
1551301860000,3.5097,3.4986,3.5,3.4986,26331.45219589
1551301920000,3.5036,3.4987,3.4987,3.5017,10800.00925213
1551301980000,3.5099,3.5018,3.5018,3.5048,30645.38391682
1551302040000,3.5094,3.5007,3.5059,3.5027,25237.47775623
1551302100000,3.5036,3.4926,3.5036,3.4982,5163.13638006
1551302160000,3.4973,3.4928,3.4938,3.4951,1218.24433777
1551302220000,3.4979,3.4929,3.4954,3.4957,2515.70849806
1551302280000,3.5031,3.4999,3.4999,3.5005,1725.27436739
1551302340000,3.4981,3.4946,3.4981,3.4946,975.57187807
1551302400000,3.4991,3.492,3.492,3.4948,4414.42180417
1551302460000,3.5038,3.4947,3.495,3.5028,3208.8500678
1551302520000,3.5077,3.5028,3.5028,3.5073,7417.05252099
1551302580000,3.5084,3.5063,3.5063,3.5084,1031.89698481
1551302640000,3.5113,3.5058,3.5089,3.5113,3986.64175084
1551302700000,3.5085,3.5034,3.5085,3.5034,371.52449589
1551302760000,3.505,3.5013,3.5013,3.505,1641.50885553
1551302820000,3.5095,3.5018,3.5062,3.504,10615.47090015
1551302880000,3.504,3.504,3.504,3.504,128.50957608
1551302940000,3.504,3.5,3.504,3.5,648.56176989
1551303000000,3.502,3.5001,3.5001,3.502,277.58938858
1551303060000,3.503,3.4973,3.5029,3.4982,1032.86891572
1551303120000,3.4984,3.4954,3.4955,3.4984,1346.27651893
1551303180000,3.4978,3.4976,3.4978,3.4976,25
1551303240000,3.50281783,3.4977,3.4982,3.5004,1512.85508304
1551303300000,3.5005,3.5002,3.5005,3.5004,257.62247618
1551303360000,3.504,3.5004,3.5004,3.504,1202.6294559
1551303420000,3.5027,3.5026,3.5026,3.5027,115.34271043
1551303480000,3.503,3.5027,3.5027,3.503,230
1551303540000,3.5019,3.5003,3.501,3.5003,817.55293
1551303600000,3.5012,3.4995,3.5012,3.5001,113.9085739
1551303720000,3.5001,3.4985,3.5001,3.4989,509.75573596
1551303780000,3.502,3.4997,3.4997,3.502,605.07199737
1551303900000,3.5026,3.5024,3.5026,3.5024,19.528562
1551303960000,3.5012,3.4998,3.5012,3.4999,79.46162583
1551304020000,3.5051,3.5026,3.5026,3.5051,1431.73405051
1551304080000,3.5021,3.5021,3.5021,3.5021,30
1551304140000,3.5015,3.5013,3.5015,3.5013,75.99815
1551304200000,3.5003,3.5003,3.5003,3.5003,30
1551304260000,3.4977,3.49,3.4977,3.49,3436.52885604
1551304320000,3.49487299,3.4855,3.49,3.49487299,4665.6169154
1551304380000,3.4917,3.489,3.489,3.4917,83.86280184
1551304500000,3.4956,3.4916,3.4916,3.4956,242.58428236
1551304560000,3.5,3.4953,3.4965,3.5,9539.2505004
1551304680000,3.5034,3.5023,3.5023,3.5034,673.79264037
1551304740000,3.5051,3.5034,3.5034,3.5051,461.10666
1551304800000,3.505,3.5034,3.505,3.5034,9112.96846751
1551304860000,3.5034,3.5023,3.5034,3.503,407.21265325
1551304920000,3.5022,3.4994,3.5022,3.4994,119.04464243
1551304980000,3.5023,3.4994,3.4994,3.5023,65.33237563
1551305040000,3.5022,3.4948394,3.5022,3.4977,241.61587393
1551305100000,3.4991,3.4977,3.4977,3.4991,690
1551305160000,3.4973,3.4911,3.4948,3.495,4855.44779196
1551305220000,3.4926,3.4926,3.4926,3.4926,51.09572671
1551305280000,3.4923,3.4923,3.4923,3.4923,100
1551305340000,3.4945,3.4924,3.4924,3.4945,391.01886799
1551305460000,3.4966,3.4966,3.4966,3.4966,118.57643358
1551305640000,3.5015,3.5,3.5,3.5011,447.56329301
1551305700000,3.5,3.4997,3.4997,3.5,250
1551305820000,3.4994,3.4993,3.4994,3.4993,1315.9604483
1551305880000,3.4993,3.4993,3.4993,3.4993,68.57859316
1551305940000,3.4945,3.4871,3.4945,3.4885,644.34066346
1551306000000,3.4899,3.4872,3.4892,3.4872,146.32144866
1551306060000,3.4879,3.4879,3.4879,3.4879,38.70690273
1551306120000,3.489,3.4827,3.4883,3.489,15750
1551306180000,3.4863,3.4852,3.4852,3.4863,138.74300473
1551306300000,3.4863,3.4862,3.4862,3.4863,100
1551306360000,3.4833,3.4806,3.4833,3.4814,530.88217168
1551306420000,3.482,3.482,3.482,3.482,574.287662
1551306480000,3.4856,3.4856,3.4856,3.4856,200
1551306540000,3.4856,3.4856,3.4856,3.4856,250
1551306600000,3.4855,3.4855,3.4855,3.4855,30.84411304
1551306660000,3.4869,3.4856,3.4856,3.4869,585.93043446
1551306720000,3.4852,3.4825,3.4852,3.4825,79.29639328
1551306780000,3.4806,3.48,3.4806,3.48,1561.88499754
1551306840000,3.4774,3.475,3.4774,3.475,1144.52236851
1551306900000,3.4771,3.4738,3.4738,3.4744,1126.31378018
1551306960000,3.4782,3.4748,3.4748,3.478,504.28948656
1551307020000,3.4814,3.4753,3.4763,3.4814,766.80681275
1551307080000,3.4805,3.4801,3.4801,3.4805,1238.30461695
1551307140000,3.4871,3.4823,3.4823,3.4871,144.35065485
1551307200000,3.4915,3.4878,3.4878,3.4915,100.50780295
1551307260000,3.4932,3.4894,3.4895,3.4909,629.91120167
1551307320000,3.4921,3.4892,3.4905,3.4921,658.51678222
1551307380000,3.4892,3.4892,3.4892,3.4892,2800.04208673
1551307440000,3.4825,3.4824,3.4824,3.4825,361.67068916
1551307500000,3.4822,3.48,3.4822,3.481,3009.38569598
1551307560000,3.488,3.4807,3.4846,3.488,3054.1854771
1551307680000,3.4837,3.48,3.482,3.4837,474.23345037
1551307800000,3.4862,3.485,3.485,3.4862,700
1551307860000,3.487,3.4832,3.4862,3.487,11300
1551307920000,3.4932,3.4914,3.492,3.4918,493.35288984
1551308040000,3.4917,3.4915,3.4915,3.4917,320.93675
1551308100000,3.4991,3.4935,3.4991,3.4942,426.0622
1551308160000,3.4985,3.4942,3.4942,3.4985,3006.6133
1551308220000,3.5013,3.4971,3.4971,3.5013,591.12218227
1551308280000,3.5048,3.4988,3.5048,3.5006,1088.56812273
1551308340000,3.50734336,3.5035,3.5035,3.5071,1425.81383747
1551308400000,3.5076,3.5025,3.5075,3.5025,217.09983836
1551308460000,3.5075,3.5038,3.5038,3.5047,246.65069169
1551308520000,3.52,3.5078,3.5078,3.52,3705.02120995
1551308580000,3.5266,3.5158,3.5203,3.5158,8082.73650861
1551308640000,3.5373,3.5186,3.5196,3.5373,8858.58123481
1551308700000,3.5406,3.5236,3.5373,3.5395,8605.04904838
1551308760000,3.5325,3.5199,3.5325,3.5258,3614.90608602
1551308820000,3.524,3.5185,3.524,3.5193,1522.76123474
1551308880000,3.5517,3.5262,3.5262,3.5472,29693.51570373
1551308940000,3.5467,3.5305,3.5467,3.5457,9765.12789092
1551309000000,3.5448,3.534,3.5448,3.534,629.55492443
1551309060000,3.5465,3.5349,3.5363,3.5454,1749.77783191
1551309120000,3.5566,3.547,3.548,3.5557,1787.55377139
1551309180000,3.5725,3.551,3.5526,3.57,40721.37165456
1551309240000,3.5663,3.5447,3.5663,3.5541,19932.09480978
1551309300000,3.5619,3.5519,3.5519,3.5619,8021.49043223
1551309360000,3.5619,3.5561,3.5619,3.5562,2669.48980941
1551309420000,3.5575,3.5561,3.5574,3.5575,365.18739769
1551309480000,3.5575,3.5557,3.5561,3.5557,1719.47613896
1551309540000,3.5537,3.5425,3.5537,3.5469,9146.18838146
1551309600000,3.5462,3.53313528,3.5452,3.53313528,4544.22413375
1551309660000,3.5466,3.5408,3.5408,3.5466,145
1551309720000,3.5479,3.5404,3.5479,3.5404,114.2354
1551309780000,3.5454,3.5413,3.544,3.5454,1173
1551309840000,3.546,3.5448,3.5448,3.546,1447.24245968
1551309900000,3.5537,3.5524,3.5524,3.5537,886.88187524
1551309960000,3.5545,3.5417,3.5524,3.5418,2744.91059284
1551310020000,3.5591,3.5445,3.5445,3.5546,76656.03257946
1551310080000,3.5587,3.5546,3.5555,3.5572,2928.82323008
1551310140000,3.5572,3.54,3.5572,3.54,68906.44913242
1551310200000,3.5417,3.5342,3.5359,3.5398,2182.99237464
1551310260000,3.5435,3.5401,3.5409,3.5434,2171.55365057
1551310320000,3.5454,3.544,3.5454,3.544,264.2444
1551310380000,3.5493,3.5451,3.5454,3.5461,1628.33129401
1551310440000,3.5444,3.5433,3.5441,3.5433,1010
1551310500000,3.549,3.5415,3.5415,3.549,499.34717543
1551310560000,3.558,3.5498,3.5498,3.5558,7164.30169317
1551310620000,3.5721,3.559,3.559,3.566,27864.9477314
1551310680000,3.5657,3.5613,3.5616,3.5657,2227.96971034
1551310740000,3.5693,3.5647,3.5647,3.5683,605.91797762
1551310800000,3.5709,3.5653,3.5709,3.5702,792.10569864
1551310860000,3.569,3.5664,3.569,3.5668,129.48109002
1551310920000,3.571,3.5656,3.5656,3.571,2568.47513642
1551310980000,3.5739,3.5722,3.5722,3.5739,633.40167319
1551311040000,3.5791,3.5747,3.5747,3.5789,1305.47501076
1551311100000,3.5861,3.5776,3.5776,3.5861,8450.79325171
1551311160000,3.5888,3.5827,3.586,3.5827,7323.76432113
1551311220000,3.5788,3.5735,3.5788,3.5749,2028.74437144
1551311280000,3.5781,3.567,3.5762,3.567,12960.83042178
1551311340000,3.5891,3.5725,3.5725,3.5891,33415.60342332
1551311400000,3.598,3.5891,3.5891,3.5901,5639.86135736
1551311460000,3.5927,3.59,3.59,3.5927,657.81498091
1551311520000,3.5918,3.59,3.5918,3.59,3816.23943534
1551311580000,3.5877,3.5805,3.5876,3.5805,688
1551311640000,3.58,3.58,3.58,3.58,109.5
1551311760000,3.58,3.572,3.58,3.572,8234.82279912
1551311820000,3.5847,3.571,3.572,3.5847,13371.85543137
1551311880000,3.5842,3.58,3.5842,3.5809,181.11338028
1551311940000,3.58,3.5764,3.5769,3.58,10755.39685733
1551312000000,3.5855,3.58,3.58,3.5855,1483.01806212
1551312060000,3.5877,3.583,3.5831,3.5877,3697.91797888
1551312120000,3.5903,3.5877,3.5877,3.5891,351
1551312180000,3.5899,3.5891,3.5899,3.5891,1197.90216294
1551312240000,3.5892,3.5891,3.5891,3.5892,292.7900759
1551312300000,3.5868,3.5861,3.5864,3.5861,430.43987625
1551312360000,3.5858,3.58,3.5858,3.58,43135.467
1551312420000,3.5818,3.58,3.58,3.58,58779.40749632
1551312480000,3.58,3.58,3.58,3.58,3333.28097232
1551312540000,3.58,3.58,3.58,3.58,14127.4540741
1551312600000,3.5736,3.572,3.573,3.5721,464.37971022
1551312660000,3.5733,3.5702,3.5733,3.5702,895.78976228
1551312720000,3.5677,3.5677,3.5677,3.5677,103.41156413
1551312780000,3.5678,3.5647,3.5678,3.5648,782.46459939
1551312840000,3.5677,3.5652,3.5652,3.5674,2525.45793718
1551312900000,3.5672,3.5651,3.5672,3.5665,883.19874061
1551312960000,3.5664,3.56,3.5664,3.5606,15085.1484109
1551313020000,3.5694,3.5648,3.5648,3.5694,13829.62702365
1551313080000,3.5719,3.5686,3.5686,3.571,4855.83749023
1551313140000,3.5719,3.5719,3.5719,3.5719,67.88122174
1551313200000,3.5669,3.5669,3.5669,3.5669,70.09437318
1551313320000,3.5683,3.568,3.5683,3.568,2285.24609259
1551313380000,3.568,3.5655,3.5665,3.568,7994.5113612
1551313440000,3.5691,3.568,3.568,3.5691,637.03670502
1551313500000,3.5787,3.5712,3.5713,3.5787,1085.41735694
1551313560000,3.5742,3.5711,3.5711,3.5742,300
1551313620000,3.5751,3.5742,3.5742,3.5751,459.17900795
1551313680000,3.5755,3.5746,3.5755,3.5746,603.03383847
1551313740000,3.5746,3.5743,3.5746,3.5744,400.35146664
1551313800000,3.5741,3.5702,3.5741,3.5733,2097.19518368
1551313860000,3.5735,3.5732,3.5732,3.5735,1775.3323722
1551313920000,3.5767,3.5741,3.5743,3.5767,9457.56992577
1551314040000,3.5808,3.5791,3.5796,3.5808,847.68364373
1551314100000,3.5852,3.5805,3.5805,3.5852,1006
1551314160000,3.5836,3.5834,3.5834,3.5835,54.43714219
1551314220000,3.5828,3.5808,3.5812,3.5828,526.21017508
1551314280000,3.591,3.5849,3.5855,3.5849,10968.83976141
1551314340000,3.5881,3.5881,3.5881,3.5881,9.93790098
1551314400000,3.5901,3.5851,3.5855,3.5901,977.22734541
1551314460000,3.5873,3.5804,3.5827,3.5873,15228.28138608
1551314520000,3.584,3.5789,3.584,3.5789,2291.2836
1551314580000,3.5748,3.5717,3.5717,3.5748,411.88671826
1551314640000,3.5829,3.5753,3.5753,3.58,1068.36481779
1551314700000,3.58,3.58,3.58,3.58,275.16875798
1551314760000,3.5829,3.58,3.58,3.5829,685.91233437
1551314820000,3.5874,3.5829,3.5829,3.5874,1712.04009722
1551314880000,3.5872,3.5872,3.5872,3.5872,1052.3018
1551314940000,3.609,3.5872,3.5872,3.6049,69506.06690654
1551315000000,3.61997848,3.6018,3.6018,3.6152,33289.05464286
1551315060000,3.616,3.6014,3.6122,3.6014,2701.67612955
1551315120000,3.607,3.5987,3.6014,3.607,820
1551315180000,3.6062,3.6042,3.6062,3.6047,867.11661691
1551315240000,3.6075,3.6012,3.6047,3.6012,2161.22503743
1551315300000,3.6235,3.6001,3.6001,3.6195,17843.01136734
1551315360000,3.6256,3.6216,3.6216,3.6256,3265.31592885
1551315420000,3.6283,3.6189,3.624,3.6189,3232.08886207
1551315480000,3.6212,3.6204,3.6211,3.6212,1421.20702753
1551315540000,3.6771,3.6231,3.6231,3.6724,97619.1558086
1551315600000,3.68,3.6558,3.6771,3.6674,46738.8788769
1551315660000,3.716,3.6718,3.6718,3.7023,63485.45463196
1551315720000,3.7009,3.6836,3.7009,3.6836,5085.25303975
1551315780000,3.6978,3.687,3.687,3.6969,15851.79655639
1551315840000,3.699,3.6894,3.6985,3.6908,38630.24057068
1551315900000,3.6901,3.675,3.6864,3.677,7536.45526591
1551315960000,3.6926,3.6769,3.677,3.6916,6248.26983062
1551316020000,3.7018,3.6927,3.6941,3.701,29097.69571757
1551316080000,3.7,3.6902,3.7,3.6933,24104.72103175
1551316140000,3.6934,3.6904,3.6924,3.6914,336.1
1551316200000,3.6915,3.6911,3.6914,3.6911,2473.83555087
1551316260000,3.6905,3.6842,3.6905,3.6842,1322.1372
1551316320000,3.687,3.6845,3.6845,3.6866,1801.92081928
1551316380000,3.6867,3.6595,3.6867,3.65952849,28006.63383823
1551316440000,3.674,3.6595,3.6595,3.674,535.59813304
1551316500000,3.6695,3.6695,3.6695,3.6695,7.7818
1551316560000,3.6696,3.6696,3.6696,3.6696,2173.66511189
1551316680000,3.6743,3.6703,3.6706,3.6743,655.606285
1551316740000,3.6801,3.6722,3.6801,3.6722,1995.35727308
1551316800000,3.6682,3.6681,3.6681,3.6682,250
1551316860000,3.6682,3.6682,3.6682,3.6682,330
1551316920000,3.6667,3.6546,3.6663,3.6546,6453.72041506
1551316980000,3.6609,3.6556,3.6556,3.66,2737.75868614
1551317040000,3.6628,3.6626,3.6626,3.6628,26.7916063
1551317100000,3.678,3.6658,3.6658,3.671,8904.0243806
1551317160000,3.6707,3.6705,3.6707,3.6705,168.44364882
1551317220000,3.6683,3.6683,3.6683,3.6683,67.53421692
1551317280000,3.6681,3.6669,3.6681,3.6679,551.69010809
1551317340000,3.6672,3.6641,3.6659,3.6648,514.96059228
1551317400000,3.6668,3.665,3.6668,3.6652,711.05063635
1551317460000,3.664,3.66,3.664,3.6613,1467.63795966
1551317520000,3.6606,3.66,3.6606,3.66,265.38420664
1551317580000,3.6576,3.6575,3.6575,3.6576,565.61579336
1551317640000,3.6575,3.6573,3.6573,3.6575,106.6045683
1551317700000,3.6577,3.6499,3.656,3.6568,13692.08245611
1551317760000,3.6564,3.6562,3.6562,3.6564,336.14025315
1551317820000,3.66,3.6553,3.6553,3.66,1398.04572669
1551317880000,3.6697,3.663,3.663,3.6655,5221.42705854
1551317940000,3.6669,3.6642,3.6648,3.6642,679.86599424
1551318000000,3.6718,3.6642,3.6661,3.6718,1089.65074547
1551318060000,3.6717,3.6709,3.6717,3.6709,1109.24229275
1551318120000,3.6709,3.669,3.6709,3.669,88.13098836
1551318180000,3.6704,3.6697,3.6697,3.6704,1613.91267656
1551318240000,3.6705,3.6677,3.6699,3.6705,5003.44612745
1551318300000,3.6754,3.6729,3.6729,3.6754,4394.30397473
1551318360000,3.6806,3.6753,3.6753,3.6805,16925.075327
1551318420000,3.6871464,3.6802,3.6822,3.683,3963.02286514
1551318480000,3.6809,3.6752,3.6809,3.6752,1847.25848171
1551318540000,3.6716,3.6695,3.6713,3.6695,2363.89829103
1551318600000,3.6713,3.6712,3.6713,3.6713,6673.50600707
1551318660000,3.6754,3.6736,3.6736,3.6754,148.46866942
1551318720000,3.6747,3.6747,3.6747,3.6747,583.72346529
1551318780000,3.6747,3.6702,3.6747,3.6702,3311.51864245
1551318840000,3.6701,3.6701,3.6701,3.6701,50
1551318900000,3.666,3.6606,3.666,3.6608,381.44274948
1551318960000,3.6655,3.6605,3.6605,3.6655,646.43622919
1551319020000,3.6636,3.6609,3.6636,3.6627,94.47402971
1551319080000,3.6608,3.6608,3.6608,3.6608,20
1551319140000,3.6607,3.6595,3.6607,3.6595,54.79475943
1551319200000,3.6651,3.6607,3.6607,3.6634,1239.48272912
1551319260000,3.6637,3.662,3.662,3.6637,181.29887991
1551319320000,3.665,3.665,3.665,3.665,129.12222584
1551319380000,3.6724,3.666,3.666,3.6724,8821.36170948
1551319440000,3.6735,3.6723,3.6734,3.6723,1006.85089522
1551319500000,3.6703,3.67,3.6703,3.67,162
1551319560000,3.6694,3.6693,3.6694,3.6693,30.6623
1551319620000,3.67,3.668,3.6683,3.67,1408.04444452
1551319680000,3.67,3.65,3.67,3.6536,32309.95641419
1551319740000,3.6546,3.6399,3.6546,3.6443,20451.114981
1551319800000,3.646,3.6342,3.6447,3.6457,22591.15858788
1551319860000,3.65,3.6418,3.65,3.6437,1062.4603076
1551319920000,3.6439,3.6373,3.6439,3.6402,6603.54274029
1551319980000,3.6478,3.6393,3.6415,3.6478,3730.87263324
1551320040000,3.6443,3.6443,3.6443,3.6443,12.93924905
1551320100000,3.6427,3.6412,3.6427,3.6418,458.431
1551320160000,3.6451,3.6409,3.6422,3.6443,2363.01644024
1551320220000,3.6431,3.6431,3.6431,3.6431,6
1551320280000,3.6375,3.6375,3.6375,3.6375,31
1551320340000,3.6382,3.6364,3.6364,3.6375,435.5261
1551320400000,3.6368,3.6368,3.6368,3.6368,20
1551320460000,3.6381,3.636,3.6369,3.6381,1234.27317776
1551320520000,3.6379,3.6338,3.6379,3.6339,1091
1551320580000,3.6354,3.6336,3.6337,3.6337,1395.38083528
1551320640000,3.6334,3.6326,3.6334,3.6326,150
1551320700000,3.637,3.634,3.634,3.637,645.4429487
1551320760000,3.6379,3.6365,3.6365,3.6366,1200.58218497
1551320820000,3.6367,3.6352,3.6367,3.6352,8381.94122809
1551320880000,3.6348,3.6348,3.6348,3.6348,100
1551320940000,3.6359,3.6344,3.6344,3.6359,1465.53262893
1551321000000,3.6358,3.6358,3.6358,3.6358,3.01053599
1551321060000,3.6356,3.6356,3.6356,3.6356,183.45396912
1551321120000,3.6357,3.6357,3.6357,3.6357,1073.60737133
1551321180000,3.6357,3.6357,3.6357,3.6357,5720.58109969
1551321240000,3.6359,3.6357,3.6357,3.6359,2883.28023186
1551321300000,3.6376,3.6376,3.6376,3.6376,15.5290152
1551321360000,3.6403,3.6377,3.6377,3.6396,1230.16094446
1551321540000,3.6462,3.6416,3.6416,3.6433,7639.08458079
1551321600000,3.6432,3.6432,3.6432,3.6432,97
1551321780000,3.6426,3.6426,3.6426,3.6426,144.2294
1551321840000,3.6426,3.6426,3.6426,3.6426,354.78446629
1551321900000,3.6367,3.6367,3.6367,3.6367,30
1551322080000,3.6353,3.6318,3.6353,3.6318,99.31155758
1551322200000,3.6313,3.6311,3.6313,3.6311,2998.43017
1551322260000,3.6301,3.6301,3.6301,3.6301,63
1551322320000,3.63713502,3.6301,3.6301,3.636,2555.19340492
1551322380000,3.6386,3.6385,3.6386,3.6385,34.09172683
1551322500000,3.6366,3.6361,3.6366,3.6365,307.56923855
1551322560000,3.6393,3.6377,3.6393,3.6389,142.3497316
1551322620000,3.6387,3.6387,3.6387,3.6387,6
1551322800000,3.6388,3.6353,3.6388,3.6363,685.64229752
1551322860000,3.6379,3.6363,3.6363,3.6363,615.26776641
1551322920000,3.638,3.6362,3.638,3.6362,83.18787914
1551323040000,3.6363,3.6363,3.6363,3.6363,57.42929572
1551323100000,3.6352,3.63465983,3.6352,3.63465983,45
1551323280000,3.6348,3.6347,3.6347,3.6348,1647.66229028
1551323340000,3.6364,3.6349,3.6349,3.6364,2406.24662423
1551323400000,3.65104969,3.6364,3.6364,3.65104969,5257.28689308
1551323460000,3.6525,3.6501,3.6501,3.6525,2189.19407582
1551323520000,3.6549,3.653,3.653,3.6549,137.9201
1551323580000,3.6549,3.6549,3.6549,3.6549,98.55010134
1551323640000,3.65483811,3.65483811,3.65483811,3.65483811,20
1551323760000,3.6548,3.6548,3.6548,3.6548,39.5
1551323880000,3.6549,3.65483811,3.65483811,3.6549,2453.20745775
1551323940000,3.65483811,3.6548,3.65483811,3.6548,368.4650533
1551324000000,3.65406168,3.65406168,3.65406168,3.65406168,100
1551324120000,3.6541,3.653,3.654,3.653,83
1551324180000,3.6525,3.6518,3.6525,3.652,678.9614916
1551324300000,3.6519,3.6417,3.6519,3.6418,505.17771255
1551324360000,3.6399,3.6399,3.6399,3.6399,399.62126715
1551324420000,3.6399,3.63,3.6399,3.63,6198.16267075
1551324480000,3.6352,3.63,3.63,3.6312,10690.37604955
1551324540000,3.6307,3.6301,3.6301,3.6306,344.93525944
1551324600000,3.6333,3.63,3.6307,3.63,8891.46757164
1551324780000,3.6306,3.6306,3.6306,3.6306,750
1551324840000,3.6305,3.6305,3.6305,3.6305,450.55152707
1551325080000,3.6349,3.6306,3.6306,3.6335,2517.90840842
1551325140000,3.6349,3.6349,3.6349,3.6349,37.13943795
1551325260000,3.6311,3.6311,3.6311,3.6311,167.42356132
1551325440000,3.6314,3.6314,3.6314,3.6314,42.66121137
1551325500000,3.6345,3.6325,3.6325,3.6345,200.62743206
1551325560000,3.6368,3.6368,3.6368,3.6368,37.11544277
1551325620000,3.6349,3.6349,3.6349,3.6349,46.57247328
1551325740000,3.6337,3.6332,3.6335,3.6337,3706.22961732
1551325860000,3.6364,3.6351,3.6351,3.6351,387.1373946
1551325980000,3.6421,3.638,3.638,3.6421,2170.12285404
1551326040000,3.6448,3.6414,3.6414,3.6447,3152.73902807
1551326100000,3.6445,3.6423,3.643,3.6445,2504.3009
1551326160000,3.64305586,3.64305586,3.64305586,3.64305586,100
1551326220000,3.643,3.6374,3.643,3.6374,56
1551326340000,3.6379,3.6347,3.6376,3.6363,2649.73999686
1551326400000,3.6387,3.636,3.6367,3.6387,3850.65594992
1551326520000,3.6361,3.6361,3.6361,3.6361,162.71
1551326580000,3.6359,3.6321,3.6359,3.6342,747.4253
1551326640000,3.6343,3.6343,3.6343,3.6343,321.80353732
1551326760000,3.6342,3.6326,3.6342,3.6329,380.14213754
1551326820000,3.6334,3.632,3.6334,3.632,366.595
1551327000000,3.6328,3.629,3.6328,3.629,675.695
1551327060000,3.6316,3.6315,3.6316,3.6316,71.07056937
1551327120000,3.6326,3.6326,3.6326,3.6326,10
1551327180000,3.632,3.632,3.632,3.632,550.45236535
1551327240000,3.6326,3.6322,3.6325,3.6326,1818.17495099
1551327300000,3.6364,3.6329,3.6329,3.6364,1648.84541331
1551327420000,3.6392,3.6359,3.638,3.6392,3088.73108157
1551327480000,3.63969375,3.6392,3.6396,3.6393,625.21
1551327540000,3.6396,3.6392,3.6396,3.6392,500
1551327600000,3.63950744,3.63950744,3.63950744,3.63950744,462.89033664
1551327720000,3.6447,3.64,3.64,3.6438,5522
1551327780000,3.6435,3.6414,3.6414,3.6433,317.07197996
1551327900000,3.6464,3.6456,3.6456,3.6457,311.14687365
1551327960000,3.64849417,3.6435,3.6435,3.6442,25145.76880818
1551328020000,3.6442,3.6406,3.6433,3.6406,979.55080669
1551328080000,3.6392,3.6392,3.6392,3.6392,7.8
1551328140000,3.6491,3.64,3.64,3.6489,3370.89194038
1551328200000,3.6491,3.6485,3.6485,3.6491,1000
1551328260000,3.649,3.6472,3.649,3.6477,17.49793591
1551328380000,3.6554,3.6483,3.6483,3.6551,11177.71064496
1551328440000,3.6551,3.6499,3.6541,3.65,837.3991172
1551328500000,3.6505,3.6498,3.65,3.65,771.35208
1551328560000,3.65,3.6466,3.65,3.6493,3005
1551328620000,3.6496,3.6486,3.6492,3.6496,3121.26288229
1551328740000,3.6499,3.6483,3.6486,3.6483,5022.645657
1551328800000,3.65,3.6498,3.6498,3.65,3784.67264654
1551328920000,3.65506141,3.6502,3.6502,3.6534,7500
1551328980000,3.6497,3.6444,3.6497,3.6444,1020
1551329100000,3.643,3.6418,3.643,3.642,603.53914277
1551329160000,3.644,3.644,3.644,3.644,1926.38242175
1551329220000,3.644,3.641,3.644,3.641,93.98281102
1551329340000,3.6426,3.64251785,3.64254797,3.6426,544.06117918
1551329400000,3.6425,3.6392,3.6425,3.6392,76.486859
1551329460000,3.6388,3.6386,3.6388,3.6386,207.5
1551329520000,3.6391,3.6391,3.6391,3.6391,9.9308
1551329700000,3.6399,3.6369,3.6399,3.6381,54.16538407
1551329880000,3.6395,3.6387,3.6387,3.6395,1789.98333869
1551329940000,3.6386,3.6381,3.6386,3.6381,527.02750416
1551330000000,3.6457,3.6381,3.6381,3.6457,688.54864483
1551330060000,3.6456,3.6456,3.6456,3.6456,74.06028353
1551330120000,3.6422,3.642,3.642,3.6422,92
1551330180000,3.6432,3.6432,3.6432,3.6432,30.00000001
1551330240000,3.6529,3.6439,3.6439,3.6503,29191.53864689
1551330300000,3.6514,3.6472,3.6514,3.6488,737.12688743
1551330360000,3.6493,3.648,3.6493,3.648,325
1551330420000,3.648,3.648,3.648,3.648,12.36
1551330540000,3.648,3.648,3.648,3.648,123.5177349
1551330600000,3.6517,3.648,3.648,3.6517,5068.61507714
1551330660000,3.6537,3.6498,3.6498,3.6537,12173.72265885
1551330720000,3.6499,3.648,3.6499,3.648,2983.36724107
1551330780000,3.6493,3.649,3.6493,3.649,68
1551330840000,3.6486,3.648,3.6486,3.648,589.42997597
1551330900000,3.648,3.648,3.648,3.648,175.25538431
1551330960000,3.6498,3.6481,3.6481,3.6498,760.63664615
1551331020000,3.6508,3.6498,3.6498,3.6508,534
1551331080000,3.6564,3.6508,3.6508,3.6558,3461.53501882
1551331140000,3.6541,3.6502,3.6541,3.6524,440
1551331200000,3.6551,3.6517,3.6517,3.6546,3771.86882635
1551331260000,3.6537,3.6537,3.6537,3.6537,61
1551331320000,3.6521,3.6505,3.6521,3.6505,299.84818907
1551331380000,3.6539,3.6501,3.6501,3.6539,553.48365175
1551331440000,3.6597,3.6541,3.6541,3.6573,1093.9470557
1551331620000,3.6543,3.6535,3.6535,3.6542,77.31975895
1551331680000,3.6546,3.6543,3.6543,3.6544,446
1551331740000,3.655,3.6544,3.6544,3.655,598.66007486
1551331920000,3.6551,3.6508,3.6551,3.6508,3011.47377761
1551331980000,3.6508,3.6508,3.6508,3.6508,63.21311943
1551332040000,3.6508,3.6508,3.6508,3.6508,198
1551332100000,3.6508,3.6508,3.6508,3.6508,10
1551332160000,3.6539,3.6509,3.6509,3.6539,628.35491973
1551332220000,3.6556,3.6539,3.6539,3.6556,44.44737506
1551332280000,3.6556,3.655,3.6556,3.655,207.533832
1551332340000,3.6575,3.6545,3.6545,3.6575,44.44328521
1551332400000,3.66,3.6577,3.6577,3.6589,4541.61393594
1551332460000,3.6583,3.6561,3.6583,3.6561,108.45049899
1551332520000,3.6583,3.6564,3.6564,3.6583,178.7030553
1551332640000,3.6576,3.6576,3.6576,3.6576,36.90894426
1551332700000,3.657338,3.657338,3.657338,3.657338,150
1551332760000,3.6599,3.6573,3.6574,3.6599,1749.28409251
1551332820000,3.6606,3.66,3.66,3.6603,411.61180051
1551332880000,3.6581,3.658,3.658,3.6581,1031.78935947
1551332940000,3.658,3.6508,3.658,3.6508,1425.96560753
1551333000000,3.6508,3.65,3.6508,3.65,18786.82970531
1551333060000,3.65,3.6484,3.6487,3.65,9207.23410163
1551333120000,3.6505,3.6496,3.65,3.6505,5800.4056199
1551333180000,3.6499,3.6499,3.6499,3.6499,412.56281471
1551333240000,3.6498,3.64226848,3.6498,3.6432,16580.31071398
1551333300000,3.6433,3.6413,3.6413,3.6428,1060.41316439
1551333360000,3.6429,3.6426,3.6429,3.6426,291
1551333420000,3.6429,3.6425,3.6425,3.6429,62.06601869
1551333480000,3.6435,3.6428,3.6428,3.6435,856.20927798
1551333540000,3.644,3.643,3.6439,3.643,1943.77595993
1551333600000,3.6429,3.6395,3.6429,3.6395,399.90700458
1551333660000,3.6388,3.6343,3.6388,3.6372,3096.36930901
1551333720000,3.6371,3.6371,3.6371,3.6371,973.96908126
1551333780000,3.6369,3.6365,3.6369,3.6365,337.78561019
1551333840000,3.6366,3.6216,3.6366,3.6226,38898.37550546
1551333900000,3.6281,3.623,3.6233,3.6254,3277.78538209
1551333960000,3.6294,3.6254,3.6268,3.6268,4947.42598501
1551334020000,3.6266,3.6223,3.6223,3.6266,396.72144589
1551334080000,3.6299,3.6266,3.6266,3.6286,510.20146669
1551334140000,3.6283,3.625,3.6258,3.625,1126.576
1551334200000,3.625,3.6105,3.625,3.6107,27527.55443717
1551334260000,3.6131,3.6047,3.6102,3.6131,46660.21580398
1551334320000,3.6132,3.6083,3.6132,3.612,639.63320714
1551334380000,3.612,3.6119,3.612,3.612,13824.06723707
1551334440000,3.6143,3.6119,3.6119,3.6143,20
1551334500000,3.6143,3.6128,3.6143,3.6128,217.45
1551334560000,3.612,3.612,3.612,3.612,10
1551334620000,3.6138,3.612,3.612,3.6138,193.09936268
1551334740000,3.6133,3.6047,3.6133,3.6047,1902.88831654
1551334800000,3.607,3.6019,3.6026,3.6028,418.97943717
1551334860000,3.602,3.602,3.602,3.602,97.43
1551334920000,3.6043,3.6043,3.6043,3.6043,10
1551334980000,3.6056,3.6041,3.6041,3.6048,1764.42216148
1551335040000,3.6058,3.60436086,3.6058,3.60436086,22222.02491028
1551335100000,3.604,3.604,3.604,3.604,8422.26009836
1551335160000,3.614,3.604,3.604,3.614,17132.34989136
1551335340000,3.6107,3.6091,3.6091,3.6107,85
1551335400000,3.6129,3.6102,3.6102,3.6121,9566.60001972
1551335460000,3.612,3.6083,3.612,3.6083,110.23318372
1551335520000,3.6101,3.6098,3.6101,3.6098,1902.97454558
1551335580000,3.6129,3.6101,3.6101,3.6129,6836.7589862
1551335640000,3.6156,3.6152,3.6153,3.6152,161.00000005
1551335700000,3.6152,3.6101,3.6152,3.6101,659.57213394
1551335760000,3.61,3.6075,3.61,3.6075,2300.61109882
1551335820000,3.6086,3.6078,3.6086,3.6079,7015.62980314
1551335880000,3.6127,3.6085,3.6085,3.6127,124.78346198
1551335940000,3.62,3.6164,3.6164,3.62,3712.0379185
1551336000000,3.6201,3.6201,3.6201,3.6201,1764.93274482
1551336060000,3.62,3.62,3.62,3.62,22.44724742
1551336180000,3.6151,3.6151,3.6151,3.6151,51.34388182
1551336300000,3.6152,3.615,3.615,3.6152,670.661
1551336360000,3.6161,3.6161,3.6161,3.6161,78.21151107
1551336420000,3.615,3.615,3.615,3.615,274.728505
1551336480000,3.6118,3.6118,3.6118,3.6118,163.06654742
1551336660000,3.6119,3.6119,3.6119,3.6119,50
1551336720000,3.6159,3.6159,3.6159,3.6159,128.91676848
1551336840000,3.6135,3.6135,3.6135,3.6135,96
1551336900000,3.614,3.6139,3.614,3.614,82
1551336960000,3.614,3.6139,3.6139,3.614,82.96491001
1551337020000,3.6153,3.6121,3.6153,3.6121,2500.00008011
1551337140000,3.6143,3.6143,3.6143,3.6143,10
1551337200000,3.612,3.6119,3.612,3.6119,1089.8435
1551337320000,3.6119,3.6078,3.6119,3.6078,3293.06376331
1551337380000,3.6012,3.601,3.6011,3.601,659.258483
1551337440000,3.6031,3.5986,3.6001,3.5998,9466.83733456
1551337500000,3.5974,3.5951,3.5974,3.5951,463.2272
1551337560000,3.6008,3.5979,3.5999,3.5979,3134.70110837
1551337620000,3.5978,3.5952,3.5966,3.5952,2635
1551337680000,3.601,3.5977,3.5977,3.601,489.36145616
1551337740000,3.6093,3.6004,3.6004,3.6093,1650.45022269
1551337800000,3.6104,3.6052,3.6104,3.6052,493.42229064
1551337860000,3.6052,3.6051,3.6052,3.6051,43.43706907
1551337920000,3.6051,3.6037,3.6051,3.6037,657.3182902
1551337980000,3.6054,3.6053,3.6053,3.6054,410.166584
1551338040000,3.6017,3.5986,3.6017,3.5986,1000
1551338100000,3.606,3.5998,3.5998,3.6058,1337.69241637
1551338160000,3.6065,3.6065,3.6065,3.6065,0.00099947
1551338220000,3.612,3.6043,3.6075,3.6043,177.021
1551338280000,3.6068,3.6051,3.6068,3.6059,408
1551338340000,3.6046,3.6036,3.6046,3.6036,2310.4702828
1551338520000,3.6052,3.6052,3.6052,3.6052,20
1551338640000,3.6063,3.6063,3.6063,3.6063,30
1551338700000,3.6089,3.6073,3.6077,3.6075,224.02671905
1551338760000,3.61,3.6093,3.6093,3.61,68.3241842
1551338820000,3.61,3.61,3.61,3.61,86.36625707
1551338880000,3.61,3.6099,3.61,3.6099,1327.66317622
1551338940000,3.614,3.61,3.61,3.614,1016.03494665
1551339000000,3.6176,3.6159,3.6168,3.6168,500.20010101
1551339060000,3.6176,3.6165,3.6166,3.6176,927.42369046
1551339120000,3.6166,3.614,3.6166,3.614,500
1551339180000,3.6149,3.6142,3.6142,3.6149,61
1551339240000,3.6141,3.6141,3.6141,3.6141,6
1551339300000,3.6135,3.6135,3.6135,3.6135,143.0738
1551339360000,3.6148,3.6135,3.6135,3.6148,433
1551339480000,3.6152,3.6152,3.6152,3.6152,500
1551339540000,3.6153,3.6153,3.6153,3.6153,333
1551339660000,3.6199,3.6178,3.6178,3.6192,445.29723824
1551339720000,3.6189,3.6163,3.6167,3.6163,545.40745474
1551339780000,3.6164,3.6164,3.6164,3.6164,28.59889233
1551339840000,3.6181,3.6164,3.6164,3.6181,1389.67174695
1551339900000,3.6188,3.6179,3.6188,3.6179,57.52768808
1551339960000,3.6179,3.6179,3.6179,3.6179,6.04462804
1551340080000,3.62,3.6196,3.6196,3.62,74
1551340320000,3.6196,3.6196,3.6196,3.6196,256.29608388
1551340380000,3.6195,3.6195,3.6195,3.6195,2085.71822
1551340440000,3.6195,3.6195,3.6195,3.6195,0.000003
1551340500000,3.618,3.6125,3.618,3.6141,226.68547886
1551340560000,3.6114,3.6114,3.6114,3.6114,270
1551340620000,3.6114,3.6114,3.6114,3.6114,20
1551340680000,3.6126,3.6126,3.6126,3.6126,150
1551340740000,3.6142,3.6142,3.6142,3.6142,9.7765
1551340800000,3.6132,3.6122,3.6132,3.6122,594.56622183
1551340860000,3.612,3.612,3.612,3.612,304.30002168
1551340920000,3.6121,3.612,3.6121,3.612,606.48319877
1551341040000,3.6148,3.6121,3.6121,3.6148,140.36525641
1551341100000,3.6158,3.6149,3.6149,3.6158,944.576
1551341160000,3.6158,3.6158,3.6158,3.6158,6.55069087
1551341280000,3.6164,3.6158,3.6158,3.6164,144.46546499
1551341340000,3.6173,3.6171,3.6173,3.6171,400
1551341400000,3.6209,3.6178,3.6178,3.6208,1398.6772974
1551341460000,3.62517576,3.6178,3.6208,3.6184,3795.3481876
1551341520000,3.6213,3.6213,3.6213,3.6213,302.49840288
1551341580000,3.6221,3.6213,3.6213,3.6221,923.50550627
1551341640000,3.6222,3.6222,3.6222,3.6222,156.34933397
1551341760000,3.6231,3.6222,3.6222,3.6231,560
1551341820000,3.6218,3.6218,3.6218,3.6218,6
1551341880000,3.6217,3.62,3.6217,3.62,2574.77144248
1551341940000,3.62,3.6145,3.62,3.6145,300
1551342000000,3.6258,3.62,3.62,3.6258,2658.8668
1551342060000,3.6235,3.6215,3.6217,3.6217,396.81968859
1551342240000,3.621,3.6194,3.6194,3.621,774.3
1551342300000,3.6205,3.6201,3.6205,3.6201,58
1551342480000,3.6201,3.62,3.62,3.6201,159.98524197
1551342540000,3.6286,3.6228,3.6228,3.6286,4224.28666625
1551342600000,3.6272,3.627,3.6272,3.627,599.385
1551342660000,3.6227,3.6227,3.6227,3.6227,122.563
1551342720000,3.6246,3.6246,3.6246,3.6246,300.12962145
1551342840000,3.6231,3.6231,3.6231,3.6231,1350.44509028
1551342900000,3.6231,3.6231,3.6231,3.6231,1073.41456548
1551342960000,3.6231,3.6231,3.6231,3.6231,100
1551343020000,3.6234,3.6232,3.6232,3.6234,3706.83121579
1551343080000,3.63,3.6285,3.6285,3.63,317.9871789
1551343200000,3.6362,3.63,3.63,3.6361,6623.18119562
1551343260000,3.64,3.6382,3.64,3.6388,106.20878498
1551343320000,3.6378,3.6378,3.6378,3.6378,10
1551343380000,3.6405,3.64,3.64,3.6405,4920.18269147
1551343440000,3.6446,3.6405,3.6405,3.6422,3599.7857057
1551343500000,3.6434,3.643,3.6434,3.643,2065.22432648
1551343560000,3.643,3.643,3.643,3.643,73.89941297
1551343620000,3.6431,3.6429,3.6429,3.6431,267.10813233
1551343680000,3.6542,3.6431,3.6431,3.648,28999.47563757
1551343740000,3.6472,3.6471,3.6472,3.6471,319.36338083
1551343800000,3.6463,3.6355,3.6463,3.6355,19222.87032237
1551343860000,3.6385,3.638,3.6385,3.638,339.9085481
1551343920000,3.638,3.6358,3.638,3.6358,2099.71602111
1551343980000,3.6478,3.6349,3.6349,3.6478,8380.04083687
1551344040000,3.6504,3.6455,3.6485,3.6471,7797.50201216
1551344100000,3.6607,3.6469,3.6469,3.66,32690.54352657
1551344160000,3.66,3.6497,3.659,3.6505,30146.30640401
1551344220000,3.6594,3.6552,3.6563,3.6584,2494.83486189
1551344280000,3.67212891,3.6506,3.6583,3.6568,83123.31376091
1551344340000,3.6593,3.6513,3.6574,3.6555,9509.44418621
1551344400000,3.6516,3.6507,3.6507,3.6516,1368.384
1551344460000,3.6562,3.6526,3.6528,3.6553,862.82854657
1551344520000,3.6574,3.6537,3.6541,3.6574,6781
1551344580000,3.6593,3.6582,3.6586,3.6582,3913.14487811
1551344640000,3.662,3.6571,3.662,3.658,887.06118461
1551344700000,3.6581,3.6556,3.6581,3.6569,366.25839244
1551344760000,3.6565,3.6529,3.6563,3.6537,6312.70299704
1551344880000,3.66,3.6539,3.6539,3.6594,1472.67550344
1551344940000,3.6594,3.6566,3.6594,3.657,1774.09154434
1551345000000,3.657,3.6456,3.6563,3.6537,22024.82946822
1551345060000,3.6553,3.654,3.654,3.6553,63.35565067
1551345120000,3.6563,3.6548,3.6561,3.6562,430.23188486
1551345180000,3.657,3.6569,3.657,3.657,13047.12312416
1551345240000,3.657,3.6555,3.6569,3.657,2212.45834765
1551345300000,3.659,3.6564,3.6565,3.6576,506.49250278
1551345360000,3.658,3.6576,3.6579,3.6579,440.72419485
1551345420000,3.657,3.6566,3.6569,3.6569,101.16469664
1551345480000,3.6569,3.6512,3.6569,3.6512,674.60842948
1551345540000,3.6509,3.6449,3.6509,3.6468,1424.6090526
1551345600000,3.6472,3.6469,3.6472,3.6469,429.28
1551345660000,3.6465,3.6439,3.6465,3.6448,915.72877692
1551345720000,3.6454,3.6433,3.6442,3.6454,215.5326
1551345780000,3.6434,3.63725396,3.6434,3.6403,1131
1551345840000,3.6413,3.6408,3.6413,3.6408,41
1551345900000,3.6398,3.6398,3.6398,3.6398,200
1551346020000,3.6394,3.6393,3.6394,3.6393,501.914112
1551346080000,3.6378,3.6378,3.6378,3.6378,392.426932
1551346140000,3.6373,3.6372,3.6372,3.6372,353.42456117
1551346200000,3.6373,3.6373,3.6373,3.6373,765.25221529
1551346260000,3.6373,3.6373,3.6373,3.6373,2928.54169248
1551346320000,3.6372,3.6372,3.6372,3.6372,10.57292959
1551346380000,3.6373,3.6373,3.6373,3.6373,300
1551346440000,3.6373,3.6372,3.6373,3.6372,1048.7141
1551346500000,3.6373,3.6373,3.6373,3.6373,478.6656
1551346560000,3.64,3.6373,3.6373,3.64,3161.95619532
1551346620000,3.64,3.6399,3.64,3.64,3395.42302567
1551346680000,3.64,3.6396,3.64,3.6396,10963.64142697
1551346740000,3.64,3.64,3.64,3.64,491.28090574
1551346800000,3.6406,3.64,3.64,3.6406,4766.38806965
1551346920000,3.6397,3.6397,3.6397,3.6397,152
1551346980000,3.6397,3.6397,3.6397,3.6397,100
1551347040000,3.6391,3.6338,3.6391,3.6338,2575.787678
1551347100000,3.6343,3.6337,3.6339,3.6343,142.57801861
1551347160000,3.6339,3.6318,3.6339,3.6334,1931.18321325
1551347220000,3.6329,3.632,3.6329,3.632,59.11042659
1551347280000,3.6332,3.6331,3.6331,3.6332,908.04411162
1551347340000,3.6325,3.6318,3.6325,3.6318,467.6755
1551347400000,3.6318,3.6307,3.6318,3.6307,10
1551347460000,3.6307,3.6235,3.6307,3.6235,1775.72430868
1551347520000,3.6258,3.6258,3.6258,3.6258,92
1551347640000,3.631,3.631,3.631,3.631,800
1551347700000,3.6258,3.6257,3.6258,3.6257,750
1551347760000,3.6285,3.6285,3.6285,3.6285,31
1551347820000,3.6267,3.6258,3.6258,3.6267,35.96454295
1551347880000,3.6263,3.6262,3.6262,3.6263,319
1551347940000,3.6271,3.6266,3.6266,3.6269,315.81
1551348000000,3.6262,3.6257,3.6262,3.6257,742.37059514
1551348060000,3.6241,3.6241,3.6241,3.6241,50
1551348180000,3.6241,3.6232,3.6241,3.6233,3622.59430395
1551348240000,3.6233,3.6233,3.6233,3.6233,5145.0702345
1551348360000,3.6267,3.6245,3.6267,3.6266,980
1551348420000,3.6329,3.628,3.628,3.6329,470.87352413
1551348480000,3.6329,3.6321,3.6329,3.6321,222.51977405
1551348540000,3.6332,3.6332,3.6332,3.6332,216.15932003
1551348600000,3.6341,3.628,3.6341,3.628,10416.09254214
1551348660000,3.6263,3.626,3.6263,3.626,703.23279336
1551348720000,3.6293,3.6291,3.6293,3.6291,301.79179599
1551348780000,3.63,3.6291,3.6291,3.63,1003.15415433
1551348840000,3.63,3.6299,3.6299,3.63,1724.77820332
1551348900000,3.6306,3.6305,3.6305,3.6306,299.57181074
1551348960000,3.631,3.6309,3.631,3.6309,436.23
1551349020000,3.6301,3.6301,3.6301,3.6301,108.3811
1551349260000,3.6424,3.6415,3.6415,3.6424,1590.10588195
1551349320000,3.6458,3.6434,3.6445,3.6434,438.88776365
1551349440000,3.6457,3.6424,3.6424,3.6455,272.5
1551349500000,3.6481,3.6459,3.6459,3.6481,10165.25732816
1551349560000,3.6457,3.6421,3.6421,3.6457,4592.6106
1551349620000,3.6455,3.6455,3.6455,3.6455,300
1551349680000,3.6489,3.6477,3.6477,3.6489,376.8178232
1551349740000,3.6494,3.6486,3.6494,3.6486,17787.37970975
1551349800000,3.6478,3.6478,3.6478,3.6478,392.05995176
1551349860000,3.6478,3.6477,3.6478,3.6478,436.35786601
1551349920000,3.6478,3.6478,3.6478,3.6478,39.5729687
1551349980000,3.6487,3.6487,3.6487,3.6487,200
1551350100000,3.6495,3.6487,3.6488,3.6487,580.29645195
1551350280000,3.6477,3.6467,3.6477,3.6467,205.90544807
1551350460000,3.6459,3.6448,3.6448,3.6459,256.97275464
1551350520000,3.6469,3.6437,3.6469,3.6437,455.7336225
1551350640000,3.6441,3.6436,3.6441,3.6436,21417.89418399
1551350700000,3.64,3.6399,3.64,3.6399,702.7504915
1551350880000,3.6351,3.6346,3.6346,3.6351,691.19196842
1551350940000,3.6365,3.6365,3.6365,3.6365,7.67468803
1551351000000,3.6355,3.6348,3.6355,3.6348,55.12649659
1551351120000,3.6386,3.6369,3.6386,3.6369,92
1551351180000,3.6383,3.6383,3.6383,3.6383,33.6
1551351300000,3.6379,3.6379,3.6379,3.6379,31
1551351360000,3.6381,3.6381,3.6381,3.6381,11.52649659
1551351480000,3.64,3.64,3.64,3.64,231
1551351660000,3.64,3.64,3.64,3.64,345.98381819
1551351720000,3.6487,3.64,3.64,3.6484,1736.49330181
1551351780000,3.6484,3.6484,3.6484,3.6484,158.37559302
1551351900000,3.6484,3.6484,3.6484,3.6484,94.36564152
1551351960000,3.6495,3.649,3.649,3.6495,450
1551352020000,3.6494,3.6484,3.6494,3.6484,160.89114104
1551352080000,3.6444,3.6422,3.6444,3.6432,385.04022126
1551352140000,3.6432,3.6432,3.6432,3.6432,35
1551352260000,3.6494,3.6494,3.6494,3.6494,568
1551352320000,3.6496,3.6496,3.6496,3.6496,25.27627595
1551352380000,3.6535,3.6499,3.6534,3.6499,5613.53538471
1551352500000,3.6535,3.6535,3.6535,3.6535,36.95036334
1551352620000,3.6536,3.6536,3.6536,3.6536,416.19
1551352680000,3.6625,3.655,3.655,3.6625,1720.8176
1551352800000,3.6597,3.6587,3.6597,3.6592,475.66532235
1551352860000,3.6585,3.6534,3.6585,3.6534,10161.99491533
1551352920000,3.6497,3.6497,3.6497,3.6497,97.63
1551353040000,3.6445,3.6382,3.6445,3.6382,1774.84221684
1551353100000,3.6371,3.6371,3.6371,3.6371,599
1551353160000,3.6471,3.6395,3.6395,3.6471,604.54961145
1551353220000,3.6471,3.6471,3.6471,3.6471,100
1551353280000,3.6511,3.65,3.6501,3.6511,549.12256123
1551353340000,3.6511,3.6511,3.6511,3.6511,550.51858537
1551353520000,3.6542,3.6542,3.6542,3.6542,119.10173
1551353580000,3.6585,3.6542,3.6542,3.6577,2850.01206132
1551353640000,3.6632,3.6592,3.6592,3.6608,2418.63315696
1551353700000,3.6613,3.66,3.6606,3.6601,2873.700642
1551353760000,3.6601,3.659,3.6601,3.6596,7629.40811998
1551353820000,3.6596,3.654,3.6596,3.6545,6413.12697605
1551353880000,3.6545,3.6513,3.6524,3.6545,2234.2309815
1551353940000,3.6588,3.6549,3.6552,3.6568,9133.28087181
1551354000000,3.6551,3.6542,3.6542,3.6551,246.11718541
1551354060000,3.6555,3.6515,3.6523,3.6545,1021.13771664
1551354120000,3.6606,3.6547,3.6582,3.6547,2230
1551354180000,3.655,3.655,3.655,3.655,15
1551354240000,3.6569,3.6568,3.6569,3.6568,189.57619253
1551354300000,3.6569,3.656,3.6569,3.656,7076.571183
1551354360000,3.6541,3.654,3.6541,3.654,3741.43035314
1551354420000,3.654,3.6525,3.654,3.6525,431.56964686
1551354480000,3.653,3.653,3.653,3.653,31
1551354540000,3.6534,3.6525,3.6532,3.6525,251.39078021
1551354660000,3.6521,3.65,3.6521,3.6501,7395.53911143
1551354720000,3.65,3.65,3.65,3.65,300
1551354780000,3.65,3.6476,3.65,3.6483,300
1551354840000,3.645,3.645,3.645,3.645,25
1551354900000,3.645,3.645,3.645,3.645,1.04545455
1551354960000,3.6476,3.6476,3.6476,3.6476,4.71888873
1551355140000,3.6518,3.6502,3.6502,3.6513,2234.81
1551355200000,3.6518,3.6511,3.6518,3.6512,184.4292
1551355260000,3.6513,3.6513,3.6513,3.6513,3070.70203049
1551355320000,3.6512,3.6512,3.6512,3.6512,30.97363916
1551355380000,3.6503,3.6502,3.6503,3.6502,59.91907368
1551355440000,3.6501,3.6501,3.6501,3.6501,168.39819461
1551355500000,3.6501,3.6501,3.6501,3.6501,378.98457903
1551355560000,3.6518,3.6518,3.6518,3.6518,36.95946778
1551355740000,3.6503,3.6486,3.6503,3.6493,2356.93583676
1551355980000,3.6485,3.6485,3.6485,3.6485,159.690728
1551356040000,3.6481,3.648,3.6481,3.648,68
1551356160000,3.6481,3.6481,3.6481,3.6481,505.3890455
1551356220000,3.6481,3.6481,3.6481,3.6481,90
1551356340000,3.6495,3.6495,3.6495,3.6495,300
1551356400000,3.6492,3.6482,3.6482,3.6492,3266.2032432
1551356460000,3.6505,3.6495,3.6504,3.6496,1160
1551356520000,3.6494,3.6493,3.6494,3.6493,279.10631476
1551356640000,3.6493,3.6493,3.6493,3.6493,417.69183373
1551356700000,3.6493,3.6493,3.6493,3.6493,21005.05004072
1551356760000,3.64931343,3.6493,3.6493,3.6493,20416.82851451
1551356820000,3.6493,3.6493,3.6493,3.6493,3708.599593
1551356880000,3.6493,3.6481,3.6493,3.6481,1786.09397348
1551357000000,3.648,3.648,3.648,3.648,10
1551357060000,3.648,3.648,3.648,3.648,898.33614522
1551357120000,3.648,3.6431,3.648,3.6431,3162.46586198
1551357180000,3.6431,3.6395,3.6431,3.6395,664.05325577
1551357240000,3.6395,3.6375,3.6395,3.6375,1431.84983713
1551357300000,3.6374,3.6,3.6374,3.6105,51297.34335917
1551357360000,3.6201,3.6093,3.6113,3.6099,5541.51200041
1551357420000,3.6233,3.61,3.61,3.6142,10179.47228251
1551357480000,3.6236,3.615,3.6182,3.615,3293.64233903
1551357540000,3.6145,3.6099,3.6138,3.6129,4871.53103279
1551357600000,3.6186,3.613,3.613,3.6186,115.095
1551357660000,3.6245,3.6215,3.6216,3.6216,638.54333751
1551357720000,3.6216,3.6206,3.6215,3.6206,329.70281068
1551357780000,3.6204,3.6193,3.6204,3.6197,633.4598701
1551357840000,3.6194,3.6172,3.6193,3.6193,1717.133619
1551357900000,3.6268,3.6221,3.6224,3.6268,100
1551357960000,3.629,3.629,3.629,3.629,6
1551358020000,3.6268,3.6239,3.6268,3.6239,500
1551358140000,3.6274,3.6274,3.6274,3.6274,244.719421
1551358320000,3.6291,3.6251,3.6251,3.6289,2859.41032387
1551358380000,3.6277,3.627,3.6277,3.627,410.95
1551358440000,3.6308,3.6308,3.6308,3.6308,8
1551358500000,3.6321,3.6277,3.6283,3.6317,1895.04551124
1551358620000,3.6306,3.6298,3.63,3.6298,832.8025827
1551358680000,3.6305,3.6305,3.6305,3.6305,7.265
1551358740000,3.6319,3.6319,3.6319,3.6319,245.97723066
1551358800000,3.6316,3.6295,3.6316,3.6296,180.18430951
1551358860000,3.6309,3.6309,3.6309,3.6309,552.66291338
1551358920000,3.6281,3.6255,3.6281,3.6255,357.09910149
1551358980000,3.6255,3.6206,3.6255,3.6234,1145.31095653
1551359040000,3.6251,3.6249,3.6249,3.6251,362
1551359100000,3.6257,3.6257,3.6257,3.6257,37.22340938
1551359160000,3.6228,3.6177,3.6228,3.6177,977.16897728
1551359220000,3.6178,3.6177,3.6178,3.6177,237
1551359280000,3.6177,3.6177,3.6177,3.6177,503.33474699
1551359340000,3.6178,3.6178,3.6178,3.6178,0.01
1551359400000,3.6178,3.6178,3.6178,3.6178,7.5828
1551359460000,3.6178,3.6178,3.6178,3.6178,20
1551359520000,3.6178,3.6178,3.6178,3.6178,20
1551359580000,3.6177,3.6177,3.6177,3.6177,895.3405809
1551359700000,3.6163,3.6163,3.6163,3.6163,170
1551359760000,3.6154,3.6087,3.6154,3.6106,546
1551359820000,3.6122,3.6106,3.6106,3.6112,184.92165222
1551359880000,3.6149,3.6132,3.6132,3.6136,192.6106
1551360300000,3.615,3.6139,3.6139,3.615,2194.27762758
1551360420000,3.6279,3.6198,3.6198,3.6271,10080
1551360480000,3.6261,3.6237,3.6261,3.6237,78.44805078
1551360540000,3.6234,3.6234,3.6234,3.6234,24.64693024
1551360600000,3.6234,3.6233,3.6234,3.6233,41.7714633
1551360660000,3.6233,3.6174,3.6233,3.6174,1577.62122598
1551360720000,3.6157,3.6139,3.6157,3.6145,3547.48083146
1551360780000,3.6179,3.6146,3.6146,3.6179,786.07731729
1551360840000,3.6147,3.6117,3.6147,3.6117,318.90440448
1551360900000,3.6094,3.608,3.6094,3.608,412.92684711
1551360960000,3.61,3.6052,3.6068,3.6052,5833.24033587
1551361020000,3.6051,3.60281667,3.6051,3.60281667,2000
1551361080000,3.6045,3.603,3.6045,3.603,1434.64558012
1551361140000,3.6029,3.6021,3.6029,3.6021,794.93821764
1551361200000,3.602,3.5876,3.602,3.5876,15763.28834427
1551361260000,3.603,3.5885,3.5885,3.6009,4432.33117346
1551361320000,3.6011,3.6003,3.6003,3.6011,68.975
1551361380000,3.6031,3.603,3.603,3.6031,1112.27501855
1551361440000,3.606,3.6056,3.606,3.6056,188.025
1551361500000,3.6049,3.6048,3.6049,3.6048,795.68630913
1551361560000,3.6059,3.6032,3.6057,3.6032,2933.71254948
1551361620000,3.6048,3.6032,3.6032,3.6048,201.77667678
1551361680000,3.6044,3.6032,3.6044,3.6032,585.98408768
1551361740000,3.6027,3.5951,3.6027,3.5951,1262.54316932
1551361800000,3.5961,3.594,3.594,3.5961,122
1551361860000,3.6037,3.6036,3.6036,3.6037,334
1551361920000,3.6045,3.6044,3.6044,3.6045,1031
1551361980000,3.6128,3.6091,3.6128,3.6109,2672.25877304
1551362040000,3.6089,3.6089,3.6089,3.6089,190.349
1551362220000,3.6089,3.6074,3.6089,3.6074,12.96414701
1551362400000,3.6182,3.6089,3.6089,3.6182,619.1911741
1551362460000,3.6389,3.6182,3.6182,3.6262,25497.22028335
1551362520000,3.6265,3.6222,3.6222,3.6265,700
1551362580000,3.6282,3.6264,3.6264,3.6282,502.7504915
1551362640000,3.6311,3.6311,3.6311,3.6311,270
1551362700000,3.6295,3.6244,3.6295,3.6244,621.559
1551362760000,3.6245,3.6244,3.6245,3.6244,108.3662251
1551362820000,3.6254,3.6245,3.6245,3.6254,76.10462319
1551362880000,3.6372,3.6308,3.6308,3.6331,4143.7229997
1551362940000,3.6384,3.6322,3.6347,3.6333,1191.10001789
1551363000000,3.6339,3.6317,3.6317,3.6319,305.52578197
1551363060000,3.6354,3.6305,3.6354,3.6311,708.72361566
1551363120000,3.6311,3.6311,3.6311,3.6311,259.53787597
1551363180000,3.6303,3.6302,3.6302,3.6303,390.59545858
1551363300000,3.6318,3.626,3.6302,3.6298,10576.65846918
1551363360000,3.6251,3.6245,3.6248,3.6251,135
1551363420000,3.627,3.627,3.627,3.627,100
1551363480000,3.6245,3.6158,3.6245,3.6158,1806.11719356
1551363540000,3.615,3.6142,3.6142,3.615,230.2768
1551363600000,3.619,3.6166,3.619,3.6166,673.02643354
1551363660000,3.6169,3.6163,3.6169,3.6169,1102
1551363720000,3.6167,3.615,3.6167,3.6152,1258.36765594
1551363780000,3.6205,3.618,3.618,3.6205,120
1551363840000,3.6232,3.6232,3.6232,3.6232,118.60639
1551363900000,3.6213,3.6208,3.6213,3.6208,1236.42559003
1551363960000,3.6189,3.6187,3.6189,3.6187,32.9208
1551364080000,3.6221,3.6205,3.6221,3.6205,366.044952
1551364140000,3.6216,3.62,3.6216,3.62,6086.3312117
1551364200000,3.62,3.62,3.62,3.62,7094.56026426
1551364260000,3.62,3.62,3.62,3.62,6
1551364320000,3.619,3.6144,3.6168,3.6177,5749.66851871
1551364380000,3.62,3.6144,3.6144,3.62,5146.72778774
1551364440000,3.62,3.615,3.62,3.615,5907.20763697
1551364500000,3.62,3.62,3.62,3.62,3770.89923726
1551364560000,3.62,3.62,3.62,3.62,61812.22709724
1551364620000,3.6223,3.62,3.62,3.6223,20435.8343837
1551364740000,3.6232,3.6193,3.6232,3.6193,298.1078
1551364800000,3.6217,3.6197,3.6197,3.6217,2000
1551364860000,3.6203,3.6202,3.6203,3.6202,30.9649104
1551365100000,3.6194,3.6194,3.6194,3.6194,500
1551365160000,3.6193,3.6192,3.6193,3.6192,115.428
1551365340000,3.6193,3.6193,3.6193,3.6193,276.177091
1551365400000,3.6245,3.6245,3.6245,3.6245,500
1551365640000,3.6259,3.6257,3.6257,3.6259,700
1551365880000,3.6235,3.623,3.6235,3.623,1250
1551366120000,3.624,3.624,3.624,3.624,6.40164563
1551366240000,3.6441,3.6241,3.6241,3.6419,7448.96681399
1551366300000,3.6422,3.6413,3.6415,3.6413,2469.7396675
1551366360000,3.6385,3.6367,3.6378,3.6367,3650.42827798
1551366480000,3.6369,3.6369,3.6369,3.6369,140.818207
1551366540000,3.6369,3.6369,3.6369,3.6369,20
1551366660000,3.6367,3.6367,3.6367,3.6367,546.62318946
1551366780000,3.633,3.63,3.631,3.63,3695.18199161
1551366840000,3.63,3.629,3.63,3.629,5180.61469183
1551366900000,3.63,3.62992767,3.63,3.63,1164.93525924
1551367020000,3.6331,3.6326,3.6326,3.6331,265.6689
1551367080000,3.63300079,3.63300079,3.63300079,3.63300079,45
1551367200000,3.633,3.6302,3.633,3.6302,459.7787953
1551367260000,3.6294,3.6286,3.6294,3.6294,119.5
1551367380000,3.6294,3.6293,3.6294,3.6293,518.64942677
1551367440000,3.6294,3.6294,3.6294,3.6294,210.874099
1551367500000,3.6331,3.6331,3.6331,3.6331,177.837695
1551367560000,3.6461,3.6382,3.6382,3.6424,8212.82540082
1551367620000,3.6419,3.6352,3.6411,3.6366,1311.06972253
1551367680000,3.6365,3.5826,3.6365,3.6007,70935.26676788
1551367740000,3.6076,3.6,3.6012,3.6,4097.94376941
1551367800000,3.6,3.5834,3.6,3.5928,8691.70823378
1551367860000,3.5928,3.56,3.5918,3.5617,33608.5342603
1551367920000,3.5808,3.534,3.5688,3.5808,75421.27668663
1551367980000,3.5987,3.5779,3.5779,3.589,28812.11893092
1551368040000,3.6173,3.5906,3.5906,3.6076,53981.25967261
1551368100000,3.6118,3.598,3.6118,3.599,11100.24624958
1551368160000,3.6105,3.6001,3.6001,3.6058,15249.27452396
1551368220000,3.6283,3.6041,3.6054,3.6283,10450.51514793
1551368280000,3.678,3.6349,3.6349,3.6703,86912.14480974
1551368340000,3.6717,3.6506,3.6682,3.654,14903.71435894
1551368400000,3.6641,3.6427,3.6539,3.6457,24277.89537969
1551368460000,3.6549,3.6456,3.6456,3.6501,12495.9471968
1551368520000,3.6598,3.6451,3.6532,3.6473,7586.40778687
1551368580000,3.6469,3.636,3.64527458,3.6388,19486.7805834
1551368640000,3.64,3.6272,3.6388,3.6321,18469.63055783
1551368700000,3.6509,3.627,3.6329,3.6348,19380.451029
1551368760000,3.6485,3.6371,3.6371,3.6485,55012.18416528
1551368820000,3.6505,3.6425,3.648,3.6447,1912.24584767
1551368880000,3.6448,3.64141458,3.6448,3.642,16476.54271796
1551368940000,3.642,3.6383,3.642,3.6385,5437.58896969
1551369000000,3.6407,3.6324,3.6407,3.6324,1485.91147657
1551369060000,3.6363,3.6319,3.6319,3.6345,233.006
1551369120000,3.6399,3.6345,3.6399,3.6345,77.72914253
1551369180000,3.6365,3.6365,3.6365,3.6365,83.73977
1551369300000,3.6393,3.6393,3.6393,3.6393,89.24693381
1551369360000,3.6391,3.6353,3.6365,3.6391,765.22853388
1551369420000,3.6393,3.6393,3.6393,3.6393,7.61358606
1551369480000,3.6451,3.63,3.6364,3.634,14045.25782328
1551369540000,3.634,3.6339,3.634,3.634,17155.23671245
