1545840000000,2.579,2.5478,2.579,2.5576,8637.85874056
1545840060000,2.5594,2.5542,2.5574,2.5574,1142.47581
1545840120000,2.5598,2.5598,2.5598,2.5598,117.19
1545840180000,2.5608,2.5563,2.5608,2.5563,318.64063124
1545840240000,2.5516,2.5515,2.5516,2.5515,38.7522
1545840300000,2.5602,2.5536,2.5541,2.5561,5134.00271828
1545840360000,2.5591,2.5578,2.5585,2.5591,3038.90057143
1545840480000,2.562,2.5599,2.5599,2.562,281
1545840540000,2.56340651,2.5579,2.56340651,2.5579,3612.47072612
1545840600000,2.5573,2.55406987,2.5573,2.5569,930.2419
1545840660000,2.5531,2.5512,2.5531,2.5512,1767.31225855
1545840720000,2.555,2.555,2.555,2.555,9.5273
1545840780000,2.5565,2.5535,2.5535,2.5565,176.66910898
1545840840000,2.5666,2.56,2.56,2.5657,742.11518556
1545840960000,2.5659,2.5579,2.5655,2.5579,1141.27438299
1545841020000,2.5616,2.559,2.5613,2.559,369.4528
1545841080000,2.5622,2.5607,2.5607,2.562,57.16457868
1545841140000,2.6078,2.5615,2.5615,2.6069,105573.4048752
1545841200000,2.61,2.5872,2.6077,2.5964,50290.70134
1545841260000,2.6059,2.5941,2.5941,2.6011,2357.29842662
1545841320000,2.60660897,2.5913,2.6045,2.6022,17051.48146416
1545841380000,2.5998,2.5905,2.5998,2.5935,6642.44984967
1545841440000,2.5994,2.5935,2.5935,2.5994,1124.13350803
1545841500000,2.611,2.5983,2.5983,2.6105,1302.6152301
1545841560000,2.6104,2.6085,2.6104,2.6096,1520.37672151
1545841620000,2.6135,2.604,2.6096,2.6062,12416.33798265
1545841680000,2.6102,2.6022,2.6056,2.61,6091.6444
1545841740000,2.61,2.6065,2.6065,2.61,267.31287
1545841800000,2.611,2.6081,2.6081,2.611,2211.4891906
1545841860000,2.6148,2.6074,2.6134,2.6075,6881.13843769
1545841920000,2.6065,2.6,2.6065,2.6,6410.57
1545841980000,2.5983,2.5878,2.5983,2.5943,15267.92878377
1545842040000,2.6009,2.5983,2.5983,2.6009,162.70421
1545842100000,2.6,2.5951,2.6,2.5951,459.99858673
1545842160000,2.5945,2.588,2.5945,2.5932,2935.89730735
1545842220000,2.5972,2.5962,2.5972,2.5962,59.9072281
1545842280000,2.5984,2.5959,2.5959,2.5984,110.00020132
1545842340000,2.6083,2.5992,2.5992,2.6083,2021.92503987
1545842400000,2.6028,2.6,2.6028,2.6,300
1545842460000,2.6016,2.6016,2.6016,2.6016,75
1545842580000,2.6092,2.6041,2.6082,2.6041,3329.558
1545842640000,2.6071,2.6034,2.6063,2.6071,2282.61594
1545842700000,2.613,2.6026,2.6044,2.6129,3161.89132488
1545842760000,2.618,2.6122,2.6137,2.6176,1995.28987107
1545842820000,2.6195,2.6181,2.6181,2.6191,2707.8619121
1545842880000,2.619,2.6,2.619,2.6118,5783.85334907
1545842940000,2.6111,2.6072,2.6072,2.6109,418.75749561
1545843000000,2.6117,2.6082,2.6115,2.6117,518.01604664
1545843060000,2.6071,2.6012,2.6071,2.6012,5907.05027249
1545843120000,2.6038,2.6,2.603,2.6,2720.82399
1545843180000,2.6049,2.5979,2.6,2.6049,2691.92269
1545843240000,2.6067,2.6061,2.6067,2.6061,3723.11724344
1545843300000,2.6091,2.6,2.6,2.6091,356.495
1545843360000,2.6065,2.6057,2.6065,2.6057,215.8897327
1545843420000,2.6058,2.6033,2.604,2.6044,200
1545843540000,2.6023,2.5908,2.6023,2.5908,10530.77442724
1545843600000,2.5965,2.5909,2.5911,2.5965,1054.84740586
1545843720000,2.5908,2.5831,2.5908,2.5866,15974.66287595
1545843780000,2.5871,2.58617247,2.587,2.5865,1030.41013514
1545843840000,2.5893,2.5865,2.5891,2.5884,551.4753
1545843900000,2.5995,2.5885,2.5885,2.5924,6283.31758382
1545843960000,2.5934,2.5921,2.5923,2.5934,280
1545844020000,2.5904,2.59,2.59,2.5904,433.18529952
1545844080000,2.5977,2.5915,2.5915,2.5953,4885.11990248
1545844140000,2.5935,2.5922,2.5935,2.5922,1419.32875322
1545844200000,2.5945,2.5922,2.594,2.5922,138.78540916
1545844260000,2.5922,2.5873,2.5922,2.5873,3845.24780084
1545844440000,2.5875,2.5875,2.5875,2.5875,377.6499
1545844500000,2.587,2.5789,2.587,2.579,2259.95126963
1545844560000,2.579,2.5579,2.579,2.5726,72282.61748059
1545844620000,2.574,2.55,2.5724,2.574,104792.04571631
1545844680000,2.5761,2.5642,2.574,2.5678,10767.22555432
1545844740000,2.5658,2.5614,2.5654,2.5644,2065.19458975
1545844800000,2.57836464,2.5616,2.5616,2.5759,6986.41664372
1545844860000,2.579,2.576,2.5768,2.579,332.7095
1545844920000,2.5778,2.5682,2.5759,2.5744,2020.74786955
1545845100000,2.5809,2.5745,2.5746,2.5809,2655.285
1545845160000,2.5809,2.5775,2.5777,2.5809,554.52735526
1545845220000,2.5787,2.5787,2.5787,2.5787,500
1545845280000,2.5778,2.5777,2.5778,2.5777,126.19456036
1545845340000,2.5747,2.5744,2.5746,2.5744,150
1545845400000,2.574,2.5682,2.574,2.5712,536.613519
1545845520000,2.5673,2.5652,2.567,2.5673,1003.7621
1545845580000,2.57,2.5671,2.5671,2.57,440.5226101
1545845640000,2.57,2.5643,2.57,2.5643,4025.3773899
1545845700000,2.5657,2.5649,2.5657,2.5654,641.73958561
1545845760000,2.5815,2.5654,2.5654,2.5787,8760.19908655
1545845820000,2.5757,2.5757,2.5757,2.5757,20
1545845880000,2.5787,2.576,2.576,2.5787,632.44633508
1545845940000,2.5864,2.5823,2.5823,2.5864,2043.29022
1545846000000,2.5844,2.5824,2.5844,2.5824,537.63
1545846060000,2.57897852,2.57897852,2.57897852,2.57897852,341.47096213
1545846120000,2.57601967,2.5759,2.57601967,2.5759,84.77541987
1545846240000,2.57526491,2.5752,2.57526491,2.5752,150
1545846300000,2.5758,2.5751,2.5758,2.5752,482.37325653
1545846360000,2.5847,2.5752,2.5752,2.5847,4386.76515153
1545846420000,2.5849,2.5818,2.5846,2.5818,1188.57880463
1545846480000,2.58174541,2.5817,2.58174541,2.5817,500
1545846540000,2.5934,2.5818,2.5818,2.5934,1797.09523232
1545846600000,2.5934,2.59334212,2.5934,2.59334212,483.88424394
1545846660000,2.5913,2.5871,2.5873,2.5913,947.40076464
1545846720000,2.5907,2.5905,2.5907,2.5905,641.523
1545846780000,2.5952,2.59061348,2.59061348,2.5952,2351.4285
1545846840000,2.6143,2.5907,2.5987,2.5953,30678.50973032
1545846900000,2.5958,2.5806,2.5948,2.5807,15316.71147746
1545846960000,2.5894,2.5822,2.5822,2.5894,3098.65000031
1545847020000,2.5942,2.5905,2.5905,2.5942,662.41462392
1545847080000,2.6026,2.5958,2.5958,2.6026,6423.36093124
1545847140000,2.5983,2.5946,2.5946,2.5983,538.4572
1545847200000,2.6033,2.5937,2.6033,2.5953,110.25784248
1545847260000,2.5977,2.5941,2.5951,2.5977,786.53914178
1545847320000,2.5976,2.588,2.5976,2.59,4916.74728923
1545847380000,2.5958,2.5911,2.5943,2.5911,1574.292614
1545847440000,2.5959,2.5959,2.5959,2.5959,130.08
1545847500000,2.5958,2.5928,2.5958,2.5928,660.20237231
1545847620000,2.5929,2.5881,2.5929,2.5881,747.65416
1545847680000,2.5864,2.584,2.5864,2.586,1584.83824771
1545847740000,2.5942,2.5809,2.5818,2.5942,319.80121853
1545847800000,2.5926,2.5921,2.5926,2.5921,37.73788
1545847920000,2.592,2.592,2.592,2.592,186.39914481
1545847980000,2.6,2.594,2.594,2.6,2416.77231859
1545848040000,2.6002,2.6002,2.6002,2.6002,10.2
1545848100000,2.5984,2.5906,2.5984,2.5906,203.06439514
1545848160000,2.5915,2.5915,2.5915,2.5915,10.7964163
1545848280000,2.5938,2.5902,2.5902,2.5938,40.4322488
1545848340000,2.6003,2.5978,2.5978,2.5995,2931.34245885
1545848400000,2.5983,2.5983,2.5983,2.5983,34.4
1545848460000,2.5987,2.5986,2.5986,2.5987,827.83581428
1545848520000,2.6001,2.5988,2.5988,2.6001,2606
1545848580000,2.6017,2.599,2.599,2.6015,8585.4667
1545848640000,2.6016,2.5972,2.6016,2.5976,13239.70756749
1545848700000,2.5977,2.5963,2.5977,2.5963,1942.50788
1545848760000,2.5962,2.5874,2.5962,2.5874,205.813924
1545848820000,2.5881,2.5881,2.5881,2.5881,600
1545848880000,2.5922,2.5884,2.5884,2.5922,2000
1545848940000,2.5966,2.5966,2.5966,2.5966,1000
1545849000000,2.597,2.597,2.597,2.597,11.831
1545849060000,2.5913,2.5862,2.5913,2.5864,6338.3860204
1545849120000,2.5875,2.5864,2.5864,2.5875,240.46087381
1545849180000,2.5897,2.588,2.5885,2.588,3220.64895897
1545849300000,2.5917,2.5917,2.5917,2.5917,11.744
1545849420000,2.5934,2.5934,2.5934,2.5934,74.6981
1545849540000,2.5945,2.5934,2.5935,2.5934,4068.71473
1545849600000,2.5935,2.5914,2.5935,2.5914,29.82806796
1545849660000,2.592,2.5913,2.5915,2.5917,1243.65650478
1545849720000,2.5909,2.589,2.5909,2.589,2023.84142144
1545849780000,2.5864,2.5801,2.5801,2.5864,1581.82104482
1545849840000,2.5866,2.58,2.5866,2.58,1236.81518217
1545849900000,2.58,2.5751,2.58,2.5751,762.37574637
1545849960000,2.5836,2.58,2.58,2.5836,511.69470103
1545850020000,2.5819,2.5818,2.5818,2.5819,790.78236837
1545850080000,2.5793,2.5741,2.5793,2.5741,784.21483184
1545850140000,2.5776,2.5776,2.5776,2.5776,100
1545850200000,2.5805,2.5795,2.5805,2.5795,67.688
1545850320000,2.5794,2.5791,2.5791,2.5794,409.53668825
1545850440000,2.5888,2.5886,2.5886,2.5888,111.25238234
1545850500000,2.5933,2.589,2.589,2.5933,204.96524806
1545850680000,2.5876,2.5849,2.5876,2.5849,266.01
1545850740000,2.5866,2.5864,2.5866,2.5864,773.23957335
1545850800000,2.5893,2.5868,2.5893,2.5868,1792.49766558
1545850860000,2.5891,2.589,2.5891,2.589,104.34181754
1545850920000,2.5965,2.589,2.589,2.5965,183.2171592
1545850980000,2.6005,2.5965,2.5965,2.6001,2865.51112215
1545851040000,2.6003,2.6003,2.6003,2.6003,400
1545851100000,2.628,2.6007,2.601,2.628,48887.8675793
1545851160000,2.6363,2.6205,2.6289,2.6298,38948.71427779
1545851220000,2.6452,2.6283,2.6314,2.64070989,17344.80227435
1545851280000,2.6597,2.6403,2.6403,2.6524,15531.82414411
1545851340000,2.6596,2.6499,2.65224951,2.6576,2359.22934032
1545851400000,2.6638,2.6339,2.6597,2.6423,16352.80508448
1545851460000,2.6428,2.6374,2.6428,2.6411,975.1823
1545851520000,2.6428,2.6352,2.6428,2.63838541,9241.8298142
1545851580000,2.6422,2.64,2.64,2.6422,822.56808184
1545851640000,2.6464,2.6295,2.6454,2.6309,1579.97508812
1545851700000,2.6391,2.6211,2.6344,2.6212,2818.43857173
1545851760000,2.63533128,2.6203,2.6203,2.63533128,21904.01765555
1545851820000,2.6431,2.6321,2.64,2.6381,9144.90540256
1545852000000,2.6399,2.6399,2.6399,2.6399,465.49410364
1545852060000,2.6401,2.6361,2.6394,2.6361,2858.02562682
1545852120000,2.6349,2.6301,2.6338,2.6301,256.48776801
1545852180000,2.6305,2.63,2.6301,2.6305,466.88036384
1545852240000,2.6428,2.6321,2.63215003,2.6428,2216.26165473
1545852300000,2.6364,2.6364,2.6364,2.6364,400
1545852360000,2.6372,2.6368,2.6369,2.6372,1181.52377048
1545852420000,2.6507,2.6364,2.6429,2.6364,28239.77848539
1545852480000,2.63835637,2.6309,2.6367,2.63835637,828.68775629
1545852540000,2.6467,2.63824276,2.63824276,2.6398,1188.76578858
1545852600000,2.66,2.6374,2.6375,2.6491,28183.71444747
1545852660000,2.6539,2.64619509,2.6463,2.6462,8699.38759438
1545852720000,2.65039847,2.6434,2.6462,2.65039847,5097.03412397
1545852780000,2.64915064,2.64,2.64915064,2.6412,11106.90652927
1545852840000,2.6456,2.6425,2.6425,2.6456,3772.16765707
1545852900000,2.6468,2.6301,2.6467,2.6301,6669.28360731
1545852960000,2.6338,2.613,2.6324,2.6132,58528.3396629
1545853020000,2.6205,2.5998,2.6205,2.5999,38969.3633526
1545853080000,2.6014,2.5915,2.5998,2.5972,16273.04868726
1545853140000,2.6123,2.5972,2.5972,2.6123,27393.11605361
1545853200000,2.6128,2.6079,2.6079,2.6128,30.66700034
1545853260000,2.6097,2.6097,2.6097,2.6097,52
1545853320000,2.6112,2.6053,2.6095,2.6112,531.563
1545853380000,2.6078,2.6005,2.6078,2.6005,2711.79589079
1545853440000,2.6112,2.6007,2.6007,2.611,5664.90766672
1545853500000,2.6119,2.608,2.608,2.6119,61
1545853560000,2.6098,2.6062,2.6062,2.6075,578.0846
1545853620000,2.6065,2.6059,2.6065,2.6059,400
1545853680000,2.6088,2.6088,2.6088,2.6088,30
1545853740000,2.6136,2.6136,2.6136,2.6136,110.4739
1545853800000,2.6136596,2.6136596,2.6136596,2.6136596,98.47673531
1545853860000,2.6139685,2.6067,2.6139685,2.6068,730.3233
1545853920000,2.607,2.60616181,2.6063,2.607,694.72058382
1545853980000,2.6046,2.6021,2.6046,2.6021,1710.87558873
1545854040000,2.6105,2.60026369,2.6015041,2.6058,15420.95181734
1545854100000,2.60575024,2.6017,2.6049,2.6057,2976.58693158
1545854160000,2.6057,2.6029,2.6057,2.6029,1363.65829365
1545854220000,2.603,2.5966,2.6027,2.5975,4846.58072066
1545854280000,2.59852937,2.5936,2.5973,2.59773443,6527.49643104
1545854340000,2.6216,2.5985,2.5985,2.619,59339.51115056
1545854400000,2.6387,2.6098,2.611,2.6353,23583.85522449
1545854460000,2.6342,2.6213,2.6342,2.6272,2449.39202233
1545854520000,2.6255,2.6177,2.6239,2.62056043,1229.76084306
1545854580000,2.62113056,2.6177,2.6208,2.6196,1220.36387964
1545854640000,2.616,2.6087,2.616,2.6115,6476.68009033
1545854700000,2.614,2.6095,2.6095,2.614,415.92534502
1545854760000,2.6297,2.613,2.613,2.6203,51143.26200125
1545854820000,2.6241,2.6188,2.6188,2.6232,823.63871388
1545854880000,2.6186,2.6165,2.6186,2.6165,2110.57930057
1545854940000,2.6135,2.6006,2.6135,2.60352478,2277.58663131
1545855000000,2.6046,2.5993,2.6021,2.5993,1397.17787713
1545855060000,2.611,2.5981,2.59830457,2.6077,12705.34559351
1545855120000,2.6072,2.6058,2.6072,2.6058,362.15790275
1545855180000,2.6103,2.6011,2.6058,2.6068,2208.37920983
1545855240000,2.6069,2.6054,2.6054,2.6069,448.59226683
1545855300000,2.6044,2.6038,2.6044,2.6038,1100
1545855480000,2.6122,2.6122,2.6122,2.6122,191.54133739
1545855600000,2.6106,2.6106,2.6106,2.6106,6
1545855660000,2.6167,2.6144,2.6144,2.6154,146.0609
1545855840000,2.6222,2.6214,2.6214,2.6222,187.91046812
1545855900000,2.62,2.6118,2.62,2.61209108,1135.89440071
1545855960000,2.6205,2.6205,2.6205,2.6205,6.0584415
1545856020000,2.6184,2.6143,2.6146,2.6184,527.95022
1545856080000,2.6206,2.6206,2.6206,2.6206,115.351098
1545856140000,2.6189,2.6124,2.6189,2.6124,351.42599392
1545856200000,2.6118,2.6042,2.6118,2.6042,7927.94118378
1545856260000,2.6049,2.6015,2.6039,2.6048,1254.33252717
1545856320000,2.605,2.6031,2.6048,2.6031,2453.00242158
1545856380000,2.6001,2.5925,2.6001,2.5925,2643.08198875
1545856440000,2.6017,2.5847,2.5911,2.6017,17038.30967558
1545856500000,2.6051,2.5934,2.6045,2.5968,1799.95479307
1545856560000,2.6044,2.5967,2.5976,2.5969,1705.60438934
1545856620000,2.599,2.5939,2.5947,2.5987,574.44498604
1545856680000,2.5959,2.5959,2.5959,2.5959,22.05413779
1545856740000,2.5981,2.5981,2.5981,2.5981,151.90223075
1545856800000,2.5979,2.5956,2.5979,2.5956,147.45139328
1545856860000,2.59320577,2.5902,2.59320577,2.5913,1854.21268136
1545856920000,2.5982,2.5876,2.5935,2.5982,1666.35148038
1545856980000,2.6223,2.6,2.6,2.6215,64481.43233613
1545857040000,2.6167,2.609,2.6167,2.609,8123.76096324
1545857100000,2.6131,2.6067,2.6131,2.6067,65.78977878
1545857160000,2.6058,2.6053,2.6053,2.6058,70.97690181
1545857220000,2.6089,2.6089,2.6089,2.6089,17.33143
1545857280000,2.609,2.6079,2.609,2.6079,704.13458772
1545857340000,2.6133,2.6133,2.6133,2.6133,18.85179926
1545857400000,2.6118,2.6051,2.6115,2.6051,3774.67787664
1545857460000,2.6009,2.6008,2.6009,2.6008,722.97331352
1545857520000,2.6096,2.6017,2.605,2.6017,1324.46643251
1545857580000,2.603,2.603,2.603,2.603,21.33381134
1545857640000,2.6033,2.6033,2.6033,2.6033,689.11814146
1545857700000,2.6147,2.608,2.6147,2.608,33.24236
1545857760000,2.608,2.6025,2.608,2.6025,459.0142866
1545857820000,2.6007,2.6006,2.6007,2.6006,428.48634623
1545857880000,2.6026,2.5934,2.6,2.6026,7535.09203788
1545857940000,2.6056,2.6026,2.6026,2.6056,5025.10504471
1545858000000,2.6085,2.6026,2.6071,2.6026,980.46574317
1545858060000,2.6097,2.6026,2.6026,2.6077,5142.55373241
1545858120000,2.6043,2.6043,2.6043,2.6043,10
1545858180000,2.6068,2.6045,2.6045,2.6068,495.24803627
1545858240000,2.605,2.5992,2.605,2.5992,1814.5418033
1545858300000,2.6001,2.5948,2.5959,2.5964,963.70538983
1545858360000,2.5992,2.5992,2.5992,2.5992,51.94
1545858420000,2.5981,2.5981,2.5981,2.5981,71.98305
1545858480000,2.5962,2.5962,2.5962,2.5962,15.2062
1545858540000,2.597,2.5964,2.5964,2.5967,730.13961741
1545858600000,2.5989,2.5977,2.5977,2.5989,322.64930051
1545858660000,2.5964,2.5963,2.5964,2.5963,2624.79234636
1545858720000,2.6003,2.5991,2.5991,2.6003,400
1545858780000,2.6142,2.5986,2.5986,2.6142,5173.16307794
1545858840000,2.6146,2.6117,2.6117,2.6146,1217.7272243
1545858900000,2.6112,2.6017,2.6108,2.6017,152.43678014
1545859020000,2.6026,2.6026,2.6026,2.6026,9
1545859080000,2.5984,2.5934,2.5937,2.5984,2740.88393242
1545859200000,2.6052,2.6015,2.6015,2.6052,21.558
1545859260000,2.6019,2.5985,2.6017,2.5985,426.18880754
1545859380000,2.5966,2.5935,2.5966,2.5935,1253.0371715
1545859440000,2.5946,2.585,2.5946,2.585,10803.94463315
1545859500000,2.5993,2.5851,2.5851,2.5946,5975.72044177
1545859560000,2.5903,2.5887,2.5903,2.5892,4119.28452
1545859620000,2.5881,2.585,2.585,2.5881,1394.12987917
1545859680000,2.5874,2.5872,2.5874,2.5872,223.173
1545859740000,2.6006,2.5891,2.5891,2.6006,10903.18754486
1545859800000,2.5982,2.594,2.5979,2.594,392.774
1545859980000,2.606,2.5956,2.5956,2.6055,299.33543
1545860040000,2.61,2.6037,2.61,2.609,1677.9045
1545860100000,2.611,2.6101,2.6103,2.611,693.335
1545860160000,2.6075,2.6074,2.6075,2.6074,28.12
1545860220000,2.6066,2.60642578,2.6066,2.60642578,106
1545860280000,2.60615632,2.5931,2.60615632,2.5961,4093.9513566
1545860340000,2.601,2.5961,2.5961,2.601,196.83445187
1545860400000,2.6084,2.6057,2.6057,2.6084,282.01944941
1545860460000,2.6083,2.6033,2.6083,2.6033,1079.77
1545860520000,2.6028,2.5999,2.6028,2.5999,43.15924016
1545860580000,2.6036,2.6022,2.6022,2.6036,4455.19070094
1545860640000,2.6157,2.6132,2.6157,2.6132,55.94121789
1545860880000,2.6107,2.6071,2.6107,2.6091,3209.14405654
1545860940000,2.6132,2.6099,2.6132,2.6099,107.81480358
1545861000000,2.6121,2.6121,2.6121,2.6121,532.19659642
1545861060000,2.6124,2.6124,2.6124,2.6124,500
1545861120000,2.6158,2.6147,2.6147,2.6158,1871.42019627
1545861180000,2.6157,2.60880983,2.6157,2.6092,451.50627594
1545861240000,2.6091,2.6091,2.6091,2.6091,10.74008435
1545861300000,2.6091,2.6091,2.6091,2.6091,100
1545861360000,2.6268,2.607,2.607,2.6116,78713.13162048
1545861420000,2.6202,2.6103,2.6104,2.6202,1508.627585
1545861480000,2.619,2.6174,2.6174,2.619,87.435623
1545861540000,2.634,2.62,2.6224,2.634,15759.13507532
1545861600000,2.647,2.6251,2.6285,2.6424,16300.47611061
1545861660000,2.6468,2.6354,2.6449,2.6386,2535.49960516
1545861720000,2.6476,2.63916401,2.63916401,2.6476,2806.37016945
1545861780000,2.65,2.6457,2.64756466,2.6457,2028.5587729
1545861840000,2.65,2.6412,2.6425,2.65,11199.22583226
1545861900000,2.65,2.6481,2.6492,2.6493,4076.10346175
1545861960000,2.65,2.6462,2.6497,2.65,1111.04021088
1545862020000,2.6489,2.6311,2.6482,2.63209587,6205.78740988
1545862080000,2.6336,2.6268,2.63209587,2.6268,3877.66888076
1545862140000,2.643,2.6266,2.6266,2.643,49865.21513186
1545862200000,2.645,2.6412,2.6412,2.6412,2537.59806658
1545862440000,2.64,2.64,2.64,2.64,29.80614701
1545862500000,2.652,2.6459,2.6466,2.6484,15580.83238162
1545862560000,2.6564,2.6513,2.6536,2.6564,1302.96730951
1545862620000,2.658,2.6573,2.6573,2.658,2019.60253412
1545862680000,2.6756,2.6597,2.6597,2.67,51412.36422424
1545862740000,2.6699,2.664,2.6698,2.6699,4173.03380705
1545862800000,2.6699,2.646,2.6696,2.646,13153.02103293
1545862860000,2.6502,2.6443,2.64491334,2.6443,4779.78525492
1545862920000,2.6448,2.6446,2.6447,2.6448,2830.0725
1545862980000,2.6561,2.6441,2.6448,2.6481,16357.12152188
1545863040000,2.6562,2.6507,2.6533,2.6507,9661.97935462
1545863100000,2.6411,2.6375,2.6411,2.6375,1120.45180415
1545863160000,2.6376,2.633,2.6375,2.6331,3409.91909281
1545863220000,2.6468,2.6354,2.6354,2.6468,333.64893405
1545863280000,2.6471,2.6401,2.6471,2.6401,400.115841
1545863400000,2.6393,2.6343,2.6382,2.635,4103.08433119
1545863460000,2.6352,2.635,2.635,2.6352,612.1457
1545863520000,2.6335,2.63,2.6335,2.63,3683.05766913
1545863580000,2.6298,2.6298,2.6298,2.6298,110.642541
1545863640000,2.6265,2.6265,2.6265,2.6265,6
1545863700000,2.6389,2.6264,2.6264,2.6389,771.41552346
1545863760000,2.6435,2.6406,2.6406,2.6435,571.19166801
1545863820000,2.6418,2.6371,2.6396,2.6401,2963.30893127
1545863940000,2.6415,2.6395,2.6395,2.6415,400
1545864060000,2.6403,2.6403,2.6403,2.6403,255.67152163
1545864120000,2.6458,2.6423,2.6423,2.6458,2215.06201382
1545864180000,2.6492,2.6475,2.6475,2.6482,1051
1545864240000,2.6479,2.6334,2.6479,2.6377,8650.52083512
1545864300000,2.6337,2.6337,2.6337,2.6337,30
1545864360000,2.6427,2.6354,2.6354,2.6427,1051.24992881
1545864420000,2.6448,2.6439,2.6448,2.6439,13.15068593
1545864480000,2.6434,2.6434,2.6434,2.6434,34.98761
1545864540000,2.6454,2.6423,2.6425,2.6454,902.7705
1545864600000,2.6424,2.6402,2.6402,2.6424,144.81530433
1545864660000,2.6433,2.6429,2.6429,2.6433,849.50734092
1545864780000,2.6499,2.6499,2.6499,2.6499,0.1
1545864840000,2.6491,2.6468,2.6491,2.6468,200
1545864900000,2.653,2.6503,2.6503,2.653,29.55835833
1545864960000,2.6563,2.6522,2.6543,2.6522,1557.51191333
1545865020000,2.6494,2.6445,2.6494,2.6477,835.30112526
1545865080000,2.6553,2.6553,2.6553,2.6553,7.5
1545865140000,2.6553,2.6502,2.6533,2.6553,564.79302833
1545865200000,2.6553,2.653,2.655,2.6531,1500.99309891
1545865260000,2.6483,2.6443,2.6483,2.6443,4000
1545865320000,2.6499,2.6403,2.6455,2.6403,8721.07449695
1545865380000,2.6424,2.6402,2.6402,2.6402,501.87916364
1545865440000,2.6474,2.6411,2.6411,2.6474,6226.40692212
1545865500000,2.6533,2.6506,2.6506,2.6506,359.83442634
1545865620000,2.6475,2.6434,2.6434,2.6475,375.04010039
1545865680000,2.6515,2.6468,2.647,2.6515,3051.00498715
1545865740000,2.6479,2.6458,2.6479,2.6469,2578.17357383
1545865800000,2.6514,2.65,2.65,2.6514,400
1545865860000,2.6553,2.6498,2.6498,2.6553,399.9917528
1545865920000,2.6575,2.6547,2.6575,2.6558,1732.4623
1545866040000,2.6599,2.6599,2.6599,2.6599,61.19519012
1545866100000,2.6737,2.6679,2.668,2.6737,2073.5037
1545866160000,2.6734,2.6668,2.6734,2.6697,8221.19442358
1545866220000,2.6667,2.6503,2.6667,2.6503,12890.22388816
1545866280000,2.6563,2.6503,2.6503,2.6563,2053.31833
1545866340000,2.653,2.6517,2.6524,2.6517,280.621277
1545866460000,2.6575,2.6533,2.6575,2.6533,793.01034525
1545866580000,2.6556,2.6538,2.6538,2.6556,380
1545866640000,2.6658,2.6556,2.6556,2.6601,4581.09665148
1545866700000,2.6608,2.6566,2.6608,2.659,3632.50279084
1545866760000,2.6573,2.6573,2.6573,2.6573,1200.50083285
1545866820000,2.655,2.655,2.655,2.655,48.66384561
1545866880000,2.6556,2.6553,2.6553,2.6556,281
1545866940000,2.6551,2.6484,2.6551,2.6505,5278.41359277
1545867000000,2.6505,2.6475,2.6502,2.6489,1460.55644277
1545867060000,2.6458,2.6399,2.6458,2.6399,2972.0449781
1545867120000,2.6439,2.639,2.6401,2.641,7902.60191037
1545867180000,2.6451,2.6419,2.6451,2.6419,1106.6753
1545867240000,2.6491,2.6373,2.6403,2.6491,5399.97086034
1545867300000,2.66,2.6379,2.6555,2.6573,49315.11316725
1545867360000,2.6534,2.6428,2.6534,2.6428,9389.17732187
1545867420000,2.6466,2.6426,2.6426,2.6434,752.71072749
1545867480000,2.6419,2.6372,2.6419,2.6372,116.337605
1545867540000,2.6418,2.6367,2.6368,2.6375,1559.84700041
1545867600000,2.6376,2.6368,2.6368,2.6376,66.49023597
1545867660000,2.6469,2.6376,2.6376,2.6469,286.42255109
1545867720000,2.6475,2.6426,2.6475,2.6427,2580.19250295
1545867780000,2.641,2.6409,2.641,2.6409,504.3674041
1545867840000,2.6408,2.64,2.6402,2.6406,101
1545867900000,2.6425,2.6401,2.6401,2.6425,562.18198194
1545867960000,2.646,2.6434,2.646,2.6434,32.92245978
1545868020000,2.6425,2.6425,2.6425,2.6425,200
1545868080000,2.6438,2.6438,2.6438,2.6438,51.207272
1545868140000,2.644,2.644,2.644,2.644,50.399
1545868200000,2.6472,2.6441,2.6441,2.6472,463.14713472
1545868260000,2.654,2.654,2.654,2.654,243.4556
1545868380000,2.6476,2.6475,2.6476,2.6475,135.27142054
1545868440000,2.6456,2.6453,2.6453,2.6456,1362.93163
1545868500000,2.652,2.6503,2.652,2.6503,144.82840109
1545868560000,2.6578,2.6524,2.6524,2.6576,1186.07565
1545868620000,2.6534,2.6534,2.6534,2.6534,167
1545868680000,2.6556,2.6524,2.6556,2.6524,376.9522181
1545868740000,2.6528,2.6488,2.6528,2.6488,23160.91148583
1545868800000,2.6475,2.6392,2.6475,2.6414,1738.181934
1545868860000,2.6465,2.6379,2.638,2.6427,6747.07758613
1545868920000,2.6405,2.6337,2.6405,2.6348,5037.56390078
1545868980000,2.6386,2.6294,2.637,2.63,99887.31963144
1545869040000,2.63,2.6277,2.6299,2.6278,3990.45592664
1545869100000,2.63,2.6277,2.6278,2.6299,2290.28127722
1545869160000,2.63,2.6298,2.63,2.6298,15290.81799494
1545869220000,2.63,2.6298,2.6298,2.63,13213.31899897
1545869280000,2.63,2.6218,2.63,2.6218,3119.74364087
1545869340000,2.6287,2.6188,2.6194,2.6257,5612.08967426
1545869400000,2.6253,2.622,2.622,2.6253,750
1545869460000,2.624,2.6191,2.6239,2.6191,7859.27961867
1545869520000,2.624,2.6235,2.624,2.6237,506.56730042
1545869580000,2.63,2.6283,2.63,2.6299,3567.25764979
1545869640000,2.6282,2.6282,2.6282,2.6282,500
1545869700000,2.63,2.6299,2.6299,2.63,5345.30011268
1545869820000,2.62997297,2.6279,2.62997297,2.629,1079.8624547
1545869880000,2.6297,2.629,2.6297,2.629,1554.61621883
1545870000000,2.6268,2.6268,2.6268,2.6268,10
1545870060000,2.63,2.6278,2.6278,2.63,667.87954893
1545870120000,2.63,2.63,2.63,2.63,1557.51643091
1545870180000,2.63,2.63,2.63,2.63,2439.02421356
1545870240000,2.6299,2.6291,2.6299,2.6291,3053.41588724
1545870300000,2.6259,2.6254,2.6257,2.6259,693.60921514
1545870360000,2.6269,2.6268,2.6269,2.6269,1332.56755209
1545870480000,2.63,2.6297,2.63,2.6297,155.0468
1545870540000,2.629,2.6258,2.629,2.6264,232.86234921
1545870600000,2.63,2.6248,2.6264,2.63,25589.63484984
1545870660000,2.64,2.63,2.63,2.64,22018.36860855
1545870720000,2.6456,2.6378,2.6403,2.6442,2768.2877563
1545870780000,2.6499,2.6431,2.6455,2.6482,4393.36146574
1545870840000,2.6479,2.6437,2.6459,2.6479,3170.62103091
1545870900000,2.6489,2.6431,2.6485,2.6433,6642.89308846
1545870960000,2.6429,2.6429,2.6429,2.6429,35.93786961
1545871020000,2.6481,2.6481,2.6481,2.6481,20
1545871080000,2.65,2.6485,2.649,2.65,960.981023
1545871140000,2.6559,2.65,2.65,2.6559,1349.71984548
1545871200000,2.6542,2.6542,2.6542,2.6542,7
1545871260000,2.6561,2.6544,2.6547,2.6561,897.38542191
1545871320000,2.6581,2.6557,2.6574,2.6557,1346.97100602
1545871380000,2.6565,2.65,2.6565,2.654,4795.85986277
1545871440000,2.6625,2.6538,2.6544,2.6625,2538.36948776
1545871500000,2.663,2.6618,2.6618,2.6627,2282
1545871560000,2.6587,2.6578,2.6587,2.6578,1148.71525166
1545871620000,2.6606,2.6572,2.6599,2.6588,4388.889
1545871680000,2.6554,2.6518,2.6532,2.6554,5500
1545871800000,2.6592,2.6539,2.6539,2.6551,73.16222722
1545871860000,2.6553,2.6553,2.6553,2.6553,6
1545871920000,2.6555,2.6555,2.6555,2.6555,500
1545871980000,2.6584,2.6569,2.6569,2.6584,920.08045031
1545872040000,2.66,2.6566,2.6566,2.66,8502.21813734
1545872100000,2.6595,2.6586,2.6595,2.6593,110.49650342
1545872160000,2.66,2.6595,2.6595,2.66,2058.06830221
1545872280000,2.6589,2.6589,2.6589,2.6589,139.13964417
1545872340000,2.6586,2.6586,2.6586,2.6586,446.12928176
1545872400000,2.6637,2.6569,2.6569,2.6637,2413.40392348
1545872460000,2.665,2.6633,2.6635,2.6648,2533.24001277
1545872520000,2.6682,2.6673,2.6673,2.6682,513.19251952
1545872580000,2.6697,2.6673,2.6684,2.6697,2325.99979366
1545872640000,2.67,2.667,2.67,2.6687,6469.64307993
1545872700000,2.6723,2.6695,2.67,2.6702,4426.42085765
1545872760000,2.6701,2.6665,2.6701,2.6665,1054.15399785
1545872820000,2.6722,2.6659,2.6679,2.6705,3659.21080472
1545872880000,2.6708,2.6664,2.6708,2.6664,724.13648137
1545872940000,2.6722,2.6607,2.67,2.6607,2701.01391771
1545873000000,2.6667,2.6611,2.6633,2.6667,2021.3599225
1545873060000,2.6659,2.6648,2.6659,2.6648,52.09566791
1545873120000,2.6607,2.6575,2.6607,2.6575,392.6547001
1545873180000,2.6573,2.6541,2.6573,2.6541,1105.98708545
1545873240000,2.6515,2.6514,2.6515,2.6514,150.92994
1545873300000,2.6515,2.6503,2.6515,2.6503,156.617724
1545873360000,2.6493,2.6477,2.649,2.6493,1285.67618143
1545873420000,2.6459,2.6379,2.6459,2.6398,5392.84601236
1545873480000,2.645,2.6395,2.6395,2.6408,1684.31488997
1545873540000,2.6392,2.6375,2.6392,2.6375,2408
1545873600000,2.6429,2.6375,2.6375,2.6429,175
1545873660000,2.6413,2.6392,2.6402,2.6412,1864.07780299
1545873720000,2.6408,2.6394,2.6408,2.6394,797.83032971
1545873780000,2.6389,2.6359,2.6385,2.6359,2745.65434486
1545873840000,2.6376,2.6342,2.6359,2.6342,79.09180002
1545873900000,2.6376,2.6376,2.6376,2.6376,9.898641
1545873960000,2.64,2.6336,2.64,2.6336,3448.03233956
1545874020000,2.6311,2.6305,2.6305,2.6311,181.3632
1545874080000,2.6336,2.6329,2.6336,2.6329,963.72861882
1545874140000,2.6385,2.6314,2.6314,2.6385,838.88509
1545874200000,2.6328,2.6328,2.6328,2.6328,283.70546627
1545874260000,2.632,2.6217,2.632,2.6217,8138.91181453
1545874320000,2.6299,2.6208,2.624,2.6238,4983.81621141
1545874380000,2.6258,2.6219,2.6258,2.6228,1057.26632672
1545874440000,2.6256,2.6228,2.6228,2.6256,89.51191654
1545874500000,2.6227,2.6157,2.6227,2.6177,1803.5673742
1545874560000,2.62,2.6139,2.6157,2.6184,5578.35050595
1545874620000,2.6187,2.6163,2.6184,2.6187,2393.21629967
1545874680000,2.6235,2.6157,2.6187,2.6224,1856.82730604
1545874740000,2.6233,2.6164,2.6192,2.6233,2381.41612668
1545874800000,2.6238,2.6195,2.6238,2.6219,668.34736587
1545874860000,2.6224,2.6224,2.6224,2.6224,51.48054226
1545874920000,2.6226,2.6195,2.6226,2.6195,1294.98761628
1545874980000,2.6197,2.614,2.614,2.6197,766.96240397
1545875040000,2.6178,2.6162,2.6178,2.6162,569.08228539
1545875100000,2.6262,2.6164,2.6164,2.6262,5093.86783651
1545875160000,2.6244,2.6218,2.6244,2.6218,3620.06969041
1545875220000,2.6205,2.6205,2.6205,2.6205,51.51786906
1545875280000,2.6204,2.6204,2.6204,2.6204,273.90504147
1545875340000,2.6207,2.6204,2.6207,2.6206,198.09266886
1545875400000,2.6216,2.6216,2.6216,2.6216,638.37109
1545875580000,2.6238,2.6226,2.6226,2.6238,210.81340094
1545875640000,2.6224,2.6223,2.6224,2.6223,118.8303624
1545875700000,2.6223,2.6223,2.6223,2.6223,817.6225
1545875760000,2.6223,2.62,2.6223,2.62,4206.54429779
1545875820000,2.6136,2.6045,2.6136,2.6045,15842.15313198
1545875880000,2.6101,2.6042,2.6042,2.6082,18319.37196224
1545875940000,2.61,2.6037,2.61,2.6037,4338.12624867
1545876000000,2.6025,2.59,2.6025,2.59,7943.53105563
1545876060000,2.5989,2.5754,2.5911,2.5754,27825.50931606
1545876120000,2.5877,2.5743,2.5749,2.5855,36825.85175162
1545876180000,2.5843,2.5753,2.5843,2.5782,12531.18860723
1545876240000,2.5861,2.5751,2.5782,2.5861,4656.15724971
1545876300000,2.5947,2.5792,2.583,2.5947,1524.43179444
1545876360000,2.5947,2.5922,2.5947,2.5922,122.02299344
1545876420000,2.5934,2.5864,2.5922,2.5884,6936.96301556
1545876480000,2.59197544,2.5868,2.58947309,2.5881,3322.15278271
1545876540000,2.58731198,2.5648,2.58731198,2.5744,51016.65185526
1545876600000,2.5805,2.5651,2.5736,2.5805,31217.19923783
1545876660000,2.5838,2.5755,2.5772,2.5782,4090.56415768
1545876720000,2.5773,2.5691,2.5773,2.5725,10632.95068833
1545876780000,2.573,2.5696,2.573,2.5696,480.02254451
1545876840000,2.58,2.573,2.573,2.58,462.64141
1545876900000,2.58,2.5742,2.5799,2.5742,3925.29699262
1545876960000,2.5755818,2.5754,2.5754,2.5754,6897.52659734
1545877020000,2.576,2.5749,2.576,2.575,4111.9523705
1545877080000,2.5823,2.5805,2.5805,2.5823,2039.76367431
1545877200000,2.58161014,2.58161014,2.58161014,2.58161014,89.01874303
1545877260000,2.5858,2.57831161,2.57831161,2.5858,428.73737537
1545877320000,2.5893,2.58411247,2.58411247,2.589,626.02680216
1545877380000,2.58786597,2.5852,2.58786597,2.5852,2422.96238488
1545877440000,2.58479493,2.5796,2.58479493,2.5799,2549.62655316
1545877500000,2.5831,2.5797,2.5824,2.5831,902.33846063
1545877560000,2.5899,2.5860479,2.5860479,2.5899,118.37747287
1545877620000,2.59344864,2.5899,2.593,2.59231006,585.51378888
1545877680000,2.5922,2.59,2.59,2.5922,390.65500353
1545877740000,2.59310707,2.5924,2.59310707,2.593,489.20197018
1545877800000,2.5935,2.59196849,2.593,2.5924,983.37808558
1545877860000,2.59196849,2.5884,2.59196849,2.5906,689.86526771
1545877920000,2.5921,2.5909,2.5921,2.5915,1320.06569162
1545877980000,2.5937,2.5925,2.5925,2.59253778,3071.81533641
1545878040000,2.5978,2.5926,2.5926,2.5978,689.39695464
1545878100000,2.5983,2.5973,2.5978,2.5983,520.7354984
1545878160000,2.59804117,2.5909,2.59804117,2.5909,1478.73268535
1545878220000,2.5906,2.5891,2.5906,2.5891,21.00000699
1545878280000,2.5859,2.585,2.5859,2.585,1065.20058262
1545878700000,2.5862,2.5735,2.5841,2.5761,6179.24453246
1545878760000,2.5785,2.5771,2.5785,2.5771,40.07645236
1545878820000,2.5807,2.5758,2.5758,2.5807,1255.11706815
1545878880000,2.5906,2.5819,2.5819,2.5906,2092.81284262
1545879120000,2.5906,2.5901,2.5901,2.5906,53.0875
1545879240000,2.5858,2.5849,2.5856,2.5851,525
1545879300000,2.5906,2.5853,2.5853,2.5906,1246.31987427
1545879360000,2.5906,2.588,2.5905,2.5906,5021.45061489
1545879420000,2.6006,2.5906,2.5906,2.5982,7824.84540848
1545879480000,2.6047,2.6006,2.6006,2.6047,448.823687
1545879540000,2.6009,2.6009,2.6009,2.6009,100
1545879600000,2.6027,2.5995,2.5995,2.6027,247.391957
1545879660000,2.61,2.6041,2.6041,2.6084,5619.87240379
1545879720000,2.6123,2.6099,2.6099,2.6123,8422.481
1545879780000,2.60834442,2.60549999,2.60834442,2.60549999,199.69863225
1545879840000,2.60276933,2.5979,2.60276933,2.5979,1418.3643
1545879900000,2.6002,2.5966,2.5966,2.5995,5220.90769648
1545879960000,2.6025,2.6018,2.6025,2.6018,200
1545880140000,2.5982,2.5982,2.5982,2.5982,9.46642268
1545880260000,2.5931,2.5903,2.5931,2.5903,950
1545880320000,2.5908,2.5893,2.5893,2.5908,500
1545880440000,2.5894,2.5856,2.5881,2.588,1375.52227552
1545880500000,2.588,2.588,2.588,2.588,125.17409184
1545880620000,2.5849,2.582,2.5849,2.582,4445.1013721
1545880680000,2.5789,2.5778,2.5789,2.5778,259.3834
1545880740000,2.5806,2.57754308,2.57996196,2.5806,8045.5
1545880800000,2.5851,2.5851,2.5851,2.5851,60.153758
1545880920000,2.5907,2.59050345,2.5907,2.59050345,110.0336
1545880980000,2.5954,2.5897,2.59023315,2.595,3305.39943456
1545881040000,2.5946,2.5917,2.5946,2.5917,418.95253029
1545881100000,2.59363555,2.5928,2.59363555,2.5928,695.8209
1545881160000,2.5938,2.5938,2.5938,2.5938,17.64568769
1545881280000,2.5896,2.5885,2.5896,2.5885,239.61931836
1545881580000,2.5902,2.5896,2.5896,2.5902,1272.9903236
1545881640000,2.5886,2.5886,2.5886,2.5886,150.622
1545881700000,2.5882,2.58,2.5882,2.58,3050.33365439
1545881760000,2.5797,2.5753,2.5797,2.5753,3691.52
1545881820000,2.58668495,2.5781,2.5781,2.5846,1897.89252643
1545881880000,2.5855,2.5854,2.58542293,2.5855,506.6349895
1545881940000,2.5851,2.5851,2.5851,2.5851,104.44973375
1545882000000,2.6,2.5897,2.5897,2.6,63729.12234658
1545882060000,2.604,2.5951,2.6001,2.5951,38460.91247464
1545882120000,2.595,2.595,2.595,2.595,12.80890094
1545882180000,2.596,2.5955,2.5955,2.596,2471.7157985
1545882240000,2.596,2.596,2.596,2.596,1960.00655724
1545882300000,2.602,2.5986,2.5986,2.602,12050.9922022
1545882360000,2.602,2.602,2.602,2.602,5504.47654112
1545882420000,2.5939,2.5906,2.5939,2.5912,1060.19048321
1545882480000,2.5919,2.5896,2.5919,2.5896,369.5998
1545882540000,2.5886,2.584,2.5876,2.5851,423.40606854
1545882600000,2.5998,2.5858,2.5861,2.5923,55259.47284026
1545882660000,2.593,2.593,2.593,2.593,2836.79358179
1545882720000,2.593,2.5908,2.593,2.5908,47533.90493471
1545882780000,2.5908,2.5842,2.5908,2.5842,2875.3014835
1545882840000,2.5842,2.5778,2.5842,2.5782,4603.63276166
1545882900000,2.5863,2.5825,2.5825,2.5844,1817.4494
1545882960000,2.5858,2.5831,2.5844,2.5858,629.47054619
1545883020000,2.5837,2.583,2.5837,2.5831,1718.78228469
1545883080000,2.583,2.5786,2.5829,2.5789,7479.69806401
1545883200000,2.5795,2.5747,2.5795,2.5775,8413.80389761
1545883260000,2.5777,2.5719,2.5777,2.5724,13477.68823062
1545883320000,2.5792,2.5737,2.5737,2.5792,5045.78909535
1545883380000,2.58,2.5792,2.5792,2.58,5836.93279705
1545883440000,2.5833,2.58,2.58,2.5833,26314.094368
1545883500000,2.5877,2.5833,2.5833,2.5877,2151.81769833
1545883560000,2.6,2.5894,2.5894,2.6,24924.23355046
1545883620000,2.5952,2.5926,2.5952,2.5926,156.07244713
1545883680000,2.5904138,2.5845,2.5891,2.5904138,4984.72875574
1545883740000,2.5905,2.5905,2.5905,2.5905,17.847421
1545883800000,2.5946,2.5945,2.5946,2.5945,10.668
1545883920000,2.6,2.5984,2.5984,2.6,9898.78377034
1545883980000,2.6,2.5954,2.6,2.5954,3500.15732127
1545884040000,2.601,2.5935,2.5936,2.601,28111.90147417
1545884100000,2.601,2.601,2.601,2.601,8989.15743422
1545884160000,2.5937,2.5937,2.5937,2.5937,192.92665629
1545884220000,2.5924,2.5912,2.5924,2.5912,169.2378
1545884280000,2.5923,2.5923,2.5923,2.5923,150
1545884340000,2.5936,2.5833,2.5913,2.5922,18325.23637591
1545884400000,2.5922,2.5832,2.5903,2.5835,11602
1545884460000,2.5903,2.5852,2.5859,2.5903,2800
1545884520000,2.5887,2.5872,2.5887,2.5872,2793
1545884640000,2.5922,2.5902,2.59213389,2.5902,302.73673409
1545884700000,2.5933,2.5922,2.5922,2.5922,666.0677374
1545884760000,2.5893,2.5882,2.5893,2.5882,374.96776768
1545884820000,2.5884,2.58831029,2.58831029,2.5884,99.51355509
1545884880000,2.5884,2.5884,2.5884,2.5884,48.41805936
1545884940000,2.58831029,2.58831029,2.58831029,2.58831029,199.96801332
1545885000000,2.5887,2.5858,2.5886,2.5862,2667.0441655
1545885120000,2.5882,2.5882,2.5882,2.5882,20.6999299
1545885240000,2.5884,2.5882,2.5882,2.58822056,696.02868469
1545885300000,2.58412058,2.584,2.58412058,2.584,369.38684778
1545885360000,2.5816,2.5815,2.5816,2.5815,128.59230102
1545885420000,2.5815,2.5815,2.5815,2.5815,699.91528
1545885480000,2.5835,2.5833,2.5833,2.5835,150.3498
1545885540000,2.5849,2.5849,2.5849,2.5849,22.23327929
1545885600000,2.5854,2.5853,2.5854,2.5853,1509.74952258
1545885660000,2.5854,2.5854,2.5854,2.5854,120
1545885720000,2.5853,2.5853,2.5853,2.5853,59.05336492
1545885840000,2.5854,2.5854,2.5854,2.5854,761.57328974
1545885900000,2.5871,2.58701085,2.5871,2.58701085,82.36930308
1545886020000,2.58712472,2.5871,2.5871,2.5871,320.95613655
1545886080000,2.5853028,2.5853,2.5853028,2.5853,204.42892387
1545886140000,2.5853028,2.5853,2.5853028,2.5853,295.78994375
1545886200000,2.5902,2.5851,2.5851,2.5899,1266.54509809
1545886260000,2.5888,2.5865,2.5885,2.5865,6288.40681179
1545886320000,2.5885,2.5865,2.5865,2.5885,1804.8179
1545886380000,2.5885,2.5885,2.5885,2.5885,277.74487305
1545886440000,2.5805,2.5805,2.5805,2.5805,44.10346268
1545886500000,2.5825,2.5783,2.5805,2.5825,2887.34933306
1545886560000,2.5825,2.5825,2.5825,2.5825,0.0000071
1545886680000,2.58435474,2.5823,2.58367159,2.5825,778.79973758
1545886740000,2.5817,2.5815,2.5815,2.5817,1000
1545886800000,2.5844,2.5814,2.5833,2.5844,4367.27076106
1545886920000,2.586,2.5858,2.5859,2.586,52.97781542
1545886980000,2.58435474,2.5809,2.58435474,2.58435474,239.02204703
1545887040000,2.586,2.5857,2.5857,2.586,242.57721277
1545887100000,2.58376255,2.5814,2.58376255,2.5814,271.298
1545887160000,2.58080304,2.58,2.58080304,2.58,1212.76564578
1545887220000,2.5797,2.5718,2.575,2.575,2385.91320627
1545887280000,2.5751,2.5671,2.5751,2.5717,10150.73036465
1545887340000,2.5749,2.5706,2.5718,2.5727,1469.58444026
1545887400000,2.578,2.565,2.578,2.565,9899.54858263
1545887460000,2.5667,2.5541,2.5654,2.5559,28262.00044982
1545887520000,2.5607,2.5522,2.557,2.5556,20883.85222554
1545887580000,2.5613,2.5556,2.556,2.5613,8764.33016543
1545887640000,2.5641,2.5556,2.558,2.5641,5061.68765335
1545887700000,2.5641,2.5552,2.5641,2.5575,5334.54666582
1545887760000,2.5602,2.5556,2.5576,2.5602,2019.25007343
1545887820000,2.5589,2.55,2.5581,2.55,5171.79568973
1545887880000,2.5531,2.505,2.5531,2.51,146671.37995289
1545887940000,2.5194,2.5089,2.51,2.5121,11516.74062669
1545888000000,2.5146,2.505,2.5096,2.5132,10658.22698276
1545888060000,2.5224,2.5087,2.5128,2.51383566,7111.75074157
1545888120000,2.5211,2.5141,2.5166,2.5211,8172.8922786
1545888180000,2.5243,2.5101,2.5189,2.5243,41335.516834
1545888240000,2.5134,2.51,2.5134,2.5128,11452.28857839
1545888300000,2.5223,2.5083,2.5128,2.52200481,10330.04463153
1545888360000,2.5343,2.5115,2.521,2.53,31576.01630455
1545888420000,2.5326,2.5269,2.5269,2.5305,1377.51482138
1545888540000,2.525,2.5138,2.5207,2.525,12816.9648295
1545888600000,2.5258,2.5184,2.5241,2.5229,7982.38820651
1545888660000,2.5235,2.5235,2.5235,2.5235,134.1848
1545888720000,2.5237,2.52,2.5235,2.52,1878.58753468
1545888780000,2.52,2.5147,2.52,2.5147,1609.69888836
1545888840000,2.5165,2.505,2.5163,2.5145,10795.77912552
1545888900000,2.5175,2.5136,2.5145,2.5159,3551.13455295
1545888960000,2.5231,2.518,2.518,2.523,3680.8562278
1545889020000,2.5245,2.5114,2.5245,2.5173,7081.92017814
1545889080000,2.5182,2.5154,2.5156,2.5171,846.74575542
1545889140000,2.5183,2.5156,2.5178,2.5156,7290.71455856
1545889200000,2.5151,2.5109,2.5144,2.5109,856.1471
1545889260000,2.5145,2.5109,2.5142,2.511,1011.1546
1545889320000,2.5109,2.5074,2.5109,2.5074,60
1545889380000,2.5071,2.5071,2.5071,2.5071,208.2338
1545889440000,2.514,2.5067,2.5084,2.5067,12156.15845881
1545889500000,2.5155,2.5141,2.5154,2.5141,426.664
1545889560000,2.5211,2.515,2.5154,2.5183,1862.87191763
1545889620000,2.5194,2.5159,2.5166,2.5194,367.89030231
1545889680000,2.5196,2.5196,2.5196,2.5196,106.5497
1545889800000,2.5175,2.5175,2.5175,2.5175,50
1545889860000,2.5146,2.5146,2.5146,2.5146,5000
1545889920000,2.5162,2.5159,2.516,2.5162,802.54997351
1545889980000,2.5176,2.5176,2.5176,2.5176,45
1545890040000,2.53,2.5183,2.5183,2.53,4707.25129427
1545890160000,2.5299,2.5284,2.5297,2.5284,508.89176947
1545890220000,2.5286,2.527,2.5283,2.5286,1059.86846275
1545890280000,2.53,2.5243,2.53,2.5243,4368.44295447
1545890340000,2.5242,2.5224,2.5242,2.5224,16.2121
1545890400000,2.5307,2.524,2.524,2.5307,394.57087072
1545890460000,2.5345,2.5308,2.5331,2.5323,1329.93303612
1545890520000,2.5306,2.5293,2.5293,2.53,854.95147559
1545890580000,2.5328,2.5307,2.5307,2.5321,458.86405215
1545890640000,2.5345,2.5321,2.5321,2.5345,2167.54980464
1545890700000,2.5345,2.5328,2.5328,2.5339,2261.71985061
1545890760000,2.5343,2.5319,2.5343,2.5319,1206
1545890820000,2.5345,2.5333,2.5333,2.5345,392.07446648
1545890880000,2.5345,2.5325,2.5345,2.5325,2516.7298
1545890940000,2.5473,2.5333,2.5333,2.5422,32005.8274955
1545891000000,2.545,2.5417,2.5417,2.5449,2006.87759493
1545891060000,2.5513,2.5435,2.5435,2.5512,2712.12846882
1545891120000,2.5481,2.54567874,2.5481,2.54567874,207.5464251
1545891180000,2.5463,2.543,2.5463,2.5459,1589.59077396
1545891240000,2.5461,2.5461,2.5461,2.5461,20
1545891300000,2.5461,2.5454,2.5461,2.5454,2335.5349
1545891420000,2.5425,2.542,2.542,2.5423,608.05634061
1545891480000,2.5413,2.5405,2.5413,2.5405,2500
1545891540000,2.542,2.542,2.542,2.542,600
1545891600000,2.5462,2.5423,2.5423,2.5439,5470.169764
1545891660000,2.5448,2.5448,2.5448,2.5448,229.86455392
1545891720000,2.543,2.543,2.543,2.543,159.49423475
1545891780000,2.5383,2.5375,2.5383,2.5375,438.045
1545891840000,2.5375,2.5375,2.5375,2.5375,293.94593758
1545891900000,2.54,2.5337,2.5337,2.54,4100
1545891960000,2.5361,2.5329,2.5361,2.5335,5300
1545892020000,2.5336,2.5321,2.5336,2.5331,900
1545892080000,2.536,2.5358,2.5358,2.536,500
1545892140000,2.5362,2.5339,2.536,2.5339,644.70556431
1545892260000,2.5413,2.5393,2.5393,2.5413,1260
1545892320000,2.5407,2.5385,2.5407,2.5385,110.91197447
1545892380000,2.5474,2.5448,2.5448,2.5474,1132.278891
1545892440000,2.5478,2.5443,2.5451,2.5478,4926
1545892500000,2.5465,2.5465,2.5465,2.5465,2850.685
1545892560000,2.5455,2.5453,2.5453,2.5455,850
1545892620000,2.544,2.5399,2.5399,2.544,4107.20709117
1545892680000,2.5396,2.539,2.5396,2.539,56.98051897
1545892740000,2.5419,2.5411,2.5418,2.5419,142.16909
1545892860000,2.5419,2.5419,2.5419,2.5419,0.000008
1545892920000,2.5446,2.5446,2.5446,2.5446,10
1545892980000,2.5428,2.5428,2.5428,2.5428,102.09007194
1545893040000,2.5409,2.5409,2.5409,2.5409,99.8
1545893160000,2.5452,2.5442,2.5442,2.5442,3019.12897587
1545893280000,2.547,2.5469,2.5469,2.547,152.63
1545893340000,2.5447,2.5447,2.5447,2.5447,120
1545893400000,2.5448,2.5448,2.5448,2.5448,64.216695
1545893520000,2.5406,2.5398,2.5398,2.5406,182.21704
1545893640000,2.538,2.5362,2.538,2.5362,143.9093
1545893760000,2.538,2.538,2.538,2.538,25
1545893820000,2.5375,2.53,2.5375,2.53,56183.71206594
1545893880000,2.53,2.53,2.53,2.53,3088.6219
1545893940000,2.53,2.5197,2.53,2.52,58067.41051693
1545894000000,2.5334,2.52,2.52,2.5305,80423.41802399
1545894060000,2.5285,2.5264,2.5264,2.5285,205.7
1545894120000,2.5329,2.5308,2.5309,2.5324,1054.51111424
1545894180000,2.5328,2.5328,2.5328,2.5328,101.187147
1545894240000,2.5401,2.5358,2.5358,2.5401,172.90294269
1545894300000,2.545,2.5419,2.5419,2.54471202,2972.77
1545894420000,2.5495,2.5495,2.5495,2.5495,174.28230551
1545894480000,2.5522,2.54831413,2.5485,2.5522,3642.08170492
1545894540000,2.5524,2.551,2.551,2.5524,663.09844888
1545894600000,2.55,2.546,2.55,2.546,2125.699
1545894720000,2.551,2.551,2.551,2.551,22.12934692
1545894840000,2.5509,2.5504,2.5504,2.5509,268.80513316
1545895020000,2.54827298,2.5434,2.54827298,2.5449,2530.99500037
1545895080000,2.5487,2.5463,2.5463,2.5463,2031.446276
1545895140000,2.549,2.5466,2.549,2.5466,2793.67864899
1545895500000,2.5464,2.5443,2.5459,2.5443,164.46626843
1545895560000,2.5435,2.5381,2.5435,2.5421,5434.3847731
1545895620000,2.5421,2.5407,2.5421,2.5407,2757.25759968
1545895740000,2.542,2.542,2.542,2.542,60
1545895800000,2.5464,2.5421,2.5421,2.5464,1092
1545895860000,2.5417,2.5417,2.5417,2.5417,4099
1545895920000,2.5369,2.5351,2.5351,2.5369,177.4885
1545895980000,2.5341,2.5319,2.5341,2.5319,174.48825756
1545896040000,2.5376,2.5348,2.5348,2.5376,1250
1545896100000,2.5419,2.5388,2.5419,2.5388,106
1545896160000,2.5418,2.5418,2.5418,2.5418,25.9776
1545896220000,2.5428,2.54,2.5421,2.5412,3290.93910614
1545896280000,2.5386,2.5386,2.5386,2.5386,32.8701
1545896340000,2.5412,2.5398,2.5398,2.5411,2827.97367435
1545896400000,2.5411,2.5411,2.5411,2.5411,0.00017018
1545896520000,2.5446,2.5412,2.5412,2.5446,6
1545896580000,2.5386,2.5386,2.5386,2.5386,1779.45764465
1545896820000,2.5405,2.538,2.538,2.5405,160.50804797
1545896880000,2.5471,2.5424,2.5424,2.5471,181.944721
1545896940000,2.5444,2.5444,2.5444,2.5444,32.99341789
1545897000000,2.55,2.543,2.5465,2.543,1816.9023299
1545897060000,2.5456,2.5435,2.5435,2.5456,408.58088145
1545897120000,2.5463,2.5451,2.5463,2.5451,691.41992877
1545897180000,2.5443,2.5422,2.5443,2.5433,5944.05632664
1545897240000,2.5413,2.5289,2.5413,2.5289,64816.3315035
1545897300000,2.53,2.5299,2.53,2.53,2677.79700829
1545897420000,2.53,2.52997022,2.53,2.52997022,1008.21307824
1545897480000,2.53,2.52997022,2.52997022,2.53,511.78692
1545897540000,2.53,2.52997022,2.53,2.53,9331.59439154
1545897600000,2.5479,2.5299,2.52997022,2.5479,44658.57141066
1545897660000,2.5474,2.5377,2.5474,2.542,3438.80854904
1545897720000,2.542,2.542,2.542,2.542,53.0234
1545897780000,2.5395,2.5393,2.5395,2.5393,407.89587742
1545897840000,2.5509,2.5421,2.5421,2.54542989,7920.93309798
1545897900000,2.5529,2.544,2.5441,2.54498019,20986.66315265
1545897960000,2.545,2.5448,2.5448,2.545,2350.34862
1545898020000,2.5494,2.5492,2.5492,2.5494,102.5099
1545898080000,2.5482,2.5478,2.5482,2.5481,695.48083194
1545898140000,2.5531,2.549,2.5499,2.5531,450.74693752
1545898200000,2.5514,2.5485,2.5512,2.5485,91.71746643
1545898260000,2.5477,2.5468,2.5477,2.5468,30.55058
1545898320000,2.5517,2.5516,2.5517,2.5516,19.13339065
1545898380000,2.5526,2.5525,2.5525,2.5526,130.5333
1545898440000,2.5591,2.5533,2.5533,2.5591,10681.21434719
1545898500000,2.5564,2.5559,2.5559,2.5564,1012.19
1545898560000,2.5641,2.55721387,2.55721387,2.5636,19796.67507179
1545898620000,2.563,2.563,2.563,2.563,152.2808
1545898680000,2.61,2.5618,2.5618,2.61,148251.49209161
1545898740000,2.6267,2.5909,2.6054,2.6037,98815.83916794
1545898800000,2.6146,2.5975,2.6076,2.5975,5587.49161305
1545898860000,2.6075,2.5982,2.60208526,2.5982,5615.46739755
1545898920000,2.602,2.601,2.601,2.602,1579.11932219
1545898980000,2.5955,2.5804,2.5955,2.5859,26440.4988758
1545899040000,2.5872,2.58,2.58463115,2.5861,7046.38084091
1545899100000,2.5885,2.5861,2.5861,2.5885,1523.074
1545899160000,2.5954,2.5879,2.5889,2.5879,2730.94647708
1545899220000,2.5889,2.5728,2.5889,2.574,17732.68578804
1545899280000,2.5878,2.5733,2.5733,2.5841,20871.16911745
1545899340000,2.5866,2.5775,2.5866,2.5775,2531.0383
1545899400000,2.5823,2.5743,2.5775,2.5743,1796.27352031
1545899460000,2.5768,2.5714,2.5753,2.5766,3777.01261831
1545899520000,2.57830096,2.5726,2.5744,2.5735,2509.06705
1545899580000,2.574,2.5736,2.5739,2.5736,1020.77382511
1545899640000,2.5746,2.5745,2.5745,2.5746,1046.6709
1545899700000,2.5746,2.5679,2.5746,2.5679,1273.91588879
1545899760000,2.5714,2.5714,2.5714,2.5714,50
1545899820000,2.5781,2.5769,2.5769,2.5781,1063.883632
1545899880000,2.5759,2.5757,2.5757,2.5759,187.03658225
1545899940000,2.5839,2.5762,2.5762,2.5791,4212.747177
1545900000000,2.5816,2.5816,2.5816,2.5816,31
1545900060000,2.5816,2.5807,2.5807,2.5816,3316.54595892
1545900180000,2.5771,2.5771,2.5771,2.5771,500
1545900240000,2.5771,2.5771,2.5771,2.5771,3318
1545900300000,2.5795,2.5738,2.5778,2.574,1625.1318616
1545900360000,2.5737,2.5709,2.5737,2.5709,6500
1545900420000,2.5679,2.56528575,2.5679,2.56528575,1664.46877901
1545900480000,2.5658,2.5658,2.5658,2.5658,31.44014114
1545900540000,2.5653,2.5653,2.5653,2.5653,52.9769
1545900600000,2.56416657,2.56272334,2.56416657,2.56272334,806.00000025
1545900660000,2.5717,2.5637,2.5637,2.5717,466.65411
1545900720000,2.5717,2.5682,2.5682,2.5713,348.35499086
1545900780000,2.56687262,2.5661,2.56687262,2.5661,170.3706657
1545900840000,2.5631,2.5608,2.5631,2.5608,821.59050457
1545900900000,2.5586,2.5562,2.5586,2.5562,126.7172
1545900960000,2.55785244,2.5564,2.5569,2.55785244,593.8038
1545901020000,2.5587,2.5581,2.5581,2.5586,282.88418257
1545901080000,2.5603,2.5563,2.5603,2.5563,1308.6298961
1545901140000,2.5601,2.56,2.5601,2.56,124.5997
1545901200000,2.5625,2.5566,2.5601,2.5566,950.54202406
1545901260000,2.5596,2.5542,2.5566,2.5595,1894.6993343
1545901320000,2.557,2.5563,2.5563,2.557,719.87901784
1545901380000,2.5626,2.5598,2.5598,2.5607,1266.36426265
1545901440000,2.5602,2.5602,2.5602,2.5602,49.2538
1545901500000,2.5649,2.5643,2.5649,2.5643,162.63260492
1545901620000,2.568,2.5626,2.5626,2.5675,898.24262643
1545901680000,2.5675,2.5643,2.5675,2.5643,145.81366333
1545901740000,2.5694,2.568,2.568,2.5694,94.29691306
1545901800000,2.5699,2.5672,2.5672,2.5699,1007.40828
1545901860000,2.57,2.5678,2.568,2.57,180.74490531
1545901920000,2.57,2.5672,2.5698,2.5674,122.45
1545901980000,2.5656,2.5656,2.5656,2.5656,538.72048186
1545902040000,2.5661,2.5661,2.5661,2.5661,87.2947
1545902100000,2.571,2.5659,2.5662,2.5659,52.83526604
1545902160000,2.5679,2.5679,2.5679,2.5679,6
1545902220000,2.5678,2.5671,2.5671,2.5678,397.31463101
1545902280000,2.5688,2.5682,2.5688,2.5682,168.08985231
1545902340000,2.5699,2.5688,2.5688,2.5699,1239.21212004
1545902460000,2.5725,2.5697,2.5697,2.5725,256.34184361
1545902520000,2.5741,2.5728,2.5729,2.5728,951.03450788
1545902580000,2.578,2.5742,2.575,2.578,1513.47015173
1545902640000,2.58,2.574,2.5796,2.574,2771.3336471
1545902760000,2.5725,2.57,2.5725,2.57,2434.67950711
1545902820000,2.5715,2.5698,2.5699,2.5705,1967.1882
1545902880000,2.5683,2.56555214,2.5683,2.5667,1671.54583739
1545903060000,2.567,2.5666,2.567,2.5666,103.953067
1545903120000,2.5666,2.5666,2.5666,2.5666,19.07
1545903240000,2.5673,2.5655,2.5655,2.5673,146.89806695
1545903300000,2.5678,2.5674,2.5674,2.5678,968.19569975
1545903360000,2.5683,2.5678,2.5678,2.5683,2057.08937799
1545903420000,2.5687,2.5683,2.5683,2.5686,987.88920244
1545903480000,2.5686,2.5654,2.5686,2.5654,1610.74177201
1545903540000,2.565,2.5641,2.5641,2.565,59.78503023
1545903600000,2.568,2.5662,2.5662,2.568,9599.90134421
1545903900000,2.5732,2.5679,2.5732,2.5679,1338.28302335
1545903960000,2.5659,2.5633,2.5659,2.5635,377.44771451
1545904020000,2.5624,2.5624,2.5624,2.5624,31
1545904140000,2.5613,2.5605,2.5605,2.5613,179.27399909
1545904200000,2.5648,2.5622,2.5622,2.564,1482.34167978
1545904380000,2.5591,2.5591,2.5591,2.5591,6.61830253
1545904440000,2.562,2.5588,2.5588,2.562,160.25414041
1545904500000,2.562,2.562,2.562,2.562,475.3967
1545904560000,2.5619,2.5598,2.5619,2.5598,4063.95067239
1545904680000,2.5619,2.5618,2.5619,2.5618,287.29635969
1545904740000,2.562,2.562,2.562,2.562,9.07877
1545904800000,2.5733,2.562,2.562,2.5725,11298.86691371
1545904860000,2.5885,2.572,2.572,2.5842,9455.41960195
1545904920000,2.5892,2.58372322,2.5847,2.5847,168.50264727
1545904980000,2.5838,2.5817,2.5835,2.5838,999.7387
1545905040000,2.5847,2.5808,2.5847,2.5808,1103.22942257
1545905100000,2.5813,2.58128761,2.5813,2.58128761,300
1545905160000,2.5821,2.5821,2.5821,2.5821,50
1545905220000,2.5845,2.5827,2.5827,2.5845,1207
1545905280000,2.583,2.5819,2.5819,2.583,1000
1545905340000,2.5849,2.5849,2.5849,2.5849,7381.87930622
1545905400000,2.5959,2.585,2.585,2.5941,4583.1815598
1545905460000,2.5936,2.59,2.5936,2.59,2212.36087212
1545905520000,2.5927,2.58982825,2.5906,2.58982825,3715.40056811
1545905580000,2.5943,2.5913,2.5913,2.5942,3981.30992157
1545905640000,2.60436434,2.5948,2.5948,2.60436434,1734.75161985
1545905700000,2.6077,2.6006,2.60436434,2.6008,20084.25992204
1545905760000,2.6069,2.60048897,2.60048897,2.6068,1480.39131864
1545905820000,2.6062,2.6061,2.6062,2.6061,1322.13283478
1545905880000,2.6062,2.6038,2.6062,2.6038,4534.83828009
1545905940000,2.6013,2.601,2.601,2.6012,2403.74944517
1545906000000,2.601,2.5917,2.601,2.5979,3317.01265863
1545906060000,2.5981,2.5882,2.5981,2.5922,11305.82951687
1545906120000,2.5919,2.589,2.5919,2.5898,1035.08130987
1545906180000,2.5997,2.5898,2.5898,2.5911,6866.78450283
1545906240000,2.5965,2.5941,2.5952,2.5957,4670.92322135
1545906300000,2.6015,2.592,2.5944,2.5999,4192.18226733
1545906360000,2.5965,2.5965,2.5965,2.5965,400
1545906420000,2.5987,2.5987,2.5987,2.5987,92
1545906540000,2.5976,2.5976,2.5976,2.5976,400
1545906600000,2.5956,2.5898,2.5938,2.5898,1246.6066422
1545906660000,2.5894,2.5883,2.5885,2.5883,523.9212
1545906780000,2.59,2.5828,2.59,2.58307926,3678.4677
1545906840000,2.58208604,2.5799,2.58208604,2.58091224,2913.57224495
1545906900000,2.5854,2.582,2.582,2.5834,2299.8965582
1545906960000,2.58416276,2.5821,2.58416276,2.5821,513.5503
1545907020000,2.58118312,2.58118312,2.58118312,2.58118312,100
1545907080000,2.5832,2.5832,2.5832,2.5832,124.8047
1545907140000,2.5839,2.5829,2.5829,2.5839,360.011694
1545907200000,2.5874,2.5772,2.5844,2.5772,1706.00047713
1545907260000,2.5825,2.5777,2.5825,2.5777,4127.14795594
1545907320000,2.5817,2.57972193,2.57972193,2.5802,208.66502237
1545907380000,2.5788,2.5756,2.5788,2.5762,1100.56171156
1545907440000,2.5756,2.5741,2.5756,2.5741,276.7812
1545907500000,2.5748,2.57,2.5748,2.57,370.80102396
1545907560000,2.5732,2.5732,2.5732,2.5732,43.04
1545907620000,2.57,2.57,2.57,2.57,10.11978031
1545907680000,2.5701,2.57,2.5701,2.57,1439.50911951
1545907740000,2.5731,2.5701,2.5701,2.5731,2084.00789
1545907800000,2.5736,2.5731,2.5731,2.5736,2400
1545907920000,2.575,2.5748,2.575,2.5748,351.81
1545907980000,2.5712,2.5673,2.5712,2.5673,663.62554399
1545908100000,2.569,2.56893939,2.56893939,2.569,211.8667
1545908160000,2.5727,2.5727,2.5727,2.5727,441.47291221
1545908280000,2.5736,2.5736,2.5736,2.5736,120
1545908340000,2.5723,2.5562,2.5723,2.55980612,17231.63048474
1545908400000,2.5707,2.5621,2.5621,2.5707,10111.95515926
1545908460000,2.5725,2.5646,2.5724,2.5646,857.13217593
1545908520000,2.5663,2.5575,2.5663,2.5586,7885.92356606
1545908580000,2.5656,2.5644,2.5644,2.5656,361.984084
1545908640000,2.567,2.5663,2.567,2.5663,900.7296402
1545908700000,2.5726,2.5652,2.5652,2.5699,1432.40684756
1545908760000,2.5716,2.5704,2.5712,2.5704,63.95038848
1545908880000,2.5652,2.565,2.5652,2.565,115.7641
1545908940000,2.578,2.5685,2.5685,2.578,1636.348034
1545909000000,2.576,2.5758,2.576,2.5758,505.68910715
1545909180000,2.5764,2.5736,2.5736,2.576,541.48387106
1545909240000,2.5706,2.569,2.5691,2.5706,99.4268
1545909300000,2.5685,2.5659,2.5685,2.5663,673.233321
1545909360000,2.5645,2.5641698,2.5645,2.5641698,960
1545909420000,2.5673,2.5673,2.5673,2.5673,120.622
1545909480000,2.5639,2.5637,2.5639,2.5637,111.94472847
1545909540000,2.5708,2.5637,2.5637,2.5708,127.742854
1545909600000,2.5708,2.5708,2.5708,2.5708,170.7293692
1545909660000,2.5651,2.5651,2.5651,2.5651,122.7181
1545909780000,2.5707,2.5651,2.5707,2.5651,501.41229269
1545909840000,2.5652,2.5643,2.5652,2.5643,1150.94380339
1545909900000,2.5659,2.5659,2.5659,2.5659,10
1545909960000,2.565,2.5641,2.5643,2.565,491.7336
1545910080000,2.5641,2.5631,2.5641,2.5631,113.02600005
1545910200000,2.56,2.5524,2.56,2.5524,2944.21451003
1545910260000,2.5559,2.5524,2.5524,2.5557,222.43391729
1545910380000,2.5547,2.5532,2.5547,2.5538,150
1545910440000,2.5512,2.5395,2.5512,2.5395,30931.80693729
1545910500000,2.5534,2.5336,2.5387,2.5522,10628.89549205
1545910560000,2.5564,2.5526,2.5552,2.5526,2203.08448662
1545910620000,2.55071668,2.55,2.55035564,2.55,896.79176735
1545910680000,2.5551,2.5502,2.5502,2.5551,250
1545910740000,2.5632,2.555,2.555,2.5626,562.71418286
1545910860000,2.5611,2.5586,2.5597,2.5611,192.1895455
1545910920000,2.5605,2.5524,2.5605,2.5541,34090.79296132
1545910980000,2.557,2.55550677,2.5562,2.557,334.25461811
1545911040000,2.5579,2.5512,2.5579,2.5546,11262.263454
1545911100000,2.5572,2.5557,2.5569,2.5557,1272.33
1545911160000,2.5651,2.5582,2.5618,2.5582,11635.30421148
1545911220000,2.5544,2.5431,2.5544,2.5484,15095.22840637
1545911280000,2.5506,2.5506,2.5506,2.5506,60.0042
1545911340000,2.5507,2.5502,2.5503,2.5502,1608.04036902
1545911400000,2.5485,2.547,2.547,2.5485,100
1545911460000,2.558,2.5499,2.55,2.5551,5740.47257882
1545911520000,2.5681,2.5573,2.5574,2.558,13835.69055447
1545911580000,2.5655,2.5582,2.5582,2.5655,313.68928825
1545911640000,2.569,2.5581,2.5683,2.569,15869.81484829
1545911700000,2.5908,2.5708,2.5708,2.581,61302.81275374
1545911760000,2.59,2.5773,2.59,2.5816,3078.36472204
1545911820000,2.5803,2.5725,2.5797,2.5725,2781.55442171
1545911880000,2.5776,2.5766,2.5776,2.5766,88.94434051
1545911940000,2.578,2.5774,2.5774,2.578,553.6419485
1545912000000,2.5802,2.5767,2.578,2.5802,285.93
1545912060000,2.5896,2.5794,2.5846,2.5795,13067.59475484
1545912120000,2.5929,2.58243548,2.58243548,2.5827,2084.97222303
1545912180000,2.5852,2.5828,2.5851,2.5852,2397.73021736
1545912240000,2.5852,2.5781,2.5852,2.5782,3559.35852076
1545912300000,2.5801,2.5781,2.5781,2.5801,1253.22840047
1545912360000,2.5801,2.5801,2.5801,2.5801,1596.5125
1545912420000,2.58,2.5799,2.5799,2.58,2119.21480161
1545912480000,2.5802,2.58,2.58,2.58,2407.41770741
1545912540000,2.5795,2.5792,2.5795,2.5792,595.78097688
1545912600000,2.5835,2.5792,2.5792,2.5835,4250.79100966
1545912660000,2.5815,2.5774,2.5815,2.5807,3082.11317502
1545912720000,2.5763,2.5761,2.5763,2.5761,4046.99493018
1545912780000,2.5749,2.5723,2.5749,2.5723,163.59911303
1545912840000,2.5736,2.5713,2.5715,2.5736,567.42579141
1545912900000,2.5718,2.5688,2.5718,2.5688,2631.90103088
1545912960000,2.5684,2.5684,2.5684,2.5684,24.844
1545913020000,2.5681,2.5681,2.5681,2.5681,47.68184281
1545913080000,2.568,2.5619,2.568,2.5619,4464.24193388
1545913320000,2.5669,2.561,2.5623,2.5669,2046.97725324
1545913380000,2.573,2.5669,2.5669,2.5719,817.08907205
1545913440000,2.5683,2.5683,2.5683,2.5683,21.92048506
1545913620000,2.5721,2.5721,2.5721,2.5721,10.98690272
1545913680000,2.576,2.5722,2.5722,2.576,429.434794
1545913740000,2.5751,2.575,2.5751,2.575,1445.01489497
1545913800000,2.58,2.571,2.5754,2.5766,21793.92614521
1545913920000,2.5781,2.5781,2.5781,2.5781,20
1545913980000,2.5796,2.578,2.578,2.5795,1245.366184
1545914040000,2.58,2.5791,2.58,2.5791,106.52342726
1545914100000,2.5788,2.5788,2.5788,2.5788,6
1545914160000,2.58,2.58,2.58,2.58,50
1545914220000,2.5817,2.58,2.58,2.5805,312
1545914280000,2.581,2.5772,2.581,2.5772,6164.56400681
1545914400000,2.573,2.5686,2.573,2.5686,10016.291
1545914520000,2.5692,2.5692,2.5692,2.5692,103.09
1545914580000,2.567,2.5661,2.567,2.5661,500
1545914700000,2.5661,2.561,2.5661,2.561,2634.39655994
1545914760000,2.5735,2.5694,2.5694,2.5735,608.933726
1545914820000,2.579,2.5722,2.5748,2.5742,906.57512573
1545914880000,2.5738,2.5648,2.5738,2.5726,17094.09917
1545914940000,2.57,2.5694,2.5699,2.5694,806.37301957
1545915000000,2.5684,2.5667,2.5667,2.5684,563.29561166
1545915060000,2.5694,2.5666,2.5694,2.5666,160.9837
1545915120000,2.568,2.5664,2.5664,2.568,420.25041871
1545915180000,2.5669,2.5664,2.5669,2.5664,481.41832682
1545915240000,2.5664,2.5611,2.5664,2.564,8450.67616207
1545915300000,2.568,2.564,2.564,2.568,23.68110229
1545915540000,2.5717,2.5717,2.5717,2.5717,11.67
1545915600000,2.5718,2.5718,2.5718,2.5718,191.56
1545915660000,2.5717,2.5701,2.5717,2.5708,144.08
1545915720000,2.572,2.572,2.572,2.572,26.288028
1545915840000,2.5764,2.5744,2.5764,2.5744,623.3621768
1545915900000,2.5724,2.5696,2.5724,2.5717,1306.16
1545915960000,2.5705,2.5705,2.5705,2.5705,99.8
1545916140000,2.5765,2.5764,2.5765,2.5765,1547.893636
1545916200000,2.5761,2.5723,2.5761,2.5723,420
1545916260000,2.5772,2.577,2.577,2.5772,166.6301
1545916440000,2.5789,2.5752,2.5752,2.5789,2500
1545916620000,2.583,2.582,2.582,2.583,200
1545916680000,2.5923,2.5848,2.5848,2.5923,3048.82919499
1545916740000,2.5936,2.5872,2.5931,2.5888,1484.85408857
1545916800000,2.5888,2.5888,2.5888,2.5888,104.29341818
1545916860000,2.5826,2.5826,2.5826,2.5826,100
1545916920000,2.5814,2.5814,2.5814,2.5814,100
1545917040000,2.5796,2.5794,2.5796,2.5794,250
1545917100000,2.5838,2.5801,2.5801,2.5838,171.20992941
1545917220000,2.5831,2.5831,2.5831,2.5831,52.28606285
1545917280000,2.5892,2.586,2.586,2.5892,474.64622606
1545917400000,2.5919,2.5886,2.5919,2.5887,1944.63550426
1545917460000,2.59,2.59,2.59,2.59,169.884
1545917520000,2.5899,2.5834,2.5899,2.5834,632.26963285
1545917580000,2.5865,2.584,2.584,2.5865,1039.34728595
1545917640000,2.6078,2.5899,2.5899,2.6066,9513.20826447
1545917700000,2.609,2.6019,2.6066,2.6019,9569.38428698
1545917760000,2.6013,2.5938,2.6013,2.5938,2822.58958918
1545917820000,2.5993,2.593636,2.593636,2.5938,2564.84842635
1545917880000,2.5927,2.5862,2.5927,2.5876,3515.67107348
1545917940000,2.5869,2.5869,2.5869,2.5869,16.96852015
1545918000000,2.5821,2.582,2.582,2.582,623
1545918060000,2.5865,2.58,2.5800723,2.5825,886.60151096
1545918120000,2.5827,2.5811,2.5827,2.5811,328.73174853
1545918180000,2.5803,2.5795,2.5801,2.5803,290.3112
1545918240000,2.5793,2.5793,2.5793,2.5793,320
1545918300000,2.584,2.5768,2.5768,2.5801,87.54115278
1545918360000,2.5799,2.5796,2.5799,2.5796,22
1545918420000,2.5847,2.5805,2.5847,2.5805,1472.0081991
1545918480000,2.5772,2.5772,2.5772,2.5772,11
1545918600000,2.577,2.5769,2.577,2.5769,37.49747608
1545918660000,2.5753,2.5738,2.5753,2.5738,1283.66683093
1545918720000,2.5737,2.5671,2.5737,2.57,9090.20423002
1545918780000,2.5747,2.5747,2.5747,2.5747,6.779954
1545918840000,2.5736,2.571,2.5717,2.5736,815.5683
1545918900000,2.5725,2.5712,2.5712,2.5725,306
1545918960000,2.5679,2.5668,2.5679,2.5669,551.6446
1545919020000,2.5651,2.565,2.565,2.5651,1084.53
1545919080000,2.57,2.5676,2.57,2.5697,487.5555
1545919140000,2.5658,2.5615,2.5658,2.5647,1167.84010436
1545919200000,2.5661,2.5645,2.5645,2.5659,831.57482327
1545919260000,2.5666,2.5613,2.5613,2.5657,1093.8851
1545919320000,2.5645,2.5645,2.5645,2.5645,50
1545919380000,2.5644,2.5627,2.5644,2.5628,392.4036
1545919440000,2.5635,2.5493,2.5627,2.5545,5988.50563557
1545919500000,2.5545,2.5463,2.5545,2.5463,4715.49776717
1545919560000,2.5511,2.5399,2.5495,2.54,44402.8592154
1545919620000,2.54,2.5399,2.54,2.54,9877.67877037
1545919680000,2.545,2.54,2.54,2.545,21053.5458706
1545919800000,2.545,2.54495096,2.54495096,2.545,2730
1545919860000,2.545,2.54495096,2.54495096,2.545,2018.16444436
1545919920000,2.5623,2.5449,2.545,2.5623,37361.15148696
1545919980000,2.5624,2.5577,2.5624,2.5577,5203.2979541
1545920040000,2.5587,2.5587,2.5587,2.5587,103.68
1545920100000,2.5617,2.5473,2.5586,2.5497,37974.13064629
1545920160000,2.5586,2.5474,2.5586,2.5523,14141.82273695
1545920220000,2.5550952,2.552,2.552,2.5533,366.75253848
1545920280000,2.5549,2.55329433,2.5549,2.55329433,208.44397257
1545920340000,2.55078663,2.5471,2.55078663,2.547709,186.81899642
1545920400000,2.5478,2.547709,2.547709,2.5478,245.7015
1545920460000,2.5562,2.5494,2.5494,2.5562,474.02033257
1545920520000,2.5571,2.557,2.5571,2.557,220.77460273
1545920580000,2.5561,2.5527,2.5561,2.5531,327.32758604
1545920640000,2.5569,2.5522,2.5522,2.5569,298.82654375
1545920700000,2.5581,2.5571,2.5571,2.5581,981.67873937
1545920760000,2.5633,2.5608,2.56093142,2.5633,6077.50221472
1545920820000,2.562,2.561,2.561,2.562,730.4124858
1545920880000,2.5637,2.5628,2.5628,2.5637,5004
1545920940000,2.5658,2.5648,2.5648,2.56546442,382.78795609
1545921000000,2.5615,2.5575,2.5615,2.5575,4066.95570536
1545921060000,2.5595,2.5546,2.5595,2.5546,89.85295927
1545921120000,2.5563,2.5563,2.5563,2.5563,200
1545921180000,2.5568,2.5568,2.5568,2.5568,9.71559
1545921240000,2.5544,2.5543,2.5543,2.5544,13.23571934
1545921300000,2.5547,2.5543,2.5544,2.5543,716.47706971
1545921360000,2.5591,2.5557,2.5575,2.5581,982.90115188
1545921540000,2.5543,2.5543,2.5543,2.5543,419.23222682
1545921600000,2.5543,2.547,2.5543,2.5472,1507.1542264
1545921660000,2.5507,2.5453,2.5473,2.5507,1020.7530879
1545921720000,2.5506,2.5504,2.5504,2.5506,1000
1545921840000,2.5521,2.5521,2.5521,2.5521,22.80183818
1545921960000,2.5527,2.5512,2.5526,2.5512,860.55532867
1545922020000,2.5501,2.5501,2.5501,2.5501,28.69765688
1545922080000,2.5526,2.55,2.55,2.5526,1050
1545922260000,2.5644,2.551,2.551,2.5644,7033.9856164
1545922320000,2.5629,2.559,2.559,2.5629,853.8837
1545922380000,2.5638,2.5596,2.5629,2.5636,1989.73014354
1545922440000,2.5638,2.5621,2.5632,2.5621,575.1315
1545922500000,2.5637,2.5628,2.5628,2.5637,60
1545922560000,2.56,2.559,2.56,2.559,108.82654375
1545922620000,2.563,2.5628,2.563,2.5628,800
1545922680000,2.5588,2.5588,2.5588,2.5588,6.929698
1545922740000,2.5567,2.5566,2.5567,2.5566,183
1545922800000,2.5594,2.5593,2.5593,2.5594,137.08
1545922860000,2.5651,2.5595,2.5595,2.5651,550.60190086
1545922920000,2.5647,2.5617,2.5647,2.5617,12
1545922980000,2.5656,2.5621,2.5621,2.5623,485.23048301
1545923040000,2.564,2.564,2.564,2.564,69.73674699
1545923100000,2.5606,2.5606,2.5606,2.5606,500
1545923160000,2.5606,2.5605,2.5605,2.5605,280.62759624
1545923220000,2.5605,2.5569,2.5605,2.5572,1785.88876
1545923280000,2.5561,2.5519,2.5561,2.5519,340.73
1545923340000,2.5523,2.5512,2.5512,2.5523,311.75294288
1545923400000,2.5533,2.5531,2.5531,2.5533,173.8056
1545923460000,2.5533,2.535,2.5531,2.5402,54025.5948
1545923520000,2.5436,2.52713355,2.5381,2.535,74346.23721796
1545923580000,2.535,2.5345,2.5345,2.5347,2564.48659709
1545923640000,2.535,2.5343,2.5347,2.535,10851.17458195
1545923700000,2.5431,2.5349,2.535,2.5413,8216.70069923
1545923760000,2.5404,2.5376,2.5403,2.5376,484.4277867
1545923820000,2.5377,2.53136068,2.5376,2.5329,4212.81436772
1545923880000,2.5351,2.5316,2.5324,2.5316,617.19794697
1545923940000,2.5448,2.5319,2.5319,2.5426,2492.12456421
1545924000000,2.5451,2.54,2.5402,2.5441,1021.77069852
1545924060000,2.5446,2.5421,2.5446,2.5421,1212.78095234
1545924120000,2.5425,2.539,2.5423,2.5397,345.4538
1545924180000,2.539,2.525,2.539,2.5277,13979.56736355
1545924240000,2.5485,2.5271,2.5277,2.541,10291.62360556
1545924300000,2.5418,2.5124,2.5418,2.5263,93925.8158297
1545924360000,2.53339148,2.5263,2.5266,2.5263,6638.90724722
1545924420000,2.5377,2.523,2.523,2.5377,5201.43180677
1545924480000,2.5582,2.5343,2.5343,2.5403,34572.26917056
1545924540000,2.5472,2.5381,2.5381,2.5472,186.29898475
1545924600000,2.5443,2.5443,2.5443,2.5443,1002.978
1545924660000,2.5466,2.5388,2.5429,2.5466,1821.42793855
1545924720000,2.5475,2.5411,2.5467,2.5475,648.91900456
1545924780000,2.5429,2.5424,2.5424,2.5429,110
1545924840000,2.5424,2.5413,2.5424,2.5415,294.08848765
1545924960000,2.535,2.5315,2.535,2.5315,2135.41395638
1545925020000,2.5379,2.53,2.53,2.5379,1770.27049804
1545925080000,2.539,2.5389,2.5389,2.539,2219.67192893
1545925200000,2.5324,2.5305,2.5324,2.5305,109.15765202
1545925260000,2.5314,2.5293,2.5295,2.5293,1580.33384195
1545925320000,2.5401,2.5359,2.5359,2.5374,1214.2002
1545925440000,2.5415,2.5384,2.5415,2.5396,2151.88788127
1545925500000,2.5411,2.5338,2.5371,2.5411,778.04532279
1545925560000,2.5472,2.5415,2.5415,2.545,1800.01660905
1545925620000,2.5449,2.5439,2.5439,2.5439,1248.02477135
1545925680000,2.5395,2.5389,2.5393,2.5395,1014.83472291
1545925740000,2.5397,2.5397,2.5397,2.5397,383.71639938
1545925800000,2.5397,2.538,2.5397,2.538,1593.42701771
1545925860000,2.5378,2.5374,2.5378,2.5374,274.00749031
1545925920000,2.5392,2.539,2.539,2.5392,971.20826157
1545926040000,2.5435,2.5435,2.5435,2.5435,25.1226581
1545926100000,2.5447,2.5431,2.5445,2.5431,352.23386804
1545926160000,2.5431,2.5423,2.5431,2.5423,17.54071649
1545926220000,2.5402,2.54,2.5402,2.54,2021
1545926280000,2.5447,2.5379,2.538,2.5447,705.11733
1545926340000,2.5472,2.5447,2.5447,2.545,1390.7463684
