1448640060000,357.31,357.21,357.25,357.29,0.77
1448640120000,358,357.32,357.94,358,85.7
1448640240000,358,357.79,358,357.79,5.2
1448640300000,357.99,357.8,357.8,357.99,11.75227609
1448640360000,358,357.62,357.99,357.62,6.79713527
1448640480000,358,357.99,357.99,358,8.87
1448640540000,357.9,357.8,357.9,357.8,0.6
1448640600000,358,357.35,358,357.35,6.56465228
1448640660000,358,357.6,358,358,0.44
1448640720000,357.39,357.33,357.33,357.39,7.0016
1448640780000,357.03,356.15,357.03,356.18,66.50527154
1448640840000,356.3,355.43,356.18,355.43,150
1448640900000,355.68,355.03,355.56,355.26,30.95917551
1448640960000,355.41,354.9,355.27,355.38,100.67848867
1448641020000,355.85,355.36,355.36,355.85,0.45
1448641080000,355.35,355.35,355.35,355.35,0.15
1448641140000,356.39,355.35,355.99,356,37.37851823
1448641200000,355.66,355.49,355.49,355.66,8
1448641260000,355.71,355.71,355.71,355.71,2
1448641380000,357.72,356.2,356.2,357.32,216.28424434
1448641440000,357.49,357.48,357.48,357.49,1.86225676
1448641560000,357.5,356.88,357.5,356.88,10.2
1448641620000,357.5,357.5,357.5,357.5,14.2902
1448641680000,357.5,357.28,357.28,357.5,3.7016944
1448641740000,357.2,357.2,357.2,357.2,2
1448641800000,357.5,357.5,357.5,357.5,18
1448641860000,357.5,357.5,357.5,357.5,14.68919116
1448641920000,357.5,357.5,357.5,357.5,0.02122733
1448641980000,358.5,357.67,358,358.5,51.76034129
1448642040000,359.49,358.5,358.5,359.49,25.5153
1448642100000,359.5,358.99,359.49,359.5,6.8784
1448642160000,359.5,359.47,359.48,359.5,13.37
1448642220000,360,359.5,359.5,360,118.06178925
1448642280000,360.75,360,360,360.75,114.8608775
1448642340000,360.4,360.31,360.31,360.35,3.228
1448642400000,361.28,360.26,360.27,361.16,81.34221461
1448642460000,361.86,361.28,361.28,361.51,27.011
1448642520000,361.51,361.13,361.51,361.13,11.5032
1448642580000,361.84,361.39,361.39,361.4,23.11
1448642640000,361.84,360.24,361.81,360.4,167.76314395
1448642700000,361.7,360.43,361.7,360.68,66.04
1448642760000,360.58,360.57,360.58,360.57,3.99455123
1448642820000,360.99,360.42,360.65,360.56,26.27781025
1448642880000,360.94,360.08,360.42,360.27,25.32698648
1448642940000,360.28,359.65,360.27,359.94,75.838
1448643000000,360.99,360,360,360.05,83.35110066
1448643060000,360.09,360.09,360.09,360.09,0.185
1448643120000,360.92,360.1,360.1,360.92,5.22
1448643180000,360.91,360.91,360.91,360.91,0.15
1448643240000,360.93,360.15,360.15,360.93,5.7269
1448643300000,361.05,360.92,360.99,361.05,37.06039059
1448643360000,361.01,361,361.01,361,9.5134
1448643480000,361.09,360.69,360.95,360.69,5.05
1448643540000,360.27,360.27,360.27,360.27,0.5
1448643600000,360.82,360.81,360.82,360.81,1.344
1448643660000,360.81,360.58,360.81,360.58,0.8579
1448643720000,360.65,360.57,360.65,360.57,36.62777993
1448643780000,360.99,360.79,360.93,360.99,21.13723273
1448643900000,360.63,359.31,360.63,359.34,57.88950393
1448643960000,359.33,357.86,359.33,357.86,125.85301
1448644020000,359.15,358.07,358.07,358.07,8.33544264
1448644080000,359.16,359.16,359.16,359.16,0.76
1448644140000,359.09,358.97,359.09,358.97,1.1498
1448644260000,358.95,358.92,358.95,358.92,2
1448644440000,358.77,358.65,358.69,358.77,23.35
1448644560000,358.55,358.1,358.5,358.55,27.55
1448644620000,358.59,358.59,358.59,358.59,0.0202
1448644680000,359.01,358.2,358.6,359.01,2.271
1448644740000,359.47,359.1,359.11,359.1,7.40044263
1448644800000,359.92,359.52,359.52,359.92,2
1448644860000,360.06,359.61,360,360.03,13.338
1448644920000,359.57,358.53,359.57,358.53,60.9360836
1448645040000,359.61,359.61,359.61,359.61,0.2985
1448645160000,359.6,359.6,359.6,359.6,0.2
1448645220000,359.61,359.61,359.61,359.61,9
1448645280000,359.72,359.6,359.6,359.6,18.97854263
1448645460000,360,359.64,359.64,359.81,8.9748711
1448645520000,360.03,360.03,360.03,360.03,1.058
1448645700000,360.4,360.11,360.11,360.4,2.98405066
1448645880000,360.02,360,360.02,360.01,9.33082004
1448645940000,360.01,360.01,360.01,360.01,0.77
1448646000000,360.2,360.01,360.19,360.2,10.1242
1448646060000,360.01,360.01,360.01,360.01,10
1448646120000,360.01,360.01,360.01,360.01,0.04583032
1448646180000,360.01,360.01,360.01,360.01,1.3652042
1448646240000,360.03,360.02,360.03,360.02,8.52
1448646300000,360,360,360,360,2
1448646360000,360.51,360.25,360.25,360.51,16.0965
1448646480000,360.8,360.17,360.71,360.8,0.83942656
1448646540000,360.33,360.33,360.33,360.33,0.02
1448646600000,360.03,360.02,360.02,360.02,10.01
1448646660000,360.03,360.03,360.03,360.03,0.01
1448646720000,360.02,360.02,360.02,360.02,0.10478183
1448646780000,360.03,360,360.02,360.02,18.47
1448646840000,360,360,360,360,10.1204
1448646900000,360.01,360,360.01,360,10.21388166
1448646960000,360,360,360,360,3.4
1448647020000,360.03,360,360,360,1.47
1448647080000,360.22,360,360,360.14,13.68957782
1448647140000,360.2,360,360,360.2,15.08316403
1448647200000,360.07,360,360,360,81.20018319
1448647260000,359.8,358.22,359.8,359.63,98.75647625
1448647320000,359.46,358,359.45,358,14.65554531
1448647380000,359.05,357.68,358.18,358.38,30.58698685
1448647440000,358.49,357.89,358.49,357.92,1.90601028
1448647500000,359.34,358,358.44,359.01,57.34175974
1448647560000,358.3,358.29,358.3,358.29,6.9081
1448647620000,359.21,358.3,358.88,359.21,2.71820946
1448647680000,359.19,358.68,358.71,359.09,3.43005288
1448647740000,359.66,359.06,359.06,359.43,10.1
1448647800000,359.98,359.57,359.57,359.98,4.4
1448647920000,360,360,360,360,15.5
1448647980000,360.59,359.27,360,359.27,103
1448648040000,360,359.6,359.6,360,4.7721891
1448648160000,360.59,360.11,360.11,360.59,0.1472181
1448648220000,360.15,359.98,360.15,359.98,0.4506335
1448648280000,359.86,359.86,359.86,359.86,5
1448648340000,359.96,359.94,359.94,359.94,2.12959112
1448648400000,359.95,359.95,359.95,359.95,6.9093
1448648460000,359.92,359.92,359.92,359.92,1.1048
1448648520000,359.92,359.92,359.92,359.92,0.5
1448648580000,360.08,358.94,359.93,360.08,56.53
1448648640000,359.73,359.73,359.73,359.73,1.7
1448648760000,360,359.02,359.02,360,8.508
1448648880000,359.47,359.47,359.47,359.47,2.6
1448648940000,359.42,359.19,359.2,359.19,10
1448649000000,359.14,359.14,359.14,359.14,3.4
1448649120000,359.32,359.25,359.25,359.32,0.378
1448649180000,361.74,360,360,361,30.96177479
1448649240000,361.73,361.73,361.73,361.73,0.25421716
1448649300000,361,360.43,361,360.43,6.57
1448649360000,361.43,360.99,360.99,361.43,5.68
1448649420000,361.46,360.94,361.46,360.94,6.563
1448649540000,361.37,360.57,360.57,361.37,2.894
1448649600000,361.17,360.57,360.57,361.17,3.75
1448649720000,361.11,360.16,361.11,361.1,4.078937
1448649840000,359.64,359.64,359.64,359.64,5.19
1448649900000,359.64,359.61,359.63,359.61,1.16
1448649960000,359.64,359.64,359.64,359.64,0.05
1448650080000,359.64,359.63,359.64,359.63,0.9
1448650140000,359.65,359.65,359.65,359.65,0.33148877
1448650200000,359.99,359.99,359.99,359.99,1.007573
1448650260000,359.99,359.99,359.99,359.99,6.8851
1448650320000,360,360,360,360,0.22548
1448650380000,361,360,360,361,4.76736227
1448650440000,360.98,360.32,360.8,360.32,47.3393
1448650560000,361.03,360.99,361.03,361.02,10.131496
1448650620000,361.05,360.99,361.05,360.99,9
1448650680000,361.26,361.22,361.22,361.23,28.07944
1448650740000,361.27,361.22,361.22,361.27,28
1448650800000,361.15,359.16,361.15,359.16,197.62642
1448650860000,359.81,359.32,359.32,359.75,12.99
1448650920000,359.72,359.72,359.72,359.72,1.3
1448650980000,359.98,359.57,359.57,359.98,6.49
1448651040000,359.98,359.95,359.98,359.95,0.718641
1448651100000,360.44,359.94,359.95,360.15,9.191303
1448651340000,360.09,359.99,360.09,360.07,0.32
1448651400000,360.08,360.08,360.08,360.08,0.574472
1448651460000,360.08,360.08,360.08,360.08,0.04176935
1448651640000,360.05,360.05,360.05,360.05,0.17
1448651880000,359.8,359.8,359.8,359.8,8
1448651940000,359.99,359.66,359.99,359.66,11.0611
1448652060000,359.99,359.66,359.66,359.66,8.143
1448652180000,359.66,359.66,359.66,359.66,5.15
1448652240000,359.8,359.49,359.66,359.8,11.81247406
1448652300000,360,359.5,359.8,359.51,4
1448652360000,359.95,359.95,359.95,359.95,0.138
1448652420000,360,359.95,359.95,360,2.23
1448652480000,360,359.5,360,359.5,0.24
1448652540000,360,360,360,360,0.02
1448652600000,359.7,359.7,359.7,359.7,0.1
1448652660000,360,359.7,360,360,60.11
1448652900000,359.99,359.99,359.99,359.99,1
1448652960000,359.56,359.13,359.56,359.13,6
1448653020000,359.1,358.53,358.85,358.84,39.39165632
1448653080000,358.84,358.53,358.54,358.84,5.02
1448653140000,358.85,358.84,358.85,358.84,0.04
1448653200000,358.84,358.56,358.57,358.84,2.65112674
1448653260000,358.85,357.01,358.84,357.13,300.00816988
1448653320000,358.71,357.01,357.68,357.01,398.77185335
1448653380000,358.43,356.84,357.04,358.25,68.52
1448653440000,358.24,357.25,358.24,357.27,2.73
1448653500000,357.92,357.06,357.1,357.76,15.62
1448653560000,357.82,356.85,357.75,357.74,16.368
1448653680000,357.75,357.71,357.71,357.75,4.5
1448653740000,358.55,357.75,358.31,358.41,2.204
1448653800000,358.09,358.09,358.09,358.09,2
1448653860000,358.39,358.38,358.39,358.38,0.53108858
1448653980000,358.24,358.23,358.23,358.24,2.09
1448654040000,358.39,358.23,358.24,358.38,1.44
1448654100000,358.61,358.49,358.49,358.61,6.32
1448654160000,359.49,358.61,358.61,359.49,50.8237
1448654220000,359.77,359.14,359.14,359.77,25.02648869
1448654280000,359.91,359.27,359.28,359.68,56.68547102
1448654400000,359.99,359.99,359.99,359.99,4
1448654460000,359.99,359.79,359.99,359.9,1.93
1448654520000,359.9,359.8,359.9,359.8,1.03209611
1448654580000,359.6,359.6,359.6,359.6,0.15
1448654640000,359.6,359.6,359.6,359.6,0.2496
1448654700000,359.65,359.65,359.65,359.65,0.1
1448654760000,359.25,359.21,359.25,359.22,0.77
1448654820000,360.32,359.28,359.28,360.32,63.0693636
1448654880000,360.31,360.31,360.31,360.31,1.37038579
1448654940000,360.19,359.68,359.68,360.19,6.1255
1448655000000,360.2,359.77,360.2,359.77,0.8
1448655060000,360.5,360.19,360.2,360.44,2.42763615
1448655120000,360.47,360.47,360.47,360.47,0.25
1448655180000,360.65,360.56,360.59,360.56,25.93
1448655360000,360.7,360.46,360.46,360.7,2.3937
1448655420000,361,360.7,360.7,361,2.06
1448655480000,363,360.99,361,362.04,399.22528991
1448655540000,363.29,362.25,362.49,363,87.2837608
1448655600000,363,362.39,362.99,362.74,23.01471583
1448655660000,362.56,362.53,362.53,362.56,1.1866
1448655720000,362.7,362.41,362.6,362.41,6.1782
1448655780000,362.5,361.4,362.41,361.4,25.39688715
1448655840000,361.76,361.33,361.75,361.33,13.73244514
1448655960000,361.5,361.17,361.45,361.5,16.07051055
1448656020000,361.45,361.41,361.41,361.45,1.74359471
1448656080000,361.42,361.4,361.42,361.4,6
1448656200000,361.5,361.47,361.5,361.48,9.5809977
1448656260000,361.98,361.48,361.5,361.51,44.9829023
1448656440000,361.7,360.37,361.7,360.37,36.61856525
1448656500000,360.38,359.56,360.38,359.56,75.41370905
1448656560000,360,358.89,360,358.9,50.43
1448656620000,359.98,358.58,358.83,359.97,54.7845
1448656740000,359.9,359.57,359.9,359.57,10.1
1448656800000,359.57,359.56,359.57,359.56,3.437
1448656980000,359.58,359.55,359.55,359.58,0.315
1448657040000,359.79,359.54,359.54,359.79,16.24
1448657100000,359.98,359.79,359.79,359.91,2.47647295
1448657160000,360,359.98,360,360,4.3936
1448657220000,360,359.44,360,359.53,26.98666
1448657280000,360,359.46,359.46,360,34.33332
1448657340000,359.91,359.91,359.91,359.91,0.08
1448657400000,360.44,360.43,360.44,360.43,1.1
1448657640000,360.08,360.08,360.08,360.08,0.06581434
1448657700000,360.29,360.28,360.28,360.29,1
1448657760000,359.76,359.76,359.76,359.76,6.91
1448657820000,359.76,359.42,359.76,359.76,13.82593134
1448657880000,359.21,359.21,359.21,359.21,0.075317
1448657940000,358.64,358.01,358.64,358.12,15.353
1448658000000,358.62,357.72,358.02,358.01,44.03087396
1448658060000,358.6,357.73,358.11,358,46.22192421
1448658120000,358.56,358.13,358.56,358.5,6.67666
1448658180000,358.9,358.5,358.5,358.9,5.75117019
1448658240000,359.9,358.89,358.89,359.9,19.2509
1448658300000,360,359.9,359.9,360,2.0823
1448658360000,361.85,360,360.32,361.7,58.46967554
1448658420000,362.1,360.83,361.36,362.07,21.97446441
1448658480000,362.06,361.55,362.06,361.59,8.95765694
1448658540000,362.1,361.56,361.56,361.9,17.52666
1448658600000,361.71,361.71,361.71,361.71,0.66666
1448658660000,361.81,361.81,361.81,361.81,0.66666
1448658720000,361.91,361.91,361.91,361.91,0.02
1448658780000,361.83,361.82,361.82,361.83,5.96089343
1448658900000,362.02,361.72,361.74,362.02,15.26950065
1448659020000,362.04,361.72,362.02,361.72,1.6943724
1448659080000,361.72,361.08,361.42,361.08,91.3237
1448659140000,361.11,361.11,361.11,361.11,0.41377298
1448659200000,361.11,361.11,361.11,361.11,0.8055724
1448659260000,361.63,361.11,361.63,361.11,1.75459737
1448659320000,361.11,361.05,361.05,361.1,52.65
1448659440000,361.09,361.09,361.09,361.09,0.5
1448659500000,361.05,360.57,361.05,360.57,9.08461377
1448659560000,361.05,360.97,361.05,360.97,0.23
1448659620000,360.93,360.71,360.9,360.71,5.1
1448659740000,360.89,360.89,360.89,360.89,0.22
1448659860000,360.62,360.61,360.62,360.61,0.75459737
1448659980000,360.63,360.61,360.62,360.61,4.5655
1448660220000,360.65,360.55,360.64,360.55,80
1448660400000,360.55,360.55,360.55,360.55,1.41
1448660460000,360.69,360.67,360.67,360.69,3.1
1448660520000,360.71,360.22,360.25,360.71,21.82384336
1448660580000,360.69,360.69,360.69,360.69,0.45
1448660640000,360.68,360.05,360.13,360.21,68.9457321
1448660760000,360.2,360.05,360.2,360.19,7.8
1448660820000,360.09,360.06,360.09,360.06,7.62342277
1448660880000,360.05,360.05,360.05,360.05,5
1448661060000,360.25,360.05,360.05,360.05,3.9645339
1448661240000,360.22,360.05,360.22,360.05,7.1409
1448661300000,360.05,360.05,360.05,360.05,1.70400682
1448661360000,360.05,360.05,360.05,360.05,1
1448661480000,360.19,360.08,360.08,360.19,3.15
1448661540000,360.09,360.08,360.08,360.08,11.0210214
1448661600000,360.11,360.1,360.11,360.1,1.0453015
1448661660000,360.32,360.31,360.31,360.31,1.09589052
1448661780000,360.25,360.05,360.19,360.25,45.8
1448662020000,360.42,360.1,360.4,360.42,2.256005
1448662080000,360.46,360.46,360.46,360.46,0.3
1448662200000,360.12,360.09,360.1,360.1,5
1448662380000,360.23,360.23,360.23,360.23,0.1324
1448662500000,360.39,360.39,360.39,360.39,0.84
1448662560000,360.39,360.39,360.39,360.39,5
1448662620000,360.32,360.31,360.31,360.32,1.4516
1448662680000,360.24,360.24,360.24,360.24,0.8549214
1448662740000,360.31,360.31,360.31,360.31,0.1
1448662860000,360.31,360.31,360.31,360.31,0.01
1448662920000,360.31,360.31,360.31,360.31,0.66
1448663100000,360.25,360.24,360.24,360.25,0.43358215
1448663160000,360.31,360.31,360.31,360.31,0.01
1448663220000,360.31,360.24,360.31,360.24,2.62951142
1448663280000,360.25,360.24,360.25,360.24,1
1448663400000,360.31,360.3,360.31,360.3,0.5481
1448663520000,360.32,360.32,360.32,360.32,0.02799719
1448663580000,360.31,360.31,360.31,360.31,0.2719
1448663640000,360.31,360.06,360.31,360.25,113.41700595
1448663700000,360.19,360.05,360.06,360.19,11.8832
1448663760000,360.05,360,360,360.05,4.76613927
1448663820000,360,359.97,359.97,360,10
1448663880000,359.96,359.77,359.88,359.96,5.01703569
1448663940000,359.56,359.56,359.56,359.56,5.069
1448664000000,359.55,359.55,359.55,359.55,2
1448664120000,359.93,359.93,359.93,359.93,0.09518137
1448664300000,359.9,359.56,359.56,359.9,1.06503033
1448664420000,359.9,359.9,359.9,359.9,0.10027455
1448664480000,359.6,359.59,359.59,359.6,1
1448664540000,360.39,359.94,359.97,359.97,49.58338918
1448664600000,361.46,360.4,360.4,361.46,34.0218644
1448664660000,361.85,361.5,361.5,361.85,4.188
1448664720000,362,361.89,361.91,362,23
1448664780000,362.05,360.82,362.01,360.83,46.47055388
1448664840000,360.5,360.49,360.5,360.49,8.99570266
1448664900000,361.41,361.41,361.41,361.41,0.05
1448664960000,361.41,360.79,361.41,360.79,1.09656237
1448665080000,361.19,361.19,361.19,361.19,0.00947855
1448665260000,361.06,361.06,361.06,361.06,0.01
1448665320000,361.09,361.09,361.09,361.09,0.1
1448665380000,361.09,361.09,361.09,361.09,0.41562138
1448665440000,361.09,361.05,361.06,361.05,7.11
1448665620000,361.09,361.09,361.09,361.09,0.2978
1448665680000,361.09,361.06,361.06,361.09,0.35
1448665800000,361.09,361.09,361.09,361.09,0.11
1448665860000,361.1,361.09,361.09,361.1,0.123281
1448665920000,362.09,361.1,361.73,362.09,22.11
1448665980000,362.2,362.01,362.09,362.02,8.84071175
1448666040000,362.79,362.02,362.02,362.71,14.01
1448666100000,362.79,362.55,362.79,362.55,16.57
1448666160000,362.22,362.21,362.21,362.22,2.8
1448666220000,362.3,362.22,362.22,362.3,0.097
1448666400000,362.43,362.3,362.3,362.42,5.02
1448666520000,362.22,362,362,362.16,20.39607361
1448666580000,362.15,362,362.15,362,3
1448666640000,362,362,362,362,0.69444
1448666700000,362.05,362,362.05,362,5.58001403
1448666760000,362,361.91,362,361.91,0.142466
1448666820000,362,361.94,361.94,362,7.59693785
1448666940000,361.98,361.96,361.98,361.97,7.15
1448667060000,361.99,361.99,361.99,361.99,6.927
1448667120000,362,362,362,362,9.34549615
1448667180000,362.1,362.01,362.01,362.1,3.5
1448667240000,362.1,361.99,362.01,361.99,21.6479
1448667300000,361.99,361.52,361.6,361.56,1
1448667360000,361.6,361.01,361.51,361.22,93.80496837
1448667420000,361.22,360,361.21,360,183.77257111
1448667480000,360.79,359.08,359.99,359.15,196.40595605
1448667540000,360.05,359.1,359.1,359.86,24.4986354
1448667600000,359.84,359.22,359.22,359.84,1.72
1448667660000,359.86,359.86,359.86,359.86,0.19797515
1448667720000,360.1,359.86,359.86,360.1,8.89442485
1448667780000,359.34,358.58,359.25,358.8,21.3
1448667840000,358.6,358.51,358.59,358.52,15
1448667900000,359.28,358.89,358.89,358.89,1.06006012
1448667960000,359.22,359.22,359.22,359.22,0.8577956
1448668080000,359.26,359.22,359.22,359.26,4.9622044
1448668140000,359.26,359.26,359.26,359.26,15.36
1448668200000,359.26,359.26,359.26,359.26,0.1
1448668260000,359.26,359.24,359.26,359.24,5.09003555
1448668320000,359.23,359.22,359.23,359.22,2.425879
1448668380000,358.9,358.89,358.89,358.9,0.47133816
1448668560000,358.9,358.9,358.9,358.9,0.0282598
1448668800000,359,359,359,359,2
1448668860000,358.96,358.89,358.96,358.95,10.21770506
1448668920000,358.93,357.86,358.93,357.86,217.99614623
1448668980000,358.18,357.06,358.18,357.15,44.874
1448669040000,357.17,356.31,357.07,356.72,128.38309131
1448669100000,356.97,354.58,356.97,355,553.80703325
1448669160000,354.97,352.77,354.96,352.77,590.47216495
1448669220000,353.77,352.25,353.77,353.4,131.89928225
1448669280000,355.16,353.4,353.4,354.99,157.56797985
1448669340000,355,354,355,354,79.92542569
1448669400000,354.96,353,354.95,354.3,202.81765818
1448669460000,354.28,352,354.1,352.13,346.5746862
1448669520000,353.43,352.28,353.24,352.62,176.23758183
1448669580000,354,352.67,353.25,354,55.20600641
1448669640000,354.56,353.66,354,354.56,37.07971399
1448669700000,354.98,354.23,354.55,354.98,58.04139406
1448669760000,355.16,354.8,354.98,355.14,48.51258672
1448669820000,355.16,354.9,355.16,355.1,20.75879158
1448669880000,356.29,354.9,355.14,355.94,313.41467072
1448669940000,356.74,355.93,355.94,356.73,90.759
1448670000000,356.85,355.59,356.47,356.57,81.01281422
1448670060000,355.68,354.8,355.5,354.83,152.20725267
1448670120000,355.44,354.42,355.44,354.81,11.92048064
1448670180000,354.9,352.62,354.42,354.6,310.34484332
1448670240000,354.63,354,354.01,354.62,18.74726983
1448670300000,354.63,354.03,354.03,354.63,0.49624043
1448670360000,355,354.63,354.63,355,6.4019229
1448670420000,355.21,354.99,355,355.21,5.8414343
1448670480000,355.39,355.1,355.21,355.1,14.11298833
1448670540000,355,352.23,354.51,352.5,68.30698944
1448670600000,352.99,351,352.99,351.02,361.7046693
1448670660000,352,351,351.49,351.86,88.02278189
1448670720000,352.94,351.2,351.2,352.02,66.95852346
1448670780000,352.98,352.53,352.53,352.92,25.60961292
1448670840000,353,352.15,352.91,353,13.28010506
1448670900000,353.11,352.22,353.11,352.22,41.38145648
1448670960000,352.75,352.22,352.22,352.56,4.54265563
1448671020000,353.01,352.94,352.94,353.01,0.19468668
1448671080000,353.13,352.71,353.01,353.13,6.26349153
1448671140000,353.13,352.82,353.13,352.82,7.11728993
1448671200000,353.13,353.13,353.13,353.13,0.17810085
1448671260000,353.13,353.13,353.13,353.13,1.00651038
1448671320000,354.88,353.05,353.13,353.43,93.28242359
1448671380000,355.37,354,354,355.09,14.05085706
1448671440000,355.26,354.54,354.54,354.82,0.42236186
1448671500000,354.21,354.21,354.21,354.21,2
1448671560000,354.26,354.22,354.26,354.23,21.92239082
1448671620000,354.2,353.94,354.2,353.98,16.1765118
1448671680000,353.98,353.7,353.7,353.97,23.73142819
1448671740000,353.97,353.97,353.97,353.97,0.31283911
1448671800000,354.07,353.97,353.98,354.07,10.1152685
1448671860000,354.07,353.61,354.07,354.07,11.70606871
1448671920000,353.99,353.57,353.99,353.57,4.02239613
1448671980000,353.75,353.57,353.75,353.57,4.54086853
1448672040000,353.6,353.59,353.6,353.59,3
1448672160000,354.23,354,354,354.23,2.12
1448672220000,354.9,354.23,354.23,354.86,103.61865246
1448672280000,355.5,355,355.12,355.5,49.398
1448672340000,355.81,355.5,355.52,355.5,20.95399614
1448672400000,355.91,355.21,355.53,355.5,140.53295769
1448672460000,355.49,355.33,355.49,355.33,14.126
1448672520000,355.33,355.32,355.33,355.32,0.57512537
1448672580000,355.33,354.97,355.33,354.97,4.7509573
1448672640000,355.13,354.97,355.13,354.98,3.02037083
1448672700000,355.12,354.98,355.12,355.12,2.03627071
1448672760000,355.1,355.1,355.1,355.1,0.01646287
1448672820000,355,354.99,355,354.99,2.68
1448672880000,355.05,355.05,355.05,355.05,0.01647028
1448672940000,355.05,354.99,355.05,355,2.1
1448673000000,354.99,354.99,354.99,354.99,14.5
1448673060000,355,354.99,355,354.99,4.55648816
1448673120000,354.99,354.99,354.99,354.99,1.36901299
1448673180000,354.99,354.99,354.99,354.99,5
1448673240000,355,354.99,354.99,354.99,5.43392717
1448673300000,355,355,355,355,0.09080457
1448673360000,355,354.99,355,355,6.18667678
1448673420000,355.33,354.99,355,355.12,35.65946661
1448673480000,355.49,355.2,355.33,355.49,3.5939053
1448673540000,355.49,355.49,355.49,355.49,26.12766422
1448673600000,355.49,355.49,355.49,355.49,0.24661828
1448673660000,355.49,355.48,355.49,355.49,2.93942024
1448673720000,355.49,355.49,355.49,355.49,0.01784269
1448673840000,355.43,355.43,355.43,355.43,0.05
1448673900000,355.44,355.38,355.38,355.44,6
1448673960000,355.45,355.45,355.45,355.45,5.3
1448674020000,355.45,355.25,355.27,355.45,1.506
1448674140000,355.45,355.45,355.45,355.45,0.05
1448674260000,355.45,355.45,355.45,355.45,0.13184699
1448674320000,355.45,355.45,355.45,355.45,0.07915459
1448674380000,355.45,355.15,355.45,355.15,2.10119984
1448674440000,355.45,355,355.45,355.01,4.98269997
1448674500000,355.45,355,355.45,355.45,1.28846764
1448674560000,355.45,355.45,355.45,355.45,13.34854514
1448674620000,355.45,355.45,355.45,355.45,0.18035683
1448674680000,355.45,355.44,355.45,355.44,8.20033697
1448674740000,355.45,355.45,355.45,355.45,55.26976995
1448674800000,356.71,355.49,355.49,356.71,17.1756458
1448674860000,356.72,356.67,356.71,356.72,7.63684214
1448674920000,356.76,356.76,356.76,356.76,0.03880977
1448674980000,356.97,356.76,356.91,356.97,3.40394008
1448675040000,357.38,357.02,357.35,357.38,4
1448675100000,357.36,357,357.13,357.36,2.2943
1448675160000,357.36,357,357.36,357,1.01
1448675220000,357,357,357,357,0.01
1448675280000,356.56,356.55,356.56,356.55,3.04206354
1448675340000,356.43,356.4,356.43,356.4,12.12099059
1448675400000,356.96,356.4,356.41,356.6,20.126786
1448675460000,356.97,356.93,356.97,356.94,2.51843504
1448675580000,356.6,355.97,356.6,356.22,13
1448675640000,356.54,355.51,355.72,356.53,47.963
1448675700000,356.76,356.76,356.76,356.76,0.01
1448675760000,357.24,356.92,356.92,357.24,1.51
1448675820000,357.23,356.14,357.23,356.14,3.11
1448675880000,357.04,357.04,357.04,357.04,0.01
1448675940000,356.13,356.13,356.13,356.13,1
1448676060000,356.74,356.74,356.74,356.74,0.28
1448676180000,356.15,355.82,356.13,356.15,2.6
1448676240000,355.83,355.8,355.83,355.83,5
1448676360000,355.99,355.96,355.99,355.96,2.43
1448676420000,355.96,355.8,355.95,355.81,5.3593572
1448676480000,355.81,354.91,355.81,354.97,26.92581076
1448676540000,354.97,354.54,354.97,354.55,3.25900228
1448676600000,354.99,354.42,354.98,354.42,1.34280544
1448676660000,354.99,354.99,354.99,354.99,0.04269962
1448676720000,355.38,354.63,354.65,355.38,1.2803727
1448676780000,355.4,355.38,355.4,355.38,0.04290611
1448676840000,355.38,355.38,355.38,355.38,0.01533597
1448676900000,355.96,355.5,355.5,355.96,1.036
1448676960000,355.97,355.97,355.97,355.97,1
1448677020000,355.97,355.97,355.97,355.97,1
1448677080000,356,355.97,356,355.97,2.03375106
1448677200000,355.97,355.97,355.97,355.97,4.08911822
1448677260000,356,355.99,356,356,2.83981493
1448677320000,356,355.54,355.98,355.54,12.0904
1448677500000,355.54,355.51,355.54,355.54,17.713
1448677560000,356,355.99,356,356,1.3433
1448677620000,356,356,356,356,0.26923285
1448677680000,356,356,356,356,7.26350116
1448677740000,356.1,356,356.1,356.1,4.42459676
1448677800000,356.1,356,356.1,356,0.62336864
1448677860000,356.1,356.01,356.1,356.01,0.3265697
1448677920000,356.1,356.05,356.1,356.05,0.31274142
1448677980000,356.1,356.07,356.1,356.07,0.5564951
1448678040000,356.1,356.1,356.1,356.1,10.89771839
1448678100000,356.1,356.09,356.1,356.09,0.81246621
1448678160000,356.1,356.1,356.1,356.1,1.07165448
1448678220000,356.1,356.1,356.1,356.1,0.27572396
1448678280000,356.1,356.1,356.1,356.1,1.73779249
1448678340000,356.1,356.1,356.1,356.1,0.24416695
1448678400000,356.1,356.09,356.1,356.09,1.22584564
1448678460000,356.1,356.05,356.1,356.05,10.08092962
1448678520000,356.1,355.96,356.1,355.96,3.08947116
1448678580000,355.96,355.96,355.96,355.96,0.04814633
1448678640000,355.96,354.7,355.96,355.07,77.31983385
1448678700000,355.94,355.07,355.07,355.94,2.08866361
1448678760000,355.92,355.9,355.9,355.92,1
1448678820000,356,355.96,355.96,355.99,13.5785579
1448678880000,356,356,356,356,0.19450715
1448678940000,356,356,356,356,69.37102584
1448679000000,356,355.37,356,355.97,2.85859898
1448679060000,356,355.99,355.99,356,0.07460035
1448679120000,356,355.43,356,356,2.17258641
1448679180000,356,356,356,356,0.05261062
1448679300000,356,355.99,356,356,30.7
1448679360000,355.8,355.8,355.8,355.8,29.99777804
1448679420000,355.8,355.8,355.8,355.8,0.12110045
1448679480000,355.8,355.8,355.8,355.8,0.136103
1448679540000,355.8,355.44,355.44,355.8,1.04
1448679600000,355.26,355.2,355.26,355.2,3
1448679660000,355.76,355.07,355.08,355.76,3.09533047
1448679720000,355.71,355.64,355.71,355.64,0.57517018
1448679780000,355.57,355.57,355.57,355.57,0.062
1448679840000,355.51,355.5,355.5,355.51,0.63406835
1448679900000,355.51,355.51,355.51,355.51,0.01671878
1448679960000,355.5,355.5,355.5,355.5,0.02880895
1448680020000,355.49,355.49,355.49,355.49,0.01979173
1448680080000,355.69,355.45,355.45,355.68,18.28112556
1448680140000,355.72,355.72,355.72,355.72,0.1
1448680200000,355.72,355.72,355.72,355.72,0.27
1448680320000,355.72,355.72,355.72,355.72,0.07872836
1448680380000,355.77,355,355.77,355,34.25380626
1448680440000,355,353.42,354.62,353.42,203
1448680500000,354.29,352.04,354.29,352.99,231.64810502
1448680560000,352.99,352.99,352.99,352.99,3.47145634
1448680620000,353,352.99,352.99,353,0.23403
1448680680000,353,353,353,353,0.85
1448680920000,354.26,354.26,354.26,354.26,1
1448680980000,354.49,354.49,354.49,354.49,0.05
1448681040000,354.99,354.71,354.72,354.99,16.11
1448681160000,354.82,354.82,354.82,354.82,0.2
1448681220000,354.39,354.21,354.39,354.21,1.37411649
1448681520000,354.75,354.75,354.75,354.75,0.2505
1448681700000,353.96,353.96,353.96,353.96,0.64642764
1448681820000,354.94,353.99,354.94,353.99,3.69179621
1448682060000,354.4,354.4,354.4,354.4,9.49
1448682180000,354.65,354.65,354.65,354.65,3.189
1448682300000,355,354.92,354.97,354.99,113.4311
1448682420000,355.03,355.02,355.02,355.03,1.8
1448682480000,355.04,355.01,355.04,355.02,5.94
1448682600000,355.27,355.27,355.27,355.27,0.326
1448682660000,355.61,355.27,355.4,355.61,8.7325
1448682900000,355.57,355.57,355.57,355.57,0.11
1448682960000,355.07,355.07,355.07,355.07,5.3806594
1448683260000,355.59,355,355.01,355.59,8.1745
1448683380000,355.61,355.61,355.61,355.61,1
1448683440000,355.25,355.25,355.25,355.25,0.01197
1448683500000,355.96,355.93,355.96,355.93,3.1
1448683560000,356.02,356,356.02,356,10.80092877
1448683620000,356,356,356,356,5.27197
1448683680000,356.02,356,356,356,105.088
1448683740000,356.1,356,356.03,356,62.0279
1448683800000,356.1,356.1,356.1,356.1,0.11
1448683920000,356,356,356,356,1.78286744
1448684040000,356,356,356,356,1.007
1448684160000,356.1,356,356,356.1,24.30024
1448684280000,356.1,356.09,356.1,356.09,1.5
1448684400000,356,356,356,356,0.14155885
1448684700000,356.07,356,356.07,356.02,1.8611
1448684820000,356,356,356,356,10.76
1448684880000,356,356,356,356,21.52
1448684940000,356,356,356,356,79.75665168
1448685000000,356,355.8,356,356,35.02
1448685120000,355.8,355.79,355.8,355.79,0.15840203
1448685300000,355.33,355.32,355.32,355.33,7.3863
1448685360000,355.29,355.01,355.29,355.01,7.6041526
1448685420000,355.07,355,355.07,355,13.4587
1448685540000,355.03,355.02,355.03,355.02,8.697
1448685600000,356,355.29,355.29,356,196.33874393
1448685660000,356.1,356.1,356.1,356.1,2.50437204
1448685720000,356.1,356.1,356.1,356.1,100.5
1448685900000,356.09,356.09,356.09,356.09,38.34
1448685960000,356.01,356,356.01,356,1.01996469
1448686020000,356.1,356.02,356.03,356.03,41.54760534
1448686080000,355.98,355.76,355.76,355.88,2.5
1448686140000,356.1,355.76,356.1,355.76,4.01401454
1448686200000,356.1,356.1,356.1,356.1,2.3175
1448686260000,356.1,356.1,356.1,356.1,11.68
1448686320000,356.04,356.03,356.04,356.03,4
1448686380000,356.1,356.1,356.1,356.1,0.01120764
1448686500000,355.94,355.94,355.94,355.94,0.3
1448686560000,356.09,356.09,356.09,356.09,0.4
1448686740000,356.09,356.09,356.09,356.09,0.0616
1448686860000,356.09,355.75,355.75,356.09,0.93720848
1448686920000,356.09,356.09,356.09,356.09,8
1448687220000,355.83,355.83,355.83,355.83,0.222
1448687280000,355.77,355.45,355.77,355.45,18.3689
1448687340000,355.72,355.72,355.72,355.72,0.1
1448687400000,355.82,355.45,355.72,355.82,6.29120632
1448687460000,355.78,355.74,355.74,355.75,8
1448687520000,356.1,355.99,355.99,356.1,16.37
1448687580000,356.15,356.07,356.07,356.15,54.90415959
1448687640000,357.74,356.15,356.15,357.74,42.1223171
1448687700000,359,357.88,357.89,358.96,88.6141463
1448687760000,359.35,358.09,359,358.21,20.59765803
1448687820000,358.38,358.38,358.38,358.38,1
1448687880000,358.8,358.48,358.48,358.8,4.418395
1448687940000,359.23,358.35,358.82,359.23,38.201605
1448688000000,358.83,358.41,358.41,358.83,1.8355
1448688060000,358.83,358.56,358.56,358.61,3.55
1448688120000,358.82,358.59,358.59,358.82,0.52
1448688180000,358.61,358.18,358.59,358.18,14.41864396
1448688240000,358.35,356.93,358.35,356.93,204.17874393
1448688300000,357.61,356.95,357.61,356.95,0.04
1448688360000,357.67,356.74,356.74,357.62,1.73
1448688480000,357.35,357.35,357.35,357.35,1.39571237
1448688780000,357.65,356.68,357.46,356.77,30.5988
1448688840000,356.7,356.7,356.7,356.7,0.03
1448688900000,357.71,357.04,357.04,357.66,0.476
1448689080000,358.8,358.09,358.09,358.8,100.02
1448689140000,361.23,358.09,358.09,361.23,781.966295
1448689200000,362,361.01,361.01,361.24,304.24180986
1448689260000,362,361.24,361.59,361.24,221.33038958
1448689320000,361.6,360.28,361.3,361.24,84.03
1448689380000,361.91,360.47,361.21,360.51,225.44434807
1448689440000,360.37,360.34,360.37,360.34,26.05
1448689500000,361.11,360.21,360.5,360.21,45.05405766
1448689560000,362.44,360.5,360.5,362.43,82.71044715
1448689620000,362.12,361.45,362.02,361.46,57.15520153
1448689680000,361.59,360.8,361.46,361,25.48406644
1448689740000,360.91,360.45,360.8,360.91,61.71084024
1448689800000,360.87,360.86,360.86,360.87,11.7
1448689860000,360.64,360.14,360.64,360.15,5.19
1448689920000,360.11,360.11,360.11,360.11,0.5
1448690040000,360.45,360.03,360.44,360.45,54.5722
1448690100000,360.4,360.37,360.4,360.37,36.71
1448690160000,360.4,360.26,360.39,360.26,37.6672763
1448690220000,360.27,360.26,360.26,360.27,0.9205
1448690280000,360.26,360.26,360.26,360.26,5
1448690340000,360.26,360.25,360.26,360.25,19.3108192
1448690400000,360.39,359.3,360.12,360.2,56.06210067
1448690460000,359.31,357.95,359.06,357.95,56.01
1448690520000,358.98,358.34,358.34,358.69,8.8597
1448690580000,358.69,358.48,358.69,358.48,1.75
1448690640000,358.51,358,358.46,358.51,14.20255278
1448690700000,358.54,358.18,358.53,358.18,14.7130632
1448690760000,359.12,358.34,358.54,358.52,4.67340832
1448690820000,359.5,359.12,359.12,359.49,6.42
1448690940000,359.04,358.87,358.87,359.04,3.2
1448691120000,359.2,359.2,359.2,359.2,0.362
1448691300000,358.76,358.76,358.76,358.76,0.5
1448691360000,359.03,359,359.03,359,1.1
1448691420000,359,358.79,359,358.79,0.2898
1448691540000,358.78,357.25,358.78,357.25,88.56
1448691600000,357.25,355,357.25,355,331.94145664
1448691660000,356.55,355.36,356.55,355.5,23.160197
1448691720000,356.45,355.51,355.51,356.45,24.90283163
1448691780000,356.5,356,356.5,356,45.08664007
1448691840000,357.01,356.73,356.8,357.01,20.67
1448691900000,357.01,357.01,357.01,357.01,0.02148014
1448691960000,357.66,357.37,357.45,357.66,40
1448692020000,358.52,357.68,357.68,358.49,140
1448692080000,358.67,358.65,358.65,358.65,3.5
1448692380000,358.01,357.99,357.99,358.01,0.61853859
1448692440000,358.01,357.79,358.01,357.79,7.32672843
1448692500000,357.9,357.9,357.9,357.9,0.5
1448692560000,358.34,358.34,358.34,358.34,0.48941648
1448692620000,359.09,358.32,359.08,358.38,4
1448692680000,358.94,358.94,358.94,358.94,0.15
1448692800000,358.55,358.55,358.55,358.55,0.01
1448692860000,358.83,358.47,358.47,358.55,3
1448692980000,358.48,358.48,358.48,358.48,0.05
1448693040000,358.44,358.38,358.41,358.38,3.1702
1448693160000,358.12,357.85,358.12,357.85,0.0909
1448693280000,357.6,357.54,357.6,357.54,1.012
1448693400000,357.4,357.3,357.4,357.3,12.01
1448693520000,357.59,357.59,357.59,357.59,0.06013
1448693580000,357.59,357.42,357.59,357.42,5.07846674
1448693700000,358.07,358.06,358.06,358.07,10.5021
1448693760000,358.13,358.08,358.08,358.13,11.25
1448693820000,359.5,358.12,358.12,358.4,94.61134167
1448693940000,359.26,359.23,359.26,359.24,4.5
1448694000000,359.17,359.09,359.14,359.17,13.2436
1448694060000,359.18,359.18,359.18,359.18,0.75227773
1448694420000,358.62,357.34,358.61,357.36,81.83418221
1448694480000,357.94,357.21,357.21,357.94,2.11
1448694540000,357.21,357.21,357.21,357.21,0.3992
1448694660000,357.22,357.21,357.22,357.22,4.215
1448694780000,357.82,357.82,357.82,357.82,8.0708
1448694900000,358.11,357.24,357.25,358.11,12.3787
1448694960000,357.25,357.25,357.25,357.25,3.80531174
1448695080000,357.26,357.26,357.26,357.26,1
1448695140000,357.26,357.25,357.25,357.26,10
1448695200000,357.25,357.24,357.25,357.24,2
1448695320000,357.24,357.24,357.24,357.24,1.2968
1448695380000,357.24,356.52,357.24,356.52,9.67924978
1448695440000,356.61,356.61,356.61,356.61,1
1448695560000,356.74,356.66,356.74,356.66,3.01
1448695620000,356.9,356.43,356.9,356.43,8.51203
1448695680000,356.8,356.8,356.8,356.8,1.19291286
1448695740000,356.7,356.7,356.7,356.7,0.01
1448695860000,356.81,356.7,356.7,356.81,0.06674725
1448695980000,356.81,356.79,356.81,356.79,0.1909
1448696040000,356.7,356.7,356.7,356.7,1
1448696100000,356.81,356.71,356.81,356.71,1.3525
1448696160000,358.01,357.5,357.5,358.01,5
1448696220000,357.69,357.69,357.69,357.69,1.3344
1448696280000,357.41,357.41,357.41,357.41,0.02
1448696340000,357.12,357.12,357.12,357.12,5
1448696880000,357.63,357.63,357.63,357.63,0.13849525
1448696940000,357.15,357.15,357.15,357.15,0.08
1448697000000,358.05,358.05,358.05,358.05,0.01403
1448697300000,359.24,358.01,358.01,359.24,5.8943126
1448697360000,359.3,358.79,359.3,358.8,3.1
1448697420000,358.49,358.25,358.49,358.25,1.01782399
1448697480000,359.06,358.9,359.06,358.9,0.5
1448697600000,358.48,358.19,358.48,358.19,3.98
1448697660000,358.21,358.21,358.21,358.21,0.0101
1448697720000,358.24,357.93,358.21,358.24,6.32273
1448697780000,358.25,358.22,358.22,358.25,9.7952
1448697840000,358.76,358.25,358.25,358.25,4.69223
1448698020000,359.36,359,359.05,359.25,24.53179696
1448698140000,359.33,358.45,359.25,358.45,4.1
1448698260000,359.32,359.1,359.32,359.1,0.34
1448698320000,359.46,359.32,359.32,359.44,10
1448698440000,358.64,358.48,358.64,358.48,4
1448698500000,358,357.92,357.92,358,10
1448698560000,357.91,357.91,357.91,357.91,6.20699411
1448698680000,358.24,358.24,358.24,358.24,0.05691295
1448698860000,357.76,357.76,357.76,357.76,0.08
1448698920000,358.08,358.08,358.08,358.08,0.9684
1448698980000,358.39,358.39,358.39,358.39,0.11711541
1448699340000,357.84,357.82,357.82,357.83,10
1448699400000,357.83,357.79,357.83,357.8,10.2
1448699460000,357.7,357.7,357.7,357.7,4
1448699520000,357.7,357.6,357.7,357.6,9.076094
1448699580000,357.6,357.6,357.6,357.6,2.5163
1448699640000,357.53,357.41,357.53,357.5,0.826
1448699700000,357.4,357.4,357.4,357.4,1.70631658
1448699820000,357.41,357.41,357.41,357.41,2
1448699880000,357.41,357.4,357.41,357.4,11
1448699940000,357.4,357.4,357.4,357.4,8.84008342
1448700060000,357.8,357.39,357.41,357.8,50
1448700120000,357.8,357.8,357.8,357.8,3.1707
1448700240000,357.79,357.79,357.79,357.79,6.898
1448700300000,357.8,357.8,357.8,357.8,5.9283
1448700360000,357.6,357.29,357.6,357.29,5.9301
1448700420000,357.6,357.6,357.6,357.6,0.326
1448700540000,357.55,357.55,357.55,357.55,52
1448700660000,357.36,357.01,357.01,357.18,11.13
1448700840000,357.6,356.93,356.95,357.6,50.59205285
1448700900000,358.54,357.6,357.8,358.54,10.1
1448701020000,357.93,357.93,357.93,357.93,5
1448701140000,358.43,358.43,358.43,358.43,0.01
1448701200000,358.1,358.1,358.1,358.1,0.25
1448701320000,358.21,357.33,357.33,358.21,12.49339269
1448701440000,357.18,357.18,357.18,357.18,0.01
1448701560000,357.59,357.59,357.59,357.59,0.51026428
1448701620000,357.23,357.23,357.23,357.23,0.01
1448701680000,357.52,356.54,357.52,356.54,1.14
1448701740000,357.03,356.54,356.54,357.03,0.06
1448701800000,356.54,356.14,356.54,356.14,0.50660731
1448701860000,356.55,356.15,356.55,356.15,1.6
1448701920000,356.17,356.08,356.17,356.08,14.8989
1448701980000,356.91,356.07,356.08,356.78,29.38375
1448702040000,356.25,356.25,356.25,356.25,0.09966478
1448702100000,356.92,356.34,356.34,356.41,15.05086
1448702160000,356.79,356.21,356.38,356.21,9.03141223
1448702220000,356.21,356.21,356.21,356.21,1.2
1448702280000,356.43,356.43,356.43,356.43,0.01203
1448702340000,356.28,356,356.28,356.02,35.826
1448702400000,356.02,355,356.02,355.1,74.07387191
1448702460000,355.02,353.69,355.02,354.5,215.41937256
1448702520000,355.21,354.7,354.78,355.21,20.09
1448702580000,355.25,354.9,355.17,355.11,47.19954535
1448702640000,355.24,354.87,355.11,354.87,52.26205829
1448702700000,354.78,354.67,354.67,354.78,5.5
1448702760000,354.77,354.77,354.77,354.77,0.01
1448702820000,354.91,354.44,354.69,354.44,11.67122262
1448702880000,354.92,354.92,354.92,354.92,1.1696
1448702940000,354.96,354.92,354.92,354.93,1.5554
1448703000000,354.95,354.62,354.93,354.94,45.0576
1448703060000,354.97,354.93,354.97,354.93,3.4946
1448703120000,354.82,354.82,354.82,354.82,7.58426966
1448703180000,354.84,354.82,354.84,354.82,3.41
1448703240000,354.81,354.8,354.81,354.8,0.3404
1448703360000,354.83,354.83,354.83,354.83,0.84458521
1448703540000,355.47,355.32,355.32,355.46,0.8154
1448703600000,355.84,355.4,355.4,355.84,70.70859191
1448703720000,356.07,356.07,356.07,356.07,1.6
1448704500000,356,356,356,356,0.30749259
1448704560000,356,356,356,356,0.52414536
1448704620000,355.67,355.19,355.67,355.28,3.4568449
1448704680000,355.2,355.2,355.2,355.2,0.02
1448704800000,355.74,355.74,355.74,355.74,0.27386222
1448704860000,355.31,354.65,355.29,355.28,39.23892222
1448704920000,355.27,354.2,355.27,354.2,9.2324063
1448704980000,354.5,354,354.2,354.01,5.44998097
1448705040000,354.29,354.29,354.29,354.29,0.0154
1448705100000,354.08,354.08,354.08,354.08,1
1448705160000,354.82,354.82,354.82,354.82,0.99239522
1448705220000,354.76,354.76,354.76,354.76,0.02
1448705340000,355.01,354.86,354.86,355.01,0.8581
1448705460000,355.18,355.07,355.07,355.18,14.37071155
1448705580000,355,355,355,355,0.01
1448705640000,355.18,355.18,355.18,355.18,0.0154
1448705700000,355.2,355.18,355.18,355.2,0.1227
1448705760000,355.19,355.19,355.19,355.19,0.01
1448705880000,356.05,355.19,355.19,356.05,2.99
1448705940000,356.13,355.38,355.38,356.13,0.032593
1448706000000,356.12,355.67,355.67,356.12,6
1448706060000,356.21,356.12,356.21,356.12,2
1448706120000,356.27,356.27,356.27,356.27,0.01
1448706180000,356.27,356.27,356.27,356.27,2.52938206
1448706300000,356.57,356.27,356.27,356.57,9.83771196
1448706360000,356.77,356.57,356.57,356.75,24.04920685
1448706420000,356.77,356.75,356.75,356.77,0.08359357
1448706480000,356.77,356.77,356.77,356.77,1.1
1448706540000,356.73,356.73,356.73,356.73,1
1448706720000,356.56,356.5,356.56,356.5,0.17772422
1448706780000,356.54,356.54,356.54,356.54,0.19892571
1448706840000,356.43,356.27,356.43,356.27,4.57919602
1448706900000,356.27,356.27,356.27,356.27,0.01
1448707020000,356.75,356.75,356.75,356.75,0.1
1448707140000,356.75,356.75,356.75,356.75,2
1448707200000,356.77,356.74,356.74,356.76,4.21
1448707260000,356.75,356.75,356.75,356.75,7.77602125
1448707380000,356.7,356.7,356.7,356.7,0.1
1448707500000,356.7,356.7,356.7,356.7,0.1
1448707620000,356.64,355.12,356.64,355.12,72.11859191
1448707680000,355.82,354.65,354.96,355.56,8.17737813
1448707860000,355.58,355.57,355.58,355.57,0.5245
1448708220000,355.86,355.85,355.85,355.85,12.668
1448708280000,355.6,354.88,355.59,355,22.38
1448708340000,355,355,355,355,0.16
1448708400000,355,355,355,355,0.16
1448708460000,355,355,355,355,2.68913737
1448708520000,355,355,355,355,14.99086263
1448708580000,355.14,355.14,355.14,355.14,1
1448708640000,355.56,355.56,355.56,355.56,1.01927794
1448708700000,355.56,355.15,355.15,355.56,8.1
1448708760000,355.42,355.41,355.41,355.42,2.5
1448708820000,355.2,355.1,355.2,355.18,20.518
1448708880000,355,354.74,354.75,354.94,3.5812956
1448708940000,354.99,354.96,354.96,354.99,2.79994892
1448709000000,354.99,354.99,354.99,354.99,4.60025108
1448709060000,355,355,355,355,0.05121586
1448709120000,355,355,355,355,1.4046892
1448709180000,354.99,354.99,354.99,354.99,4.32688984
1448709240000,354.97,354.97,354.97,354.97,0.08421771
1448709300000,355,354.99,355,354.99,13.075
1448709360000,355,355,355,355,0.05078746
1448709420000,355,355,355,355,1
1448709480000,354.99,354.99,354.99,354.99,0.062
1448709540000,354.99,354.99,354.99,354.99,0.01976226
1448709600000,354.98,354.97,354.97,354.98,32.5
1448709660000,354.98,354.98,354.98,354.98,0.6625641
1448709720000,354.98,354.98,354.98,354.98,13.8873359
1448709780000,355,354.98,354.98,354.98,4.4879
1448709840000,354.99,354.98,354.98,354.99,1.76
1448709960000,354.98,354.98,354.98,354.98,2
1448710020000,354.98,354.98,354.98,354.98,6.8826641
1448710140000,354.97,354.97,354.97,354.97,0.0175
1448710200000,354.97,354.96,354.97,354.96,0.336
1448710260000,354.95,354.94,354.95,354.94,1.02
1448710320000,356.1,354.77,354.97,356.09,18.8103313
1448710440000,355.39,355.39,355.39,355.39,0.1
1448710500000,355.65,355.65,355.65,355.65,0.3
1448710680000,355.61,355.61,355.61,355.61,0.5
1448710740000,355.79,355.79,355.79,355.79,3.9546
1448710800000,355.84,355.79,355.84,355.79,0.6337
1448710980000,355.84,355.81,355.81,355.84,5.376
1448711040000,355.24,355.24,355.24,355.24,0.2
1448711100000,355.84,355.31,355.31,355.84,17.2445
1448711220000,356.15,356.14,356.14,356.15,7.8055
1448711280000,356.15,356.15,356.15,356.15,0.12
1448711340000,356.39,356.39,356.39,356.39,0.01
1448711460000,356.39,356.36,356.36,356.39,0.22
1448711520000,356.39,356.37,356.38,356.37,0.57899536
1448711640000,356.39,356.37,356.37,356.39,1.6616909
1448711820000,356.37,356.37,356.37,356.37,0.5
1448711880000,356.5,356.5,356.5,356.5,0.1260839
1448711940000,356.5,356.5,356.5,356.5,0.4
1448712060000,356.66,356.5,356.5,356.66,0.69051412
1448712180000,356.52,356.52,356.52,356.52,0.18
1448712240000,356.51,356.51,356.51,356.51,0.5
1448712360000,356.58,356.57,356.57,356.58,1.42324443
1448712540000,355.73,355.73,355.73,355.73,0.1
1448712600000,356.34,355.78,356.34,355.82,0.91422336
1448712780000,356.29,356.26,356.29,356.26,5.66177413
1448712960000,355.74,355.73,355.74,355.73,2.5154
1448713020000,355.44,353.9,355.44,354,36.73396822
1448713080000,355.07,353.73,353.75,354.06,34.56623937
1448713140000,355.06,355.06,355.06,355.06,9.3504
1448713200000,354.65,354.65,354.65,354.65,0.05
1448713320000,354.77,354.62,354.77,354.62,9.3
1448713380000,354.62,354.59,354.62,354.61,8.52821207
1448713440000,354.63,354.63,354.63,354.63,0.5
1448713500000,354.63,353.98,354.63,354,20.45469
1448713560000,354,354,354,354,0.33
1448713620000,354.79,353.73,354.69,354.79,7.52940995
1448713680000,354.9,354.66,354.66,354.87,0.58136673
1448713740000,354.89,354.85,354.85,354.85,0.3382843
1448713800000,354.91,354.89,354.89,354.91,0.2433039
1448713860000,354.91,354.91,354.91,354.91,0.0766835
1448713920000,354.91,354.87,354.87,354.91,0.28556442
1448713980000,354.9,354.9,354.9,354.9,0.03
1448714040000,354.91,354.91,354.91,354.91,0.07645012
1448714100000,354.91,354.91,354.91,354.91,0.5284454
1448714160000,355.49,355.35,355.37,355.47,13.65428822
1448714220000,355.41,355.4,355.4,355.41,2
1448714280000,355.67,355.67,355.67,355.67,0.01000008
1448714580000,354.78,354.78,354.78,354.78,0.07435502
1448714640000,355.07,355.07,355.07,355.07,0.07772787
1448714700000,355.63,355.52,355.63,355.52,0.27604862
1448714760000,355.48,355.37,355.48,355.37,0.27396294
1448714820000,355.41,355.35,355.41,355.35,0.02710234
1448714880000,355.46,355.46,355.46,355.46,0.3492
1448715000000,355.56,355.56,355.56,355.56,0.0515
1448715060000,355.56,355.55,355.56,355.55,0.48735549
1448715120000,355.55,355.55,355.55,355.55,0.11639328
1448715180000,355.56,355.55,355.55,355.56,1.10426825
1448715240000,354.98,354.13,354.98,354.2,148.88057329
1448715300000,354.14,351.77,354.14,352.12,333.77342462
1448715360000,353,352.05,352.12,352.78,79.19298341
1448715420000,352.99,352.97,352.97,352.99,4.93802409
1448715480000,353.86,353,353,353.86,41.45509282
1448715540000,353.85,352.49,353.59,352.76,176.07
1448715600000,352.48,352.2,352.47,352.23,63.47499314
1448715660000,352.48,352.29,352.48,352.3,5.84
1448715720000,353.17,352.4,352.48,352.49,13.47
1448715780000,353.64,353.27,353.64,353.27,3.4
1448715840000,353.37,352.78,353.37,352.78,1.8
1448715900000,352.78,352.07,352.78,352.07,261.37127323
1448715960000,353.2,352.01,353.2,352.01,55.11403
1448716020000,352.26,351.11,352.02,351.42,462.5674075
1448716080000,353.11,351.11,351.96,351.95,244.78958611
1448716140000,352.83,351.69,351.95,352.48,56.2655
1448716260000,352.53,352.53,352.53,352.53,0.05
1448716320000,352.98,352.74,352.74,352.98,10.105
1448716380000,352.99,352.98,352.98,352.99,2.0495
1448716440000,352.97,352.96,352.97,352.96,5.0154
1448716500000,353.05,352.72,352.99,353.04,12.0318
1448716620000,353.06,353.06,353.06,353.06,0.2
1448716680000,353.08,353.06,353.08,353.06,8.1140749
1448716740000,353.11,353.09,353.11,353.11,2.0154
1448716800000,353.11,353.11,353.11,353.11,2.252
1448716860000,353.31,353.11,353.11,353.31,4.5
1448716920000,353.32,353.3,353.3,353.32,4.05
1448716980000,353.32,353.31,353.32,353.31,5
1448717040000,353.5,353.44,353.44,353.49,25.95
1448717100000,353.53,353.42,353.42,353.53,0.34
1448717160000,353.77,353.42,353.77,353.42,2.3573
1448717220000,353.42,353.42,353.42,353.42,0.39131842
1448717340000,353.77,353.43,353.77,353.43,3.5218437
1448717460000,353.41,353.41,353.41,353.41,0.15
1448717520000,353.43,353.43,353.43,353.43,1
1448717580000,353.43,353.41,353.41,353.43,2.24340382
1448717640000,353.57,353.56,353.57,353.56,12.5
1448717820000,353.77,353.77,353.77,353.77,0.01264
1448717880000,354.93,353.77,354.61,354.58,13.0027862
1448718000000,354.98,354.65,354.9,354.65,0.3
1448718060000,354.95,354.38,354.95,354.38,0.19
1448718240000,354.5,354.5,354.5,354.5,0.05
1448718300000,354.84,354.84,354.84,354.84,0.85888298
1448718420000,354.98,354.84,354.84,354.85,2.16111702
1448718480000,354.86,354.08,354.86,354.13,3.81888298
1448718540000,354.77,353.96,354.13,354.01,5.66
1448718600000,354.03,353.79,354.02,353.79,1.12
1448718660000,354.08,353.93,353.93,354.08,0.19
1448718720000,354.26,354.09,354.09,354.23,0.56
1448718780000,354.86,354.21,354.23,354.24,1.19
1448718840000,354.22,354.21,354.22,354.21,0.28
1448718900000,354.69,353.92,354.21,353.92,0.77
1448718960000,353.96,353.18,353.92,353.2,29.63369618
1448719020000,353.47,353.39,353.4,353.47,1.2
1448719080000,353.55,353.48,353.48,353.5,1.88090146
1448719140000,353.5,353.4,353.5,353.4,0.22
1448719200000,354.06,353.39,353.43,353.39,13.5048
1448719260000,353.4,353.39,353.4,353.4,4.45
1448719320000,353.4,353.39,353.4,353.39,1.06
1448719380000,353.4,353.39,353.39,353.39,0.60319968
1448719440000,353.4,353.39,353.39,353.39,0.76
1448719500000,353.4,353.39,353.39,353.39,3.37
1448719560000,353.4,353.04,353.39,353.39,7.18
1448719620000,353.4,352.05,353.04,352.06,109.15498402
1448719680000,352.99,352.16,352.16,352.26,7.62443
1448719740000,352.68,352.44,352.65,352.68,20.68502929
1448719800000,352.65,352.64,352.64,352.65,1.6
1448719860000,353.52,352.65,352.65,353.52,9.1752
1448720040000,353.4,353.4,353.4,353.4,0.05
1448720160000,354.01,354.01,354.01,354.01,0.05
1448720280000,354.76,354.01,354.1,354.52,80.58212487
1448720340000,354.06,354.06,354.06,354.06,0.9527
1448720400000,354.82,354.47,354.47,354.81,54.8479
1448720520000,355.01,354.88,354.89,355.01,14.043811
1448720580000,355.58,355.07,355.12,355.57,23.1
1448720640000,355.96,355.54,355.57,355.59,59.11325677
1448720700000,355.92,355.92,355.92,355.92,7.01
1448720760000,355.99,355.65,355.92,355.92,9.06729404
1448720820000,356,355.58,355.58,356,9.77705589
1448720940000,355.67,355.67,355.67,355.67,2
1448721000000,355.67,355.67,355.67,355.67,0.25
1448721060000,355.95,355.58,355.67,355.95,1.57057431
1448721120000,355.58,355.57,355.58,355.57,26.05840891
1448721180000,355.97,355.94,355.95,355.97,0.67
1448721240000,355.95,355.95,355.95,355.95,0.2
1448721360000,355.76,355.57,355.76,355.57,25.04050273
1448721420000,355.58,355.57,355.58,355.57,25
1448721480000,355.9,355.57,355.57,355.9,1.81080534
1448721540000,355.6,355.57,355.6,355.57,25
1448721720000,355.88,355.57,355.6,355.88,17.41113265
1448721780000,355.91,355.9,355.9,355.91,2.57137028
1448721900000,355.74,355.74,355.74,355.74,0.1
1448721960000,355.71,355.71,355.71,355.71,0.05
1448722020000,355.57,355.57,355.57,355.57,0.4
1448722080000,355.57,355.57,355.57,355.57,0.05146
1448722200000,355.62,355.62,355.62,355.62,0.05146
1448722260000,355.65,355.62,355.62,355.65,4.65607781
1448722560000,355.57,355.57,355.57,355.57,1
1448722680000,355.58,355.57,355.58,355.57,0.16072575
1448722740000,355.57,355.5,355.57,355.5,12.6499
1448722860000,355.51,355.5,355.51,355.5,1.35689
1448722920000,355.5,355,355.5,355,10.3434
1448722980000,355,355,355,355,36.993
1448723040000,355,355,355,355,8.37
1448723100000,355,355,355,355,43.01
1448723160000,355,355,355,355,28.0914
1448723220000,355,355,355,355,34.26
1448723280000,355.01,355,355,355.01,4.84
1448723340000,355.01,355,355.01,355.01,0.79510991
1448723400000,355,355,355,355,20
1448723460000,355.01,355,355,355,13.31
1448723520000,355,355,355,355,29.161
1448723640000,355,355,355,355,0.66564451
1448723760000,355,355,355,355,44.381
1448723820000,355,355,355,355,7.0302
1448724000000,355,355,355,355,5.2
1448724180000,355.01,355.01,355.01,355.01,5.29498805
1448724240000,355.02,355.02,355.02,355.02,0.51
1448724300000,355.31,355.15,355.31,355.16,1.11
1448724420000,355.3,355.09,355.3,355.09,1.47465118
1448724480000,355.17,355.17,355.17,355.17,0.1
1448724540000,355.17,355.17,355.17,355.17,0.18
1448724600000,355,355,355,355,0.02
1448724780000,355,355,355,355,0.01
1448724840000,355.1,353.72,355.1,354.25,85.05688631
1448724900000,354.09,353.71,353.99,354.09,7.99033734
1448724960000,354.09,353.82,354.09,353.82,0.13
1448725020000,353.99,353.98,353.99,353.98,6.3
1448725080000,354.06,353.8,353.8,354.05,14.17
1448725140000,354.21,354.2,354.21,354.21,6.36
1448725200000,354.27,354.27,354.27,354.27,5
1448725260000,354.03,354.02,354.03,354.02,6.02
1448725320000,353.96,353.96,353.96,353.96,0.01
1448725380000,354.83,354.28,354.29,354.74,120
1448725500000,354.36,354.36,354.36,354.36,0.21887888
1448725680000,355,354.98,355,355,10
1448725740000,355.58,355,355.18,355,20
1448725860000,355,355,355,355,1.5
1448725920000,355.58,354.97,355,355.58,14.27221427
1448725980000,355.6,355.56,355.6,355.56,0.396
1448726040000,355.25,354.99,355.24,354.99,3.32
1448726220000,355.3,355.3,355.3,355.3,4
1448726340000,355.15,355.12,355.15,355.12,0.12895876
