1559145600000,8717.64376325,8702.3,8717.64376325,8702.3,7.96730661
1559145660000,8706.2,8683.1,8702.4,8683.12152868,22.31980528
1559145720000,8708.5,8683.2,8683.2,8702.4,11.80959692
1559145780000,8703.8,8692.6,8703.7,8692.6,3.33630185
1559145840000,8700.1,8692.7,8692.7,8696,2.46384014
1559145900000,8697.1,8696,8696.1,8697.1,2.48207872
1559145960000,8696.2,8696,8696,8696,0.23137714
1559146020000,8696,8681,8696,8681,9.02837981
1559146080000,8684.1,8670.5,8681,8670.5,22.09588746
1559146140000,8670.5,8667.3,8670.5,8667.4,22.46368277
1559146200000,8679.9,8667,8667.3,8679.1,15.35641174
1559146260000,8679.3,8672.2,8679.3,8672.2,4.72019135
1559146320000,8678.1,8667,8672.2,8676.3,3.58015337
1559146380000,8677.4,8668.2,8672.9,8668.2,4.21649784
1559146440000,8681,8668.5,8671.8,8681,4.23507328
1559146500000,8691.6,8671,8683,8674.5,18.1814472
1559146560000,8684.8,8674.53641908,8674.53641908,8684.2,6.70078657
1559146620000,8685,8681.3,8681.5,8685,3.95586606
1559146680000,8695.69572633,8685.9,8685.9,8690.1,14.91000811
1559146740000,8691,8690,8690,8690.9,3.49346684
1559146800000,8691,8690,8691,8690.1,11.34388729
1559146860000,8690.1,8676.3,8690,8676.3,1.96461734
1559146920000,8680.4,8676.2,8676.29539919,8680.1,14.98134689
1559146980000,8681.7,8680,8680.1,8681.6,0.51012504
1559147040000,8690.8,8680.3,8681.6,8690,7.79358546
1559147100000,8693,8690,8690.1,8691.4,0.69369104
1559147160000,8693,8691.8,8692,8693,1.105
1559147220000,8710,8693,8693,8709.80288276,12.37409538
1559147280000,8711,8708.9,8709.4,8710.92054677,1.18147581
1559147340000,8711.2,8710.9,8711,8711.2,0.81270254
1559147400000,8712.7,8711.14330113,8711.2,8712.7,1.02887936
1559147460000,8714.8,8712.6,8712.7,8714.8,3.51284661
1559147520000,8720,8714.8,8714.8,8719.94209827,12.29651618
1559147580000,8725,8719.9,8720,8725,4.27169029
1559147640000,8735,8725,8725,8735,5.13032213
1559147700000,8735,8727,8735,8729.6,1.32986038
1559147760000,8729.6,8724.9,8729.6,8727,1.02378784
1559147820000,8728,8724.9,8727.84987798,8724.9,1.34403139
1559147880000,8730,8724.9,8725,8725,2.06677416
1559147940000,8730,8727.7,8727.7,8730,0.24952596
1559148000000,8730.9,8729.9,8730,8730.9,0.562447
1559148060000,8732,8725,8730.9,8728.3,24.07986105
1559148120000,8728.8,8725.2,8728.8,8727.1,0.14422882
1559148180000,8730,8727.1,8727.1,8728.3,0.68906182
1559148240000,8728.9,8725.3,8728.3256054,8728.2,2.1506251
1559148300000,8727.4,8726.4,8727.2,8727.4,2.94632974
1559148360000,8730,8727.4,8727.4,8730,0.47097795
1559148420000,8731,8729.9,8730,8731,2.73303729
1559148480000,8731.9,8730.9,8730.9,8731.9,6.94070145
1559148540000,8741.8,8732,8732,8741.8,4.02542185
1559148600000,8748,8741.4,8741.4,8746.4,20.8079838
1559148660000,8747.2,8744.2,8744.7,8746.5,5.61578265
1559148720000,8748,8746.9,8747.8,8747,3.81202065
1559148780000,8748,8747,8747,8748,0.35355285
1559148840000,8760,8748,8748,8756.7,19.26966578
1559148900000,8758.5,8751.8,8756.7,8751.8,6.8708162
1559148960000,8758.4,8745.7,8751.8,8747,11.57289951
1559149020000,8747.2,8745,8745.97750278,8745,0.86328752
1559149080000,8745.08670362,8739.6,8745,8740.6,3.33900962
1559149140000,8744.4,8739,8740.6,8742.3,4.57784616
1559149200000,8747,8741.7,8742.3,8744.3,1.42531357
1559149260000,8751,8745.4,8745.6,8751,1.49368438
1559149320000,8751,8743.1,8751,8748.5,2.07540482
1559149380000,8746.3,8743.1,8743.1,8745.2,0.65110194
1559149440000,8750,8745.8,8745.8,8747,7.79856772
1559149500000,8747.1,8741,8746.9,8741,0.25728245
1559149560000,8741,8740,8741,8740,0.22823098
1559149620000,8740.1,8740,8740.1,8740,1.04752422
1559149680000,8740.1,8740,8740,8740,1.07914952
1559149740000,8740.1,8726,8740,8726,8.98935592
1559149800000,8726.1,8725.5,8726,8725.59783834,0.33837341
1559149860000,8725.59783834,8710,8725.5,8715.9,20.51540825
1559149920000,8722,8715.6,8716,8722,0.77683396
1559149980000,8726,8721.2,8722,8722.2,0.33781211
1559150040000,8723.9110992,8716.6,8722.7,8718.6,1.98271011
1559150100000,8717.8,8717.5,8717.5,8717.5,1.01589149
1559150160000,8719.8,8717.5,8717.5,8719.8,1.58530737
1559150220000,8722.8,8720.6,8720.6,8722.8,2.349336
1559150280000,8726.8,8721.9,8721.9,8726.8,1.83157836
1559150340000,8728,8726.8,8726.8,8728,0.69800714
1559150400000,8728.9,8727.6,8728,8727.6,1.2626508
1559150460000,8727.6,8718.5,8727.6,8718.6,0.95193919
1559150520000,8722.4,8718,8718.6,8718.3,0.91721952
1559150580000,8718.1,8716,8718.1,8716,0.55046794
1559150640000,8717.9,8716.7,8717.6,8717.9,0.41572328
1559150700000,8718.2,8713.8,8717.9,8716.7,4.33096236
1559150760000,8719.6,8714.8,8716.7,8719.5,1.93955239
1559150820000,8719.8,8717,8719.8,8717,0.42586224
1559150880000,8716.1,8713,8715.3,8713,2.60648505
1559150940000,8713.5,8711,8713,8712.2,1.68326251
1559151000000,8712.3,8711,8712,8711,1.8207113
1559151060000,8713.9,8710.1,8711,8713.2,2.17321512
1559151120000,8723,8712.9,8713.9,8717.3,6.99247228
1559151180000,8723,8717.5,8720.5,8719.2,0.54688898
1559151240000,8723,8719.7,8720.3,8722.7,0.73504537
1559151300000,8723,8720.6,8722,8723,0.38754181
1559151360000,8724.6,8722.9,8722.9,8724.6,4.98249651
1559151420000,8725,8724.7,8724.8,8724.9,2.05905725
1559151480000,8737.9,8725,8725,8735,9.87612958
1559151540000,8735,8728.9,8734.9,8732.1,0.50424641
1559151600000,8733.4,8728.9,8733.4,8728.9,0.81416408
1559151660000,8729.65161804,8728,8729.65161804,8728.4,1.2764089
1559151720000,8728.4,8724,8728.4,8725.5,2.47086778
1559151780000,8725.5,8724,8725.5,8725.1,0.96561576
1559151840000,8725.08770546,8716,8725.08770546,8716,9.24740638
1559151900000,8716.5,8713.2,8716.5,8713.5545837,8.56887422
1559151960000,8714.5588386,8713.2,8713.5,8713.2,3.43079731
1559152020000,8714.3,8713.2,8713.2,8713.2,0.63705526
1559152080000,8713.2,8706.1076351,8713.2,8706.1076351,12.86287586
1559152140000,8709,8706.1076351,8706.1076351,8709,2.48407196
1559152200000,8708.9,8700.3,8708.8,8704,11.847676
1559152260000,8707.2,8690.7,8704.5,8696.7558308,23.2599691
1559152320000,8702,8690.7,8697.2,8702,7.17805066
1559152380000,8706.2189913,8701.8,8702,8706.2,0.84416001
1559152440000,8707.9,8704.1,8704.1,8706,1.62220027
1559152500000,8705.9963287,8705.9,8705.9,8705.9,1.13711959
1559152560000,8705.9,8702,8705.9,8704.35550244,0.49051772
1559152620000,8702.1,8692.1,8702.1,8697.7,9.72376404
1559152680000,8698.4258003,8691,8698.1,8691,1.42290455
1559152740000,8691,8680,8691,8680.9,3.34445447
1559152800000,8692.3,8680.9,8681,8690.7,23.83572986
1559152860000,8702,8690.6,8690.6,8697.5,2.24169421
1559152920000,8698.4,8692.2,8698.4,8695,0.81313546
1559152980000,8695,8687,8695,8690.5,5.50561008
1559153040000,8690.6,8690,8690.5089659,8690.6,2.019084
1559153100000,8691,8687.1,8690.5,8687.2,0.6374768
1559153160000,8689.9,8687.1,8687.2,8687.1,0.35513464
1559153220000,8688.6,8675,8687.2,8678.4,11.04798206
1559153280000,8682.3,8674.5,8680.7411438,8678.4,15.64798233
1559153340000,8692,8679.9,8679.9,8687.3,4.642975
1559153400000,8690,8687.3,8687.3,8690,0.07871715
1559153460000,8691.6,8679.9,8691.5,8679.9,21.9447719
1559153520000,8680,8679.9,8680,8679.9,3.28120942
1559153580000,8683,8679.9,8679.9,8682.9,5.04180994
1559153640000,8683,8680.2,8682.9,8680.2,9.55562565
1559153700000,8679.9,8674.9,8679.9,8679.9,23.1462505
1559153760000,8691.1,8679.9,8679.9,8690.4,12.74459145
1559153820000,8692,8689.24624448,8689.4,8692,4.93100189
1559153880000,8692,8691.4,8691.9,8691.4,2.04386172
1559153940000,8691.5,8686,8691.5,8691.5,13.00997954
1559154000000,8691.5,8691.4,8691.4,8691.5,0.17525278
1559154060000,8691.5,8686,8691.5,8687.7,2.04356956
1559154120000,8691.5,8691.4,8691.4,8691.5,0.38132642
1559154180000,8691.5,8687.6,8691.4,8689.9,8.93989994
1559154240000,8689.8,8679.8,8689.8,8679.8,14.64327365
1559154300000,8679.9,8679.9,8679.9,8679.9,1.82008252
1559154360000,8679.9,8679.8,8679.9,8679.8,1.05085737
1559154420000,8683.9,8675.2,8679.5,8680.5,19.76493925
1559154480000,8684,8676.5,8679.6,8683.1,1.90102973
1559154540000,8682.3,8678.2,8682.3,8678.6,11.32246252
1559154600000,8679,8678.7,8678.9,8679,1.08541353
1559154660000,8679,8677.9,8679,8678,8.19893273
1559154720000,8680,8677.94136953,8677.94136953,8680,1.74756581
1559154780000,8691,8679.9,8679.9,8691,3.08840295
1559154840000,8698,8691,8691,8698,3.65652306
1559154900000,8704,8698,8698,8703.7,9.08251775
1559154960000,8703.8020779,8699.7,8703.8,8700.1,4.00042382
1559155020000,8702,8699.8,8699.8,8700.3,0.42505058
1559155080000,8703,8695,8700.3,8703,1.15770304
1559155140000,8703,8695.1,8703,8695.1,0.51304009
1559155200000,8699,8695,8696.6,8699,0.41426924
1559155260000,8698,8695,8695.1,8696.9,1.23400362
1559155320000,8702,8691.4,8698,8691.4,3.72148876
1559155380000,8691,8661,8691,8674.4,27.49993916
1559155440000,8678.4,8671.1,8676.4,8676.2,3.55873621
1559155500000,8681,8676.2,8676.2,8681,0.69375098
1559155560000,8679.3,8667.2,8679.3,8673,7.18165194
1559155620000,8673.1,8667,8673.1,8669.2,0.62595111
1559155680000,8669.9,8666,8668.4,8669,0.31681583
1559155740000,8669,8666,8668.3,8669,0.4290428
1559155800000,8680.9,8669,8669,8672.6,9.71005925
1559155860000,8686.7977939,8673.5,8674.2,8680.7,3.27368763
1559155920000,8684,8676.8,8676.8,8683.9,1.41741365
1559155980000,8684,8680.1,8683.9,8680.5,0.16910766
1559156040000,8684,8682.8,8682.9,8684,6.1255927
1559156100000,8686.9,8683.9,8684,8686.9,5.12191907
1559156160000,8687,8686.9,8686.9,8686.9,0.29764606
1559156220000,8687,8686.9,8687,8686.9,0.054259
1559156280000,8687,8686.9,8686.9,8687,0.07317
1559156340000,8687,8687,8687,8687,0.08807095
1559156400000,8687,8686.9,8687,8686.9,0.77850152
1559156460000,8689,8687,8687,8688.9,0.50199288
1559156520000,8690,8688.9,8689,8690,0.22321861
1559156580000,8696.1,8690,8690,8692.2,2.39442726
1559156640000,8692.2,8692.2,8692.2,8692.2,0.06
1559156700000,8694.9,8692.2,8692.2,8694.9,0.08
1559156760000,8694.9,8694.8,8694.9,8694.9,1.31445219
1559156820000,8695,8694.9,8694.9,8695,0.26618911
1559156880000,8697,8695,8695,8697,2.31909124
1559156940000,8697.06550296,8696.9,8697,8697,0.07058034
1559157000000,8699,8697.06547301,8697.06547301,8699,1.02636931
1559157060000,8699.9,8698.95797868,8698.95797868,8699.9,0.020492
1559157120000,8703,8699.95989345,8699.95989345,8703,5.32144112
1559157180000,8704,8702.9,8703,8704,1.50654834
1559157240000,8704,8703.9,8704,8703.9,0.4109228
1559157300000,8705.2,8703.9,8704,8705.2,1.55144581
1559157360000,8705.2,8705.1,8705.1,8705.2,0.35188404
1559157420000,8705.9,8705.1,8705.19211501,8705.1,1.05018536
1559157480000,8705.2,8705.1,8705.1,8705.16805788,0.51461295
1559157540000,8705.2,8705.1,8705.2,8705.1,3.26687717
1559157600000,8705.50203282,8703.9,8705.1,8704.9,2.53775243
1559157660000,8706,8704.9,8704.9,8706,0.81520987
1559157720000,8708.61913223,8706,8706,8708.61913223,5.76140089
1559157780000,8709,8708.50780725,8708.61913223,8709,0.57890223
1559157840000,8709,8709,8709,8709,0.106
1559157900000,8709,8709,8709,8709,0.09149117
1559157960000,8709,8708.9,8708.9,8708.9,0.22254482
1559158020000,8710,8708.9,8709,8709.95503198,0.84960627
1559158080000,8710.8,8710,8710,8710.8,0.84386289
1559158140000,8719,8710.72962979,8710.8,8718.9,15.72925505
1559158200000,8719.5,8713.3,8719.5,8718,1.72869831
1559158260000,8719,8717.9,8718.9,8718.9,0.62989823
1559158320000,8719.5,8718.9,8719,8719.4,0.20842032
1559158380000,8723,8719.41308447,8719.41308447,8723,2.13327474
1559158440000,8728.31919183,8723,8723,8725.9,15.1418861
1559158500000,8725.9,8725,8725.9,8725,1.1839593
1559158560000,8725.6,8708.5,8725.2,8715.6,16.33271774
1559158620000,8716.8,8715.62798884,8715.62798884,8716.2,1.11938248
1559158680000,8716.2,8716.1,8716.2,8716.1,0.56580676
1559158740000,8716.2,8716.2,8716.2,8716.2,0.06
1559158800000,8716.2,8716.1,8716.17637079,8716.2,0.12820737
1559158860000,8716.2,8716.1,8716.2,8716.1,0.33474296
1559158920000,8716.2,8710,8716.17637079,8712.4,6.45519332
1559158980000,8712.5,8708,8712.5,8708.1,10.71664398
1559159040000,8708.1,8708,8708,8708,0.9589633
1559159100000,8708,8708,8708,8708,1.861134
1559159160000,8708.1,8708,8708.1,8708,0.3039813
1559159220000,8708.3,8708,8708.1,8708.3,1.54496453
1559159280000,8708.3,8708,8708.3,8708,8.225073
1559159340000,8708.1,8708,8708.0903085,8708,0.13580685
1559159400000,8708,8708,8708,8708,0.28179056
1559159460000,8708,8708,8708,8708,5.93509771
1559159520000,8708.1,8708,8708.0903085,8708.0903085,0.16739644
1559159580000,8708.1,8708,8708.0903085,8708.1,3.36160089
1559159640000,8708.1,8708,8708,8708,0.4526638
1559159700000,8708.1,8708,8708.0903085,8708,0.79080232
1559159760000,8708.3,8708.1,8708.1,8708.3,0.362565
1559159820000,8708.3,8708.2,8708.3,8708.3,0.05486888
1559159880000,8708.3,8708.2,8708.3,8708.3,0.29418042
1559159940000,8716,8708.3,8708.3,8716,7.36829055
1559160000000,8721.7,8715.99974255,8715.99974255,8721.7,3.21412784
1559160060000,8726.5,8721.67712054,8721.7,8726.5,6.03082612
1559160120000,8730,8726.5,8726.5,8730,5.91825024
1559160180000,8742,8729.9,8730,8742,4.46607959
1559160240000,8742,8741.9,8742,8742,8.75749755
1559160300000,8742,8725.1,8742,8725.1,4.17906386
1559160360000,8727.91110421,8725.23939692,8725.23939692,8727.91110421,0.25252038
1559160420000,8730,8729,8729,8730,0.20272072
1559160480000,8732.96517533,8729.9,8730,8732.96517533,2.7711221
1559160540000,8733,8732.9477718,8733,8733,0.11760664
1559160600000,8738,8733,8733,8738,1.24185826
1559160660000,8738,8731.4,8737.9646628,8732.2,2.05859041
1559160720000,8735.6,8731.6,8731.6,8735.6,0.85246495
1559160780000,8736,8730.4,8735.7,8730.4,0.3763184
1559160840000,8731.9443936,8730.758583,8730.758583,8731.9443936,0.1209214
1559160900000,8732,8732,8732,8732,0.01027144
1559160960000,8732,8731.9443936,8731.9443936,8731.9631267,0.10109997
1559161020000,8731.9631267,8728,8731.9631267,8728.022097,1.51109931
1559161080000,8730.9,8716.04168522,8728.022097,8718.7,14.3583423
1559161140000,8718.8,8718.5,8718.7,8718.7,0.61064218
1559161200000,8718.8,8718.5,8718.8,8718.6,0.36608
1559161260000,8718.6,8713,8718.5,8713,1.84957233
1559161320000,8713,8696,8713,8696,96.19215713
1559161380000,8696.1,8696,8696,8696.0176916,0.19078508
1559161440000,8708.3,8696.0176916,8696.08043034,8708.3,6.81752831
1559161500000,8708.3,8701.5,8708.3,8702.1,1.53753271
1559161560000,8708,8703.2,8703.3,8708,3.21804195
1559161620000,8707.9682845,8707.9682845,8707.9682845,8707.9682845,0.035
1559161680000,8708,8707.9,8708,8708,0.10329003
1559161740000,8709,8707.9821192,8708,8709,0.8889995
1559161800000,8709,8708.9518547,8708.9518547,8709,0.015
1559161860000,8709,8705.3,8709,8706.2,1.065
1559161920000,8707.9,8705.9,8706.3,8706.39069303,6.04136628
1559161980000,8706,8705,8706,8705.8,0.58842207
1559162040000,8705.49985419,8703,8705.49985419,8703,0.21229467
1559162100000,8703.05004738,8703,8703.05004738,8703,1.11662403
1559162160000,8703.1,8703,8703.1,8703,0.21165085
1559162220000,8703.1,8700,8703.1,8700,0.75865325
1559162280000,8700.0434663,8698,8700,8698,1.3911506
1559162340000,8698.1,8677.1,8698.02854638,8689.9,25.49862726
1559162400000,8687.00809735,8678.5,8687.00809735,8682.9,1.65250683
1559162460000,8686,8682.8,8682.9,8684.9,0.85788957
1559162520000,8687.6,8685.2,8686,8685.2,9.67164322
1559162580000,8685.33833234,8677.0763838,8685.33833234,8680.7,2.30843708
1559162640000,8681,8677.0763838,8678.9,8679.4,3.25827932
1559162700000,8679.7,8625.33810983,8679.7,8642.053971,58.58478962
1559162760000,8656.9,8629.34554584,8647.4,8655,27.44636999
1559162820000,8654.9,8650.8,8654.9,8651.1,1.03392865
1559162880000,8665,8651.1,8651.1,8662.7,5.57293223
1559162940000,8660.3,8645.25539618,8660.3,8652.9,3.03786075
1559163000000,8654.9672354,8648.3,8653,8649.3,1.89072512
1559163060000,8649.3102748,8646.36844276,8649.3,8646.36844276,3.51422407
1559163120000,8649.9,8640.3,8646.3,8649.9,11.23966156
1559163180000,8650,8646.8,8648.9,8646.9,4.2072131
1559163240000,8656.9,8646.1,8646.9,8656.9,3.81862166
1559163300000,8669,8656.8,8656.9,8669,14.47771723
1559163360000,8675,8667.7,8669,8673,2.0386691
1559163420000,8675.7,8672.5,8672.5,8674.1,1.34593795
1559163480000,8674.4,8673.2,8674.4,8674.2,0.46951739
1559163540000,8674.1,8674,8674.1,8674.1,1.20076147
1559163600000,8674.1,8674,8674,8674,1.47370913
1559163660000,8674.1,8674.1,8674.1,8674.1,0.136
1559163720000,8674.1,8674,8674,8674,0.63246429
1559163780000,8674,8665,8674,8665,6.10459495
1559163840000,8665.1,8664,8665.1,8664,0.568803
1559163900000,8664.1,8662,8664,8662,1.37039402
1559163960000,8674.1,8662,8662,8674.1,2.35864631
1559164020000,8674.1,8674,8674.1,8674.1,0.41939368
1559164080000,8685,8674.1,8674.1,8685,5.84555883
1559164140000,8685.6,8684.9,8684.9,8685.6,4.57429006
1559164200000,8685.6,8685.5196904,8685.6,8685.6,0.53563592
1559164260000,8687,8685.5,8685.6,8687,0.72772137
1559164320000,8688,8687,8687,8687.9,0.86590793
1559164380000,8688,8687,8688,8688,0.35901416
1559164440000,8688,8687.9,8688,8688,0.97763446
1559164500000,8695,8687.9,8688,8695,3.45298378
1559164560000,8698,8695,8695,8698,1.81036609
1559164620000,8703,8698,8698,8703,4.03992179
1559164680000,8708,8702.9772792,8702.9772792,8707.9,3.22937746
1559164740000,8707.9,8699.3,8707.9,8703,2.08918963
1559164800000,8706.3,8699.4,8701.2,8699.4,4.72706662
1559164860000,8701,8699.1,8699.4,8700.2,0.34397303
1559164920000,8703,8700.5,8700.5,8703,0.35268422
1559164980000,8703.09241638,8702.86974263,8702.86974263,8703.09241638,0.90802023
1559165040000,8703,8698.1,8703,8699.5,1.75612474
1559165100000,8699.5,8698,8698,8699.5,1.7023167
1559165160000,8699.5,8698.3,8699.5,8698.4,0.41943947
1559165220000,8698.3,8697.03651115,8698.3,8697.03651115,1.23113264
1559165280000,8697.03651115,8693.8,8697.03651115,8693.8,3.00908144
1559165340000,8693.8,8693.07126971,8693.8,8693.07126971,0.26478561
1559165400000,8693.1,8693,8693.07126971,8693,0.3953487
1559165460000,8696,8692.1,8693.047504,8696,1.18660483
1559165520000,8697,8696,8696,8697,0.37710824
1559165580000,8701,8696.8,8696.96927709,8701,1.68245494
1559165640000,8705,8701,8701,8705,3.14580097
1559165700000,8705.2,8700,8704.9,8700.3,2.07107118
1559165760000,8702.76057434,8701.1,8701.1,8702.76057434,0.0198022
1559165820000,8704,8700.2571072,8702.9036704,8700.2571072,0.3021564
1559165880000,8708.5,8700.3,8700.3,8707.17277405,5.98976442
1559165940000,8707.17277405,8703.6,8707.17277405,8703.8,2.67683635
1559166000000,8704.3,8700,8703.8,8700,0.49637997
1559166060000,8697.2,8694.2,8697.15277466,8694.3,1.40880081
1559166120000,8694.3,8693,8694.3,8693,3.35991323
1559166180000,8693,8692.9,8692.92210048,8692.9,0.59420599
1559166240000,8695,8690,8693,8690,52.69498292
1559166300000,8690.02742867,8690,8690,8690,12.39638682
1559166360000,8690,8681.9,8690,8684.7,7.08542337
1559166420000,8684.8,8680.1,8684.79475272,8682,0.56040379
1559166480000,8681.7,8680,8681.7,8681.1,0.54688082
1559166540000,8682,8679,8680.2,8682,1.94570722
1559166600000,8682.8,8680,8681.7,8680.1,1.84585054
1559166660000,8682.8,8680,8681.7,8680,8.94953361
1559166720000,8680.1,8680,8680,8680.1,20.43094287
1559166780000,8682.8,8680.1,8680.1,8682.8,0.10320282
1559166840000,8682.8,8682.5,8682.5,8682.8,2.1788
1559166900000,8682.8,8682.7,8682.8,8682.7,0.5
1559166960000,8685,8682.8,8682.8,8685,4.73708345
1559167020000,8689,8686,8686,8689,0.40311775
1559167080000,8689,8685.9,8686,8686,3.29222988
1559167140000,8686,8685.9,8685.9,8685.9,0.37253726
1559167200000,8686,8685.9,8685.9,8686,0.01845945
1559167260000,8689,8685.9,8686,8689,0.94623557
1559167320000,8689,8688.91186089,8688.91186089,8689,0.04963504
1559167380000,8688.91186089,8688.3,8688.91186089,8688.5,9.15360232
1559167440000,8693,8688.4,8688.4,8692.9,18.25224482
1559167500000,8705.39471043,8692.9,8692.9,8705.39471043,8.54441242
1559167560000,8705.5,8701.9,8705.5,8703.6,0.15354428
1559167620000,8702.1,8702.1,8702.1,8702.1,0.07757893
1559167680000,8706,8702.1,8702.1,8703.03594536,1.27895542
1559167740000,8704.6,8703.1,8704,8704.6,1.2356
1559167800000,8706,8704.81774243,8706,8704.9,0.12047158
1559167860000,8716,8704.9,8704.9,8712.9,22.37563738
1559167920000,8712.9,8712.7,8712.9,8712.8,0.055
1559167980000,8714.6,8712.7,8712.7,8714.6,1.7814935
1559168040000,8715.2,8713.2,8713.7,8715.2,0.30549356
1559168100000,8716,8714.8,8715.06302794,8716,2.83309107
1559168160000,8718,8716,8716,8718,2.10159066
1559168220000,8720,8718,8718,8719.9,3.20700608
1559168280000,8721,8719.9,8719.9,8721,0.36157139
1559168340000,8720.2,8720.1,8720.18125368,8720.2,0.61581343
1559168400000,8734.43301953,8707,8720.2,8711.5,31.01377118
1559168460000,8717.8,8711.3,8711.4,8717.8,0.16228387
1559168520000,8712.5,8706.1,8712.5,8708.4,5.08993988
1559168580000,8734.4,8706.5,8708.8,8721.6,22.22413891
1559168640000,8722.2,8714.3,8722.2,8714.3,3.3
1559168700000,8730,8714.3,8717.2,8714.8,21.76925755
1559168760000,8718.2,8711.1,8714.4,8711.1,2.0654461
1559168820000,8718.4,8711.8,8712.1,8718.4,0.0426
1559168880000,8718.4,8712.5,8718.4,8712.5,4.21367279
1559168940000,8714.6,8710.1,8712.5,8710.1,3.27310501
1559169000000,8714,8710.14802903,8710.14802903,8714,0.26204964
1559169060000,8713.93417842,8708,8713.93417842,8713.7,1.0389729
1559169120000,8715,8708.1,8713.9,8715,3.25823455
1559169180000,8714.8,8709.8,8714.8,8714.8,0.16596075
1559169240000,8722,8714.8,8714.8,8721.9,3.70137653
1559169300000,8728.9,8722,8722,8723.5,7.58214499
1559169360000,8723.5,8722.8,8723.5,8723.2,2.76548599
1559169420000,8718.4,8718,8718,8718.4,0.0166
1559169480000,8716.8,8716.1,8716.8,8716.1,0.20833292
1559169540000,8716,8712,8716,8712,0.3224224
1559169600000,8713,8710,8712,8712.97761259,0.43959394
1559169660000,8713,8712.9,8713,8713,0.03044261
1559169720000,8713,8712.9,8713,8713,0.01621292
1559169780000,8712.97761259,8712,8712,8712.97761259,0.38698388
1559169840000,8713,8712.9,8712.9,8713,0.68675644
1559169900000,8711.3,8710,8711.3,8710.1,0.04608052
1559169960000,8710,8709.1,8710,8709.1,0.92172379
1559170020000,8709.1,8707.1,8709,8707.1,2.31445802
1559170080000,8707.1,8707,8707,8707.1,0.15774732
1559170140000,8708.1,8705,8707.13312009,8705,2.53265529
1559170200000,8705,8704,8705,8704.1,1.846062
1559170260000,8704,8702.9,8704,8703,1.46855853
1559170320000,8702.9,8700,8702.9,8700,33.55228632
1559170380000,8704,8700,8700.1,8704,4.01421134
1559170440000,8703.3,8700,8703.3,8700.1,24.78716534
1559170500000,8700.11672781,8700.1,8700.1,8700.1,0.195
1559170560000,8700.2,8700.1,8700.11672781,8700.2,1.9782176
1559170620000,8700.1,8700.1,8700.1,8700.1,0.25558863
1559170680000,8700.2,8687.7,8700.2,8692.4,23.08348741
1559170740000,8698,8685,8692.41266567,8692.4,31.26547097
1559170800000,8715.9,8692.1,8692.1,8704,23.24167733
1559170860000,8704,8704,8704,8704,0.445921
1559170920000,8704,8699.7,8704,8699.7,0.89620629
1559170980000,8711.8,8699.7,8699.7,8709.4,8.901443
1559171040000,8715.4,8708.5,8708.6,8715.3,1.8425
1559171100000,8715.4,8714.5,8714.6,8715.4,0.2325964
1559171160000,8715.4,8715.3,8715.4,8715.4,0.16254248
1559171220000,8715.4,8714.5,8715.3,8714.5,0.085
1559171280000,8714.9,8714.27935051,8714.6,8714.27935051,0.79401186
1559171340000,8714,8712.9,8712.94295833,8713.4,0.12556537
1559171400000,8713.5,8713.49982387,8713.49982387,8713.5,0.005
1559171460000,8713.49982387,8709.3,8713.4,8710.3,0.69186535
1559171520000,8712.9,8710.38157542,8710.38157542,8710.6,0.37658376
1559171580000,8711.1,8711.1,8711.1,8711.1,0.00504214
1559171640000,8713.3,8711.16113754,8711.16113754,8713.3,0.03943862
1559171700000,8712.9,8708,8712.9,8708,0.025
1559171760000,8708,8705,8708,8705.1,2.39501068
1559171820000,8707.9,8705.1,8705.1,8707.9,4.96618153
1559171880000,8708,8707.7,8708,8707.7,0.1426197
1559171940000,8707.68905247,8698,8707.68905247,8698.1,6.31802696
1559172000000,8698.1,8698.1,8698.1,8698.1,0.054
1559172060000,8698.1,8698,8698,8698.1,0.61300585
1559172120000,8698.1,8695.99594361,8698.1,8695.99594361,1.89854825
1559172180000,8693.7,8690,8693.6,8690,4.79018804
1559172240000,8693,8693,8693,8693,0.02299848
1559172300000,8697,8693,8693,8696.1,1.81291738
1559172360000,8696,8690.2,8696,8691,0.30134278
1559172420000,8692.9,8683,8692.9,8683,7.89356837
1559172480000,8683.05175353,8680,8683.05175353,8682.6,20.60623818
1559172540000,8683,8682.7,8682.7,8683,3.56157258
1559172600000,8684,8682.2,8684,8682.2,2.73279579
1559172660000,8680.1,8679,8680.1,8679,8.59152708
1559172720000,8679.01083417,8678,8679.01083417,8678,2.18851461
1559172780000,8678.00060433,8675.2,8678,8675.22247227,5.25416548
1559172840000,8675.3,8675,8675.22247227,8675.1,0.99174081
1559172900000,8683,8675.1,8675.1,8682.9,2.551594
1559172960000,8684,8683,8683,8683.9,2.34771869
1559173020000,8684,8683.5,8684,8683.6,2.06392585
1559173080000,8683.6,8683.50427065,8683.55686845,8683.6,1.32775502
1559173140000,8683.6,8673,8683.6,8673,7.78093327
1559173200000,8678,8673,8673,8676.8,0.72033194
1559173260000,8673.1,8662.1,8673.03647165,8665,4.18308239
1559173320000,8668.9,8662.2,8663.4,8666.1,3.39463218
1559173380000,8670,8666,8666.1,8669.7,2.17373131
1559173440000,8670,8670,8670,8670,0.059231
1559173500000,8672,8670,8670,8672,0.52227384
1559173560000,8672,8671.9,8672,8672,1.46755793
1559173620000,8672,8671.9,8671.98744783,8672,0.17389731
1559173680000,8672,8671.9,8672,8671.9,0.15750545
1559173740000,8685,8672,8672,8685,1.89167106
1559173800000,8684.5,8677.2,8684.5,8681,4.00941967
1559173860000,8686,8680.9,8680.9,8683.4,3.04061438
1559173920000,8685.1,8681.4,8683.4,8685.1,4.02262121
1559173980000,8685.8,8684.6,8684.6,8685.8,0.08032468
1559174040000,8685.8,8678.2,8685.7958481,8678.2,1.60709466
1559174100000,8682.9,8678.2,8681.7,8682.8,4.17428809
1559174160000,8684.4,8682.8,8682.8,8682.9,4.03055783
1559174220000,8682.9,8680.1,8682.9,8681.7,2.65310598
1559174280000,8682.8,8680,8682.1,8681.6,1.78305762
1559174340000,8682.9,8678,8682.7,8678,7.22507122
1559174400000,8681.2,8667.5,8679.7,8672.6,16.35111038
1559174460000,8672.7689375,8664,8672.6,8665.8,4.81127588
1559174520000,8665.9,8662.1,8665.8,8664.4,8.57893869
1559174580000,8666.7,8662.1,8664.5,8662.3,49.67612892
1559174640000,8662.2,8656,8662.2,8658.6,26.06611256
1559174700000,8661.9,8658.6,8658.6,8660,10.2183116
1559174760000,8660,8656,8660,8656,26.21592772
1559174820000,8656.40556633,8641,8656,8650.6,156.07347616
1559174880000,8647.8,8626,8647.8,8626,34.92169671
1559174940000,8654,8626,8626,8653.6,3.405158
1559175000000,8666.8,8645.7,8653.6,8664.8,101.57741407
1559175060000,8664.8,8657,8664.7,8657,1.44781084
1559175120000,8662,8633.6,8657,8661.9,14.17320511
1559175180000,8661.8,8650.1,8651.2,8661.8,10.81504165
1559175240000,8661.1,8650,8659,8650,6.24881228
1559175300000,8650,8643.2,8650,8643.98969787,0.69274762
1559175360000,8644,8635,8644,8639,5.90080357
1559175420000,8640,8629.86394586,8640,8635.8,4.05548008
1559175480000,8636.6,8631.7,8636.6,8635.5,0.64802619
1559175540000,8652,8635.5,8635.5,8642.8,2.90337023
1559175600000,8643.4,8637.3,8643.2,8641,1.85013571
1559175660000,8643.8,8640.9,8641,8643.8,0.52566155
1559175720000,8652,8643.8,8643.8,8651.6,2.2884144
1559175780000,8677.9,8651.9,8651.9,8670,27.43196978
1559175840000,8676.3,8663.5,8673.3,8667.7,2.53972806
1559175900000,8667.7,8664.7,8667.7,8664.8,6.95799349
1559175960000,8671.9,8664.8,8664.80245111,8667.5,3.4808533
1559176020000,8668.6,8664.9,8667.2,8664.9,2.57244211
1559176080000,8664.9,8661,8664.9,8661,1.16595777
1559176140000,8661,8661,8661,8661,0.05131796
1559176200000,8661.9,8661,8661.1,8661.9,0.38274542
1559176260000,8662.9,8661.9,8661.9,8662.9,0.4747409
1559176320000,8690.2,8663.95587737,8664,8690.2,11.10734744
1559176380000,8695.70544566,8680.3,8689.80113998,8695.70544566,5.67700448
1559176440000,8697,8694.1,8694.3,8696,1.72370031
1559176500000,8696,8691,8696,8691,1.14910097
1559176560000,8691.02656191,8685,8691.02656191,8685,1.22791585
1559176620000,8685,8684,8685,8684.4,0.22556926
1559176680000,8690,8684.67664825,8684.67664825,8690,3.42007582
1559176740000,8690,8689.9,8690,8689.9,0.62983016
1559176800000,8689.94563122,8688.1,8689.90306997,8688.1,0.80435064
1559176860000,8687.7,8687.1,8687.6,8687.2,0.29568467
1559176920000,8687.2,8687.2,8687.2,8687.2,0.03696344
1559176980000,8692.9,8687.2,8687.2,8692.9,1.71082658
1559177040000,8693,8692.9,8692.95392073,8693,2.9732675
1559177100000,8693,8692.9,8692.9,8693,0.13546272
1559177160000,8695,8693,8693,8695,1.53590392
1559177220000,8694.95944707,8689.5,8694.9,8689.6,1.56886162
1559177280000,8693,8688.83144992,8688.83144992,8689,1.6342004
1559177340000,8694.5,8688.9,8688.9,8690.1,1.16836867
1559177400000,8691,8687,8690.3,8687,0.52713548
1559177460000,8687.1,8687,8687,8687.1,1.36788571
1559177520000,8689,8685.1,8687,8685.66778486,6.66710062
1559177580000,8689,8686.11347228,8686.11347228,8688.9,1.27370174
1559177640000,8690,8689,8689,8689.9,0.15957549
1559177700000,8690,8689.9,8690,8690,0.241124
1559177760000,8690,8689.9,8690,8690,0.09996166
1559177820000,8691,8690,8690,8690.9,0.27675929
1559177880000,8692,8690.9,8690.904612,8691.9,1.08926597
1559177940000,8694.9,8691.9,8691.9,8694.9,1.87970458
1559178000000,8711,8694.9,8694.9,8710,17.14238938
1559178060000,8729,8710,8710.09965928,8728,15.07903625
1559178120000,8740,8728,8728,8736.6,10.5949589
1559178180000,8742,8736.6,8736.6,8741.9,2.03990312
1559178240000,8745,8731.1,8742,8738.3,19.38617063
1559178300000,8742.9,8738.3,8738.3,8742.9,0.72963269
1559178360000,8745,8742.9,8742.9,8744.9,11.62962645
1559178420000,8759.1,8744.9,8744.9,8747,17.11139994
1559178480000,8747,8742.6,8747,8742.6,1.47242427
1559178540000,8742.7,8738.32161888,8742.6,8738.4,5.524395
1559178600000,8738.43302733,8738.3,8738.4,8738.43302733,0.23145509
1559178660000,8738.5,8738.4,8738.43302733,8738.4,1.30466578
1559178720000,8738.5,8738.3,8738.43302733,8738.3,0.07736747
1559178780000,8747.7,8736,8738.3,8736,10.1924224
1559178840000,8736.1,8735,8736.09344992,8735.1,3.39601234
1559178900000,8735.2,8731.8,8735.2,8732,11.09562527
1559178960000,8737,8732,8732,8735.7,8.44736715
1559179020000,8735.8,8735.7,8735.75922458,8735.7,3.7492175
1559179080000,8735.8,8733.2,8735.7,8733.2,2.64050117
1559179140000,8733.3,8731,8733.3,8731,1.1171754
1559179200000,8731,8725,8731,8725,2.08379819
1559179260000,8725.1,8725,8725,8725,0.13538007
1559179320000,8725.1,8724,8725.05657759,8724,0.52252703
1559179380000,8723,8722.3,8723,8722.3,0.41596898
1559179440000,8722.3101753,8722,8722.3,8722,0.39032192
1559179500000,8722.0363452,8699,8722.0363452,8699.5,25.13838031
1559179560000,8699.9,8699.43069312,8699.43069312,8699.9,0.61605427
1559179620000,8699.8,8698,8699.8,8698.1,0.90131184
1559179680000,8700.7,8698,8698,8700.7,0.63003724
1559179740000,8701,8700.9,8701,8700.9,0.21985869
1559179800000,8703,8700.9,8700.9,8703,2.02318521
1559179860000,8705.7,8703,8703,8705.6,0.82196664
1559179920000,8707,8705.6,8705.7,8707,0.25040562
1559179980000,8716,8707,8707,8712.3,0.92340792
1559180040000,8715.9,8711.3,8712.1,8715.9,0.10812609
1559180100000,8715.9,8715.8,8715.9,8715.8,0.0441207
1559180160000,8721.9,8715.2,8715.3,8721.7,2.06533827
1559180220000,8717.1,8712.1,8715.9,8712.1,1.02237936
1559180280000,8712,8702.4,8712,8702.4,2.49876555
1559180340000,8701,8682.47029979,8700.9431796,8682.7,9.87854898
1559180400000,8692.2,8656.9542686,8682.69314723,8662.5,10.57716369
1559180460000,8667.9,8662.5,8662.5,8664.97677622,7.55900647
1559180520000,8657.1,8647,8657.1,8650.04599814,2.07882695
1559180580000,8650.04599814,8640.6,8650.04599814,8641.3,3.27348596
1559180640000,8661,8641.2,8641.3,8657.3,2.21159383
1559180700000,8657.3,8657.1,8657.3,8657.2,0.10224203
1559180760000,8657.2,8645,8657.2,8645,4.86741549
1559180820000,8645,8635,8645,8635.1,3.16799958
1559180880000,8635.1,8593.3,8635,8602.7,183.20161108
1559180940000,8628.36418048,8573.5,8606.7,8596.2,214.80097361
1559181000000,8624.4,8593.1,8593.1,8624.4,17.05336728
1559181060000,8632.48672018,8619.8,8624.4,8624.4,2.39151557
1559181120000,8640,8624.32128502,8624.4,8640,5.79604305
1559181180000,8647,8639.9,8639.97982782,8643.9,3.4528039
1559181240000,8646,8632,8644,8633.04382014,2.29229228
1559181300000,8633.7,8629.1,8633.1,8632.5,1.0323868
1559181360000,8635,8632.4,8632.4152863,8635,0.86005162
1559181420000,8637,8634.9,8635,8637,0.52746113
1559181480000,8637,8636.9,8636.9,8637,0.20799251
1559181540000,8639.4,8636.96621533,8637,8639.4,0.52124359
1559181600000,8639.4,8637.2,8639.4,8637.2,1.19479389
1559181660000,8637.223503,8637,8637.2,8637,0.68089895
1559181720000,8637.1,8637,8637,8637,2.9171048
1559181780000,8637,8625,8637,8625,14.47020957
1559181840000,8625.1,8625,8625,8625.0796188,0.93750261
1559181900000,8625.1,8625,8625.0796188,8625,2.71133816
1559181960000,8625.1,8625,8625.1,8625,2.34787842
1559182020000,8625.1,8617,8625.1,8622,5.92073665
1559182080000,8622.14942002,8619,8622.1,8619,5.19784792
1559182140000,8636.5,8619,8619.1,8636.5,19.3408074
1559182200000,8636.5,8636.4,8636.42186096,8636.5,0.18
1559182260000,8636.8,8633.8,8633.8,8636.8,4.02794009
1559182320000,8636.8,8632.7,8636.8,8634.4,0.14104709
1559182380000,8634.6,8628,8634.6,8628.06899119,0.02811868
1559182440000,8628.06899119,8626.1,8628,8626.1,1.08651276
1559182500000,8626.1,8588.4,8626.1,8589.5,12.72056873
1559182560000,8603.3,8589.4,8589.4,8597.7,0.56107638
1559182620000,8604.9735768,8596.9,8597.1,8604.9735768,2.76231846
1559182680000,8606.72079839,8605,8605,8606,0.56795026
1559182740000,8608.8,8605.9851059,8605.9851059,8607.4,0.74062273
1559182800000,8612.9,8609,8609,8612.2,0.7051395
1559182860000,8614.9,8613.9,8614,8613.9,1.15656181
1559182920000,8614.9,8613.9,8613.96063852,8614.9,0.16099169
1559182980000,8616.9,8615.96551706,8616,8616.9,0.87724126
1559183040000,8631.6,8617,8617,8628.9,5.48370548
1559183100000,8628.9,8624.2,8628.9,8628.1,1.54968265
1559183160000,8630.1,8628.1,8628.1,8630,0.68803304
1559183220000,8630.8,8623.9,8630,8623.98503121,2.83434412
1559183280000,8623.9,8614,8623.9,8614,2.91883864
1559183340000,8614,8605,8614,8605,3.06552334
1559183400000,8605.1,8605,8605.1,8605.1,0.18144375
1559183460000,8605.1,8600.1,8605.1,8604.9,5.72335412
1559183520000,8604.5,8600,8602,8600,0.20195233
1559183580000,8603,8600,8600.0735429,8600.1,0.6140604
1559183640000,8600.00887363,8599,8600,8599.1,2.93207122
1559183700000,8599,8595,8599,8595.1,3.62970815
1559183760000,8595.1,8588,8595,8588,1.70054543
1559183820000,8588,8585,8588,8585.1,1.35853263
1559183880000,8603,8585.08217049,8585.08217049,8598.6,2.13673905
1559183940000,8603,8593.5,8601,8603,0.61421391
1559184000000,8605,8598.7,8602.93367103,8605,1.14040538
1559184060000,8623,8605,8605,8614.5,3.31005999
1559184120000,8617.6,8611.7,8617.5,8616.7,0.63872174
1559184180000,8619,8615.2,8615.6,8615.2,0.48355516
1559184240000,8615.2,8610.4,8615.2,8611.5,0.38921134
1559184300000,8613,8608.9,8609.9,8613,1.67954229
1559184360000,8623.9,8614.9,8614.9,8623.9,3.57577298
1559184420000,8624,8620.4,8623.9,8623.9,2.5559754
1559184480000,8626,8623.9,8623.9,8625.6,0.61055614
1559184540000,8626,8625,8625.8,8625,1.16018423
1559184600000,8625.1,8625,8625,8625.1,1.73028029
1559184660000,8625.1,8625,8625,8625.1,1.31382309
1559184720000,8625.07102509,8614,8625.07102509,8614,0.8619085
1559184780000,8614.1,8614,8614,8614.1,0.575
1559184900000,8623.4,8614.1,8614.1,8623.4,4.2667199
1559184960000,8627,8622.7,8623.6,8624.3,2.44331795
1559185020000,8628,8624.2,8624.2,8626.3,3.96866299
1559185080000,8627.4,8625.3,8627.4,8625.3,0.37100444
1559185140000,8626.3,8625.2,8625.3,8625.3,2.52093184
1559185200000,8633,8625.2,8625.2,8628.5,10.44060357
1559185260000,8629.9,8625.2,8625.3,8627.2,0.83413305
1559185320000,8627.2,8625.9,8627.2,8626.2,0.72282637
1559185380000,8626,8625.2,8626,8625.3,0.2926849
1559185440000,8630,8625.3,8625.3,8627.2,2.70715406
1559185500000,8627.2,8627.1,8627.1,8627.2,0.16616992
1559185560000,8627.18015748,8623.7,8627.18015748,8623.95025528,0.65109768
1559185620000,8624,8623.9,8623.9,8623.9,1.16498
1559185680000,8624,8623.9,8623.9,8624,0.02100725
1559185740000,8627,8623.9,8624,8627,1.43071216
1559185800000,8630,8627,8627,8630,0.9395802
1559185860000,8650,8630,8630,8650,21.14969822
1559185920000,8658.9,8649.9,8649.9,8658.9,7.15447314
1559185980000,8660,8651.11327969,8654.8,8656.8,10.34409689
1559186040000,8653.2,8653.1,8653.1,8653.1,0.21441854
1559186100000,8654,8653.1,8653.11796621,8653.1,1.00032899
1559186160000,8656,8653.22933768,8653.22933768,8656,0.8259137
1559186220000,8655.2,8650.5,8654.9,8652.1,0.37888759
1559186280000,8656,8652,8652,8656,0.19645628
1559186340000,8657,8655.83499202,8655.83499202,8656,1.03036676
1559186400000,8656,8652.4,8656,8653.6,0.72175051
1559186460000,8665.9,8649.8,8649.9,8665.9,8.58415842
1559186520000,8677.2,8665.8,8665.8,8677.2,6.55213951
1559186580000,8676.5,8673.7,8673.7,8675.4,0.04026338
1559186640000,8671.5,8650.1,8671.5,8656.5,5.11445144
1559186700000,8661,8655.3,8656.3,8659.2,1.22086902
1559186760000,8660.4,8658.9,8659.5,8659.7,0.10182019
1559186820000,8659.9,8656.9,8659.6,8659.9,0.17998361
1559186880000,8659.9,8659.9,8659.9,8659.9,0.015
1559186940000,8660.2,8659.94653598,8659.94653598,8660.2,0.02561267
1559187000000,8660.16933388,8653.6,8660.16933388,8653.6,2.86553186
1559187060000,8653.1,8652.9,8652.9,8653,0.139587
1559187120000,8652.8,8651,8652.8,8651.14727994,0.37339495
1559187180000,8654,8652.8,8652.8,8654,2.23034001
1559187240000,8674,8653.93186449,8653.93186449,8674,12.72871535
1559187300000,8683,8675,8675,8682.9,4.61370704
1559187360000,8689,8683,8683,8688.9,1.02107456
1559187420000,8699.3,8689.01762982,8689.01762982,8699.1,11.40559564
1559187480000,8700,8699.1,8699.2,8699.1,2.31578834
1559187540000,8700,8683,8699.2,8690.9,2.40131021
1559187600000,8690.95199765,8680.1,8690.5,8690.90576692,1.60616067
1559187660000,8691,8688.2,8690.90576692,8690.9,1.15140778
1559187720000,8690.90576692,8681.43709315,8690.90576692,8681.43709315,2.04
1559187780000,8691,8683.4,8684.8,8691,0.6601332
1559187840000,8697,8690.9,8690.9,8694.02485945,3.3425315
1559187900000,8701.7,8694.02485945,8694.1,8701.7,13.60668987
1559187960000,8707.2,8701.6,8701.6,8707.2,10.66462276
1559188020000,8715,8707.1,8707.1,8715,14.84883398
1559188080000,8715,8711.8,8715,8711.9,4.45886714
1559188140000,8712.9,8706.3,8711.9,8706.3,4.157551
1559188200000,8704.2,8703,8704.2,8703.0596162,0.27872594
1559188260000,8727,8703.0596162,8703.0596162,8727,7.20026779
1559188320000,8726.5,8711.6,8726.5,8717.9,9.57831505
1559188380000,8725,8718.5,8718.5,8724.1,0.66599755
1559188440000,8725.87581498,8724.1,8724.1,8725.8,3.28649802
1559188500000,8725.87581498,8721,8725.87581498,8721,11.31376521
1559188560000,8722.7,8716.4,8721,8716.4,2.32271726
1559188620000,8718.9726854,8716.4,8716.4026848,8718.30175343,1.10239017
1559188680000,8719,8717.5,8717.5,8717.5,0.87838649
1559188740000,8717.5834492,8715,8717.5834492,8715.7,1.15245875
1559188800000,8718,8715.9,8715.9,8718,0.21255257
1559188860000,8719,8717.9,8717.9,8719,0.68850155
1559188920000,8721,8718.9,8719,8721,6.2093949
1559188980000,8721,8701,8721,8701,16.78253495
1559189040000,8705.6,8700.1,8700.1,8705.04714573,0.62752541
1559189100000,8705,8700,8705,8700,0.77440141
1559189160000,8700.1,8700,8700,8700.1,1.09917014
1559189220000,8700.1,8700,8700,8700,1.42871797
1559189280000,8700.9,8700,8700.0285554,8700,2.15671051
1559189340000,8702.9,8700,8700.03452616,8702.9,0.30814237
1559189400000,8703,8702.9,8703,8702.9,0.58933447
1559189460000,8702.93027642,8699,8702.93027642,8699,0.75788623
1559189520000,8697.1,8696,8697,8696,0.45623391
1559189580000,8696.1,8696,8696.1,8696.1,0.24146271
1559189640000,8696.6,8696,8696.1,8696.6,3.63678572
1559189700000,8698,8696.5,8696.5,8696.7,0.45614845
1559189760000,8698.9482,8696.6,8696.7,8698.5,1.51705082
1559189820000,8716,8698.92078729,8698.92078729,8713.4,6.89870336
1559189880000,8712.7,8702.71909992,8711.6,8702.71909992,1.56213295
1559189940000,8710.6,8706.38159471,8706.38159471,8710.6,0.39964707
1559190000000,8713,8711.6,8711.68589752,8712,1.77738184
1559190060000,8712.9,8704.6,8712,8708,0.73661478
1559190120000,8708.1,8704.7,8708.1,8704.7,2.92633882
1559190180000,8706.6,8703,8706.5,8703,0.54906239
1559190240000,8703.1,8702,8703,8702.1,1.8223303
1559190300000,8702.1,8700,8702.1,8700.6,3.28042173
1559190360000,8701.7,8700,8701.7,8700.1,1.23157295
1559190420000,8700,8699.8,8700,8699.8,1.94545423
1559190480000,8699.9,8696.5,8699.9,8696.6,3.13735803
1559190540000,8696.6,8696.5,8696.5,8696.5,1.78923268
1559190600000,8696.6,8696.5,8696.6,8696.5,0.24911035
1559190720000,8699,8696.57713189,8696.57713189,8699,4.74
1559190780000,8699,8698.5,8698.9,8699,3.2803377
1559190840000,8706,8699,8699,8706,5.27592605
1559190900000,8705.96024168,8705,8705.96024168,8705,3
1559190960000,8706,8705.9,8706,8706,0.11814843
1559191020000,8706,8705.9,8705.9,8706,2.35254557
1559191080000,8706,8706,8706,8706,0.38391811
1559191140000,8706,8705.9,8705.9,8705.92950439,0.74023838
1559191200000,8707,8705.9,8705.9,8706,0.53493223
1559191260000,8707.04344987,8705.9,8706,8706.1,0.14120717
1559191320000,8707,8706.1,8706.1,8707,2.06755974
1559191380000,8707,8706,8706.14959666,8706.9,2.32656864
1559191440000,8707,8706.9,8707,8706.9,2.1561765
1559191500000,8708,8706.9,8707,8707.9,3.26071779
1559191560000,8709,8707.9,8708,8709,2.30391004
1559191620000,8710,8708.9,8708.9,8710,2.85703281
1559191680000,8711,8710.8,8710.8,8711,0.28164215
1559191740000,8711,8710.9,8711,8710.9,0.08927742
1559191800000,8712,8711,8711,8712,0.24450928
1559191860000,8712,8712,8712,8712,0.74
1559191920000,8712.9,8712,8712,8712.9,0.34408208
1559191980000,8713,8712.9,8713,8713,0.8597022
1559192040000,8713.7,8713,8713,8713.7,0.54015874
1559192100000,8714.79155636,8713.8,8713.8,8714.79155636,1.59372923
1559192160000,8715,8715,8715,8715,0.23577079
1559192220000,8715,8714.5,8714.5,8715,1.16885037
1559192280000,8713.3,8712.9,8713.3,8713,0.62235721
1559192340000,8715,8712.9,8712.9,8712.9,2.06827542
1559192400000,8715,8712.9,8712.9,8714.7,0.17458124
1559192460000,8717,8714.9,8715,8717,5.12495455
1559192520000,8728,8717,8717,8728,13.78811471
1559192580000,8734,8728,8728,8733.8,2.9315956
1559192640000,8737,8733.8,8733.9,8737,3.89411226
1559192700000,8740,8736.9,8736.9,8740,7.9006987
1559192760000,8743,8740,8740,8743,4.10201023
1559192820000,8765.7,8743,8743,8765.7,31.39959374
1559192880000,8789.9,8765.6,8765.6,8786.9,96.50277741
1559192940000,8787,8777,8787,8777,9.41662234
1559193000000,8777.1,8777,8777,8777,6.49619892
1559193060000,8781,8775.2,8777,8780.9,5.13681687
1559193120000,8789.9,8780.9,8780.9,8789.8,6.92957516
1559193180000,8790,8789.8,8789.8,8790,0.76845008
1559193240000,8789.97990183,8781.8,8789.9,8784.7,29.18320058
1559193300000,8788,8777.8,8786.1,8778.8,10.25106481
1559193360000,8779.2,8766.9,8778.9,8771.3,4.43429018
1559193420000,8770.9,8755,8770.9,8764.1,4.55430522
1559193480000,8767.25756542,8754.31724035,8764.5,8757.9,1.13430822
1559193540000,8765.8,8762.22826133,8762.22826133,8763,2.8440435
1559193600000,8771,8763,8763,8771,0.77225515
1559193660000,8773,8771,8771,8771.2,1.91753288
1559193720000,8769.4,8758.1,8769.4,8758.1,1.63419785
1559193780000,8756,8745,8756,8749.3,3.02537862
1559193840000,8756,8749.9,8749.9,8756,0.69349175
1559193900000,8756,8752.4,8754.1,8755.99235473,5.99955668
1559193960000,8756.08581481,8755.9,8755.99235473,8756,2.27913608
1559194020000,8756.9,8756,8756.0157272,8756.9,7.4555326
1559194080000,8757,8743,8757,8743,5.49084854
1559194140000,8749.6,8740,8743.8,8749,12.24919731
1559194200000,8753.2,8744.1,8748.59182055,8753.2,3.85860839
1559194260000,8756.5,8748.3,8748.3,8752,3.86692579
1559194320000,8757.5,8752.00178979,8752.00178979,8756.4,1.40570222
1559194380000,8758.2,8754.0225123,8756.1,8758.2,2.95212577
1559194440000,8759,8758.1,8758.1,8759,0.823599
1559194500000,8774.6,8759,8759,8774,5.13623556
1559194560000,8771.83012944,8765.6,8771.83012944,8765.6,0.28719895
1559194620000,8770.7,8764,8766.5,8764.1,0.87439
1559194680000,8764,8754.2,8764,8755.1,4.84503986
1559194740000,8757.1,8755.1,8755.639632,8755.9,3.04312565
1559194800000,8760,8756.9,8756.9,8759.4,5.67490477
1559194860000,8760,8758.3,8759.3,8758.37915354,0.26207818
1559194920000,8758.33734112,8751,8758.33734112,8751.05313694,0.71534874
1559194980000,8751.1,8750.1,8751.1,8750.2,0.78422085
1559195040000,8751,8750,8750.1,8750.9,0.8891564
1559195100000,8753,8750.9,8750.9,8752,0.45228509
1559195160000,8753,8751.05313694,8752.6,8753,1.21702782
1559195220000,8758.1,8752.7,8752.9,8757.2,2.23942111
1559195280000,8757.8,8753.9,8755.2,8753.9,0.97766689
1559195340000,8756,8753.9,8756,8754.1,0.25385248
1559195400000,8755.9,8753.93149137,8754,8753.93149137,0.04370622
1559195460000,8753.99728298,8752.8,8753.93149137,8752.9,0.26160342
1559195520000,8752.9,8752.8,8752.8,8752.9,0.08392944
1559195580000,8752.9,8749,8752.9,8749,1.37724409
1559195640000,8749.1,8743,8749.1,8743,7.88855528
1559195700000,8743,8730,8743,8736.3,5.86381292
1559195760000,8739,8737.1,8738.2,8737.8,1.42775335
1559195820000,8739,8736.4,8736.7,8739,0.76259429
1559195880000,8739,8731.8,8739,8735.4,3.33892481
1559195940000,8739,8731,8735.4,8739,8.87075523
1559196000000,8739,8738.9,8739,8739,1.12970836
1559196060000,8739,8738.9,8739,8738.9,4.98008842
1559196120000,8739,8738.9,8739,8739,1.94981006
1559196180000,8739,8738.9,8738.90537722,8739,0.90827935
1559196240000,8739,8738.87917145,8739,8738.87917145,2.89287147
1559196300000,8737.3,8737,8737.20896022,8737.01047601,0.40241393
1559196360000,8737.01047601,8737.01047601,8737.01047601,8737.01047601,0.22720683
1559196420000,8737.1,8737.01047601,8737.01047601,8737.1,0.005
1559196480000,8737.1,8733.5,8737.1,8736.4,0.41577444
1559196540000,8736.4,8736.3,8736.4,8736.4,0.42330205
1559196600000,8744,8736.4,8736.4,8744,12.41128416
1559196660000,8752,8743.96564431,8744,8748.7,0.68051017
1559196720000,8754,8748.38874555,8748.6,8754,0.93261653
1559196780000,8754,8751.9,8753.94921567,8753,0.94314234
1559196840000,8753.5,8749.02061715,8749.02061715,8752.8,0.96503973
1559196900000,8752.9,8749.2,8752.9,8752.2,0.77939869
1559196960000,8753.9,8751.7,8752,8753.9,0.23192543
1559197020000,8753.9,8753.8,8753.9,8753.89652405,0.19708422
1559197080000,8758.1,8753.9,8753.9,8758.03701131,4.03498714
1559197140000,8758.1,8758,8758.1,8758.1,0.0886
1559197200000,8758.1,8758,8758.1,8758,2.39721043
1559197260000,8758.1,8758.1,8758.1,8758.1,0.35976343
1559197320000,8758.1,8758,8758,8758.1,1.31767458
1559197380000,8761,8758,8758.1,8760.8,2.4794056
1559197440000,8761,8760.9,8760.9,8760.9,0.82379079
1559197500000,8761,8761,8761,8761,0.471464
1559197560000,8760.9,8758,8760.9,8758.1,0.35903003
1559197620000,8758.1,8758.1,8758.1,8758.1,0.001
1559197680000,8758.1,8758,8758.1,8758,1.05978134
1559197740000,8758.1,8758,8758,8758.1,1.87442707
1559197800000,8758.1,8758,8758.1,8758,0.91267682
1559197860000,8757.8,8757.5,8757.5,8757.8,0.2404799
1559197920000,8757.9,8757.8,8757.8,8757.9,0.17590805
1559197980000,8761,8757.8,8757.8,8761,2.40534871
1559198040000,8761,8760.9,8761,8761,0.86338348
1559198100000,8761,8761,8761,8761,0.00149
1559198160000,8761,8760.9,8760.9,8761,0.39632005
1559198220000,8761.03339605,8760.9,8761,8761,0.13945528
1559198280000,8761.03339605,8758,8761,8758,3.59785773
1559198340000,8758,8756.1,8758,8758,2.36476721
1559198400000,8757.9,8757.7,8757.9,8757.8,0.065
1559198460000,8756.1,8756,8756.1,8756,2.8548897
1559198520000,8756.0510784,8756,8756,8756,0.68266344
1559198580000,8756.0510784,8744,8756,8744,17.09864337
1559198640000,8745,8744,8744.05802219,8745,1.98808187
1559198700000,8744.0195292,8743.9316648,8744.0195292,8743.9316648,0.0879226
1559198760000,8743.9316648,8740,8743.9283811,8740.1,2.52018915
1559198820000,8739.6,8739,8739.5,8739,0.96632966
1559198880000,8742,8739.1,8739.1,8741.3,1.88610029
1559198940000,8744,8742,8742,8743.9,1.68492979
1559199000000,8744,8742.9,8743.1,8742.9,2.56422993
1559199060000,8744,8742.8634265,8742.8634265,8744,0.34192349
1559199120000,8744,8744,8744,8744,0.48218013
1559199180000,8744,8744,8744,8744,2.84583215
1559199240000,8744,8743.8,8744,8744,0.4227609
1559199300000,8742.9,8742.8,8742.9,8742.8,0.65
1559199360000,8742.1,8742,8742.043108,8742,0.74278588
1559199420000,8742.1,8739,8742,8742.1,1.61347095
1559199480000,8742.5,8742.1,8742.5,8742.1,0.86351251
1559199540000,8743,8739,8742.1,8739,3.89960466
1559199600000,8739.1,8738.1,8739,8738.1,3.52142427
1559199660000,8738.2,8728.13123292,8738.1,8728.79940669,15.09017898
1559199720000,8736.9,8729,8730.4,8732.4,6.25522415
1559199780000,8732.4,8732.3,8732.3,8732.4,1.70398429
1559199840000,8732.4,8728,8732.4,8728.07241024,1.83165377
1559199900000,8731,8728,8728.1,8728.6,1.96939714
1559199960000,8728.6,8728.5,8728.5,8728.5,0.24925582
1559200020000,8728.6,8728.5,8728.6,8728.6,0.07119521
1559200080000,8728.6,8728,8728.6,8728,0.38820607
1559200140000,8733.8,8728,8728,8733.8,3.06077161
1559200200000,8737.6,8733.7518336,8733.7518336,8737.6,3.55982405
1559200260000,8737.7,8735.1,8737.7,8735.2,0.62431388
1559200320000,8741.8,8735,8735,8741.8,3.61108254
1559200380000,8744.4,8741.2,8741.8,8744,4.23237799
1559200440000,8745,8738.1695532,8745,8745,3.48166449
1559200500000,8745,8744.9,8744.9,8744.9,0.38637219
1559200560000,8745,8744.9,8745,8745,2.27335522
1559200620000,8747,8745.0495232,8745.0495232,8747,2.70787745
1559200680000,8753,8747,8747.9,8747.3,3.80449163
1559200740000,8751.5,8747,8748.7,8748.8,0.76759521
1559200800000,8748.8,8748.09485676,8748.8,8748.1,0.44618528
1559200860000,8748.1,8748.09485676,8748.1,8748.1,0.59560498
1559200920000,8752.9,8747.2,8748.09485676,8752.9,0.50069552
1559200980000,8752.65613928,8752.3,8752.3,8752.65613928,2.40201622
1559201040000,8753,8752.5,8752.65613928,8753,1.58514653
1559201100000,8759,8753,8753,8754.3,1.40528214
1559201160000,8763,8754.5,8758.44118051,8760.8,8.85229925
1559201220000,8760.7,8753.8,8760.7,8753.8,6.68772851
1559201280000,8759.9,8759.5,8759.5,8759.7,4.35392643
1559201340000,8762.9,8755.7,8755.8,8759.6,4.46314957
1559201400000,8761.3,8759.5,8761.23015665,8759.5,1.77546874
1559201460000,8759.1,8753.4,8759.1,8753.4,0.87624511
1559201520000,8759.6,8750.36270337,8757.00181742,8751.8,1.3775517
1559201580000,8756.1,8750.9,8751.3,8755.1,0.6712763
1559201640000,8756.1,8755.9,8756,8756,0.90019923
1559201700000,8756.1,8754.9,8756.1,8755.6,0.22330566
1559201760000,8755.2,8755.1,8755.2,8755.15638581,0.09322115
1559201820000,8756,8755.1,8755.1,8756,0.09623313
1559201880000,8756,8755.9,8756,8755.91741112,0.82591263
1559201940000,8755.91741112,8755.9,8755.9,8755.91741112,0.40559951
1559202000000,8756,8755.5,8755.9,8756,0.55587556
1559202060000,8755.91741112,8753.4,8755.91741112,8753.4,0.61051551
1559202120000,8755.95841644,8755.9,8755.9,8755.9,0.3410093
1559202180000,8756.1,8755.9,8755.9,8755.9,7.45742358
1559202240000,8756.1,8754.5,8756,8756,0.3875556
1559202300000,8757,8756,8756,8757,1.05046221
1559202360000,8759.6,8755,8756.9,8756.8,2.42925311
1559202420000,8756.9,8755.8,8756.9,8755.8,1.09904303
1559202480000,8755.8,8751.83371917,8755.8,8752,1.33782305
1559202540000,8752,8751.9,8751.97940437,8751.9,0.135
1559202600000,8751.9,8750,8751.9,8750.9,0.5069175
1559202660000,8754.2,8751.8,8751.8,8753.87247063,2.0675747
1559202720000,8754.1,8750,8754.1,8750,0.0249968
1559202780000,8750.1,8750.1,8750.1,8750.1,0.01
1559202840000,8753,8749.9,8750.3,8749.9,0.43180019
1559202900000,8750.1,8749,8750.1,8749,0.13288835
1559202960000,8749.1,8749,8749.1,8749,0.70000042
1559203020000,8749.010132,8749,8749,8749.010132,0.08842442
1559203080000,8749,8744.9,8749,8744.9440872,1.04974325
1559203140000,8744.95381877,8744.9,8744.9,8744.9,0.63844002
1559203200000,8745,8744.9,8745,8745,0.83987014
1559203260000,8745,8744.9,8745,8744.9,3.37289075
1559203320000,8745,8734.9,8745,8735.3,6.59141385
1559203380000,8745,8727,8735.3,8728.7,44.06874952
1559203440000,8732.7,8727,8729.1,8732.01134522,6.28887432
1559203500000,8740.72239954,8728.2,8731,8740.4,2.1927891
1559203560000,8740,8732.4,8740,8732.4,2.92965651
1559203620000,8732.5,8731,8732.4,8732,12.04813925
1559203680000,8732.48440775,8726.7,8731.4,8729,7.7156884
1559203740000,8730,8726.7,8729,8729.8,6.35311302
1559203800000,8730.5,8726.9,8730.3,8729.2,1.09537351
1559203860000,8736.6,8726.9,8729.3,8734.6,1.22482008
1559203920000,8738.9,8734.9,8734.9,8738.4,0.63812673
1559203980000,8744.37508475,8736.80697325,8737.3,8744.37508475,1.32673148
1559204040000,8744.1,8742.26232842,8744.1,8743,2.29438449
1559204100000,8743,8741.4,8742.98660785,8741.4,0.7128484
1559204160000,8742.1,8738.81098127,8741.59813094,8738.81098127,1.26751226
1559204220000,8741.5,8738.81098127,8738.81098127,8741.0886591,1.1209787
1559204280000,8740.5,8735.08395736,8739.2,8735.08395736,4.73291896
1559204340000,8735.08395736,8730.7,8735.08395736,8730.7,1.02575263
1559204400000,8730.9,8726,8730.7,8728.2,3.52934629
1559204460000,8730.2,8728.8440796,8730.2,8728.8440796,0.56324574
1559204520000,8728.8440796,8726,8728.8440796,8726.51116888,0.99105845
1559204580000,8726.51116888,8711,8726.51116888,8711.1,9.6444816
1559204640000,8716.04307956,8710,8711.7,8710.03365963,7.12996509
1559204700000,8715.71172025,8702.9,8710,8714.7,13.48875515
1559204760000,8716.5,8701,8715,8702.7813,11.91853348
1559204820000,8701.1,8688,8701.1,8699,18.48357619
1559204880000,8701.64370399,8687,8698.86487713,8687,27.08480933
1559204940000,8701.794543,8693.4,8693.4,8701.794543,2.3219157
1559205000000,8701.8,8699.2,8701.7,8699.2,1.6423664
1559205060000,8701.7,8700.3,8700.3,8701.7,0.07771394
1559205120000,8701.7,8699,8701.7,8699,0.62596651
1559205180000,8699,8698.7,8699,8698.8,8.93730848
1559205240000,8698.8,8698.7,8698.78043426,8698.8,0.37612683
1559205300000,8701.6,8699.2,8699.3,8701.5,0.6909899
1559205360000,8701.8,8701.5,8701.5,8701.7,10.59029974
1559205420000,8709,8701.7,8701.78761809,8709,6.30187602
1559205480000,8712.5,8709,8709.2,8712.5,1.93784259
1559205540000,8713.7,8711.3,8712.4,8712.37180414,1.74270222
1559205600000,8714.5,8711,8712.37180414,8711.6,1.24580781
1559205660000,8712.26043688,8705.5,8711.6,8705.8,6.3819856
1559205720000,8711.59223334,8705.5,8709.5,8706.5,0.48941968
1559205780000,8706.9,8705.5,8705.7,8706.9,2.06763707
1559205840000,8715,8706.1,8706.1,8712.6,1.86173141
1559205900000,8712.6,8712.5,8712.5,8712.6,0.44168494
1559205960000,8715.9,8712.3,8712.5,8712.5,2.81100663
1559206020000,8716,8705.6,8713.9,8709,2.58313257
1559206080000,8710.2,8705.1,8706.3,8705.6,1.37435096
1559206140000,8707.5,8701.70089682,8705,8705.9,0.22482309
1559206200000,8705.7,8700,8705.7,8700,5.25404161
1559206260000,8707,8705.57444218,8705.57444218,8707,0.02042176
1559206320000,8708.9,8708.8,8708.9,8708.9,0.80627166
1559206380000,8712,8710.5,8710.7,8710.5,0.41205692
1559206440000,8711.7,8711.2,8711.7,8711.2,0.35061273
1559206500000,8712,8711.3,8711.4,8711.9,0.67608288
1559206560000,8712,8711.9,8711.9,8711.9,0.92444258
1559206620000,8712,8711.9,8711.9,8712,1.08561791
1559206680000,8716,8713.9,8713.9,8716,0.45447275
1559206740000,8720,8716,8716,8720,3.22845095
1559206800000,8720,8719.9,8719.9,8719.97324728,1.25517099
1559206860000,8720,8719.9,8720,8719.9,0.10557582
1559206920000,8720,8719.9,8719.9,8719.9,0.70588176
1559206980000,8720,8719.9,8720,8720,1.62242882
1559207040000,8720,8719.9,8720,8719.9,3.11592401
1559207100000,8720,8719.9,8720,8720,1.70513683
1559207160000,8732.3,8720,8720,8731.9,5.15768567
1559207220000,8737.3,8731.9,8731.95319171,8735.5,0.70125668
1559207280000,8736.3,8735.5,8735.5,8736.2,0.65905304
1559207340000,8736.25007762,8736.2,8736.2,8736.25007762,0.26600103
1559207400000,8736.25007762,8736.2,8736.2,8736.2,0.25515027
1559207460000,8736.2,8723.5,8736.2,8723.5,0.34752384
1559207520000,8728.8,8723.5,8723.5,8728.8,0.20262426
1559207580000,8728.8,8728.78985897,8728.78985897,8728.78985897,0.08350121
1559207640000,8728.8,8728.7,8728.8,8728.7,0.16919942
1559207700000,8728.8,8728.7,8728.7,8728.8,0.18996707
1559207760000,8732.3,8728.7,8728.7,8732.3,0.71474379
1559207820000,8732.3,8732.2,8732.3,8732.2,1.13918586
1559207880000,8732.3,8732.2,8732.2,8732.3,3.1288136
1559207940000,8732.3,8732.2,8732.2,8732.2,0.11096631
1559208000000,8732.2,8726.6,8732.2,8726.6,0.46667255
1559208060000,8725.9,8721.3,8725.9,8721.3,1.2152023
1559208120000,8721.9,8720.5,8721.2,8721.6,2.47179478
1559208180000,8724.1,8721.69164267,8721.69164267,8722,1.39803832
1559208240000,8724.7,8722,8722,8724.69843134,0.14942245
1559208300000,8724.7,8724,8724.7,8724,3.30705751
1559208360000,8722.7,8721.6,8722.6,8721.8195664,1.50530385
1559208420000,8721.9,8721.6,8721.9,8721.7,1.37290437
1559208480000,8724,8721.6,8721.6,8724,3.50142363
1559208540000,8721.7,8718.6,8721.6,8718.7,2.58634665
1559208600000,8718.7,8716.8,8718.7,8716.8,1.12106154
1559208660000,8716.1,8716,8716.1,8716,0.26610403
1559208720000,8716.06018166,8716,8716,8716,0.055
1559208780000,8716.1,8709,8716,8709,2.14903732
1559208840000,8709.1,8709,8709.1,8709.1,0.08652735
1559208900000,8709.1,8702.9,8709,8704.6,1.486214
1559208960000,8704.6,8704,8704,8704.6,0.03813248
1559209020000,8712,8706.92863616,8706.92863616,8712,1.28949626
1559209080000,8714.2,8712,8712,8714.2,1.01
1559209140000,8714.4,8711.7,8714.1,8711.8,0.79864347
1559209200000,8714.1,8711.8,8711.9,8712.1,5.202076
1559209260000,8715,8712.1,8712.1,8714.9,5.38349083
1559209320000,8718,8715,8715,8717.8,4.24623594
1559209380000,8719,8717.9,8718,8719,1.60161359
1559209440000,8720,8719.8,8719.8,8720,0.29100001
1559209500000,8721,8721,8721,8721,0.21092029
1559209560000,8724,8721,8721,8723.9,0.59254893
1559209620000,8724,8723.9,8724,8723.96225783,1.03069659
1559209680000,8724,8724,8724,8724,0.1280095
1559209740000,8724,8722.8,8724,8722.8,0.38912868
1559209800000,8724.2,8722.8,8722.9,8724.2,0.84049995
1559209860000,8724.3,8724.2,8724.3,8724.2,0.13068671
1559209920000,8724.3,8724.3,8724.3,8724.3,0.32859243
1559209980000,8725,8724.2,8724.2,8725,1.31574213
1559210040000,8726,8725,8725,8726,1.15375557
1559210100000,8727.6,8726.9,8726.9,8727.6,1.57287143
1559210160000,8727.6,8727.5,8727.5,8727.6,0.02247723
1559210220000,8728,8727.5,8727.6,8727.9,0.05911059
1559210280000,8730,8728,8728,8730,4.82224476
1559210340000,8730,8729.9,8729.98719654,8729.9,0.0567686
1559210400000,8730,8729.9,8729.98719654,8729.9,1.155
1559210460000,8730,8729.9,8729.9,8729.9,1.56164769
1559210520000,8730,8729.9,8730,8730,0.11026809
1559210580000,8730,8729.98719654,8729.98719654,8730,0.01
1559210640000,8730,8729.9,8729.98719654,8729.9,2.72307085
1559210700000,8740,8729.9,8729.9,8740,31.02136591
1559210760000,8749,8739.90307867,8740,8748.9,36.87569391
1559210820000,8749,8748.9,8748.92764556,8749,0.13328254
1559210880000,8750,8748.9,8748.9,8749.93037521,25.79758221
1559210940000,8754.2,8750,8750,8754.2,7.82909196
1559211000000,8770.6,8754.1,8754.1,8770.6,24.69816638
1559211060000,8777.9,8770.6,8770.6,8777.8,19.92108187
1559211120000,8819.7,8777.8,8777.8,8795.5,441.0147727
1559211180000,8801.5,8779.7,8795.5,8782.9,125.45126397
1559211240000,8790,8783.6,8783.6,8789.9,5.37771551
1559211300000,8789.93043046,8776.9,8789.9,8779.9,11.42206533
1559211360000,8779.9,8768.2,8779.9,8771.1,18.66945731
1559211420000,8776.55841824,8771.2,8771.2,8776.55841824,2.43754413
1559211480000,8777.4,8776.5631815,8776.5631815,8777.4,2.70866651
1559211540000,8777.4,8777.39031339,8777.4,8777.4,0.71813501
1559211600000,8777.4,8777.3,8777.39031339,8777.4,2.69191332
1559211660000,8780,8777.9634862,8778,8780,9.04939832
1559211720000,8780,8779.9688338,8780,8780,0.78432894
1559211780000,8780,8778.4,8779.9688338,8778.5,0.47781239
1559211840000,8778.5,8778.4,8778.4,8778.409119,0.25116287
1559211900000,8778.5,8778.4,8778.4,8778.5,0.48565989
1559211960000,8778.5,8769.00052101,8778.5,8773.1,7.34799309
1559212020000,8773.1,8773,8773,8773.1,2.63822334
1559212080000,8779,8773.0615254,8773.0615254,8778.9,4.78916041
1559212140000,8781,8778.9,8778.9,8781,3.71539415
1559212200000,8781,8780.97956963,8780.97956963,8780.97956963,0.56391333
1559212260000,8791,8780.9,8780.97956963,8788.3,27.9542
1559212320000,8797,8788.3,8788.3,8797,5.11936006
1559212380000,8800,8796.9,8797,8797.2,20.10800263
1559212440000,8797.2,8797.1,8797.127736,8797.2,3.50167868
1559212500000,8797.2,8797.1,8797.1,8797.2,9.51825395
1559212560000,8797.2,8777.6,8797.2,8781.4,17.08370072
1559212620000,8781.4,8779.5,8781.3,8779.5,5.10041619
1559212680000,8779.5,8764.6,8779.5,8768.3,18.56605312
1559212740000,8770.2,8761,8768.3,8764.7,7.66474345
1559212800000,8764,8761,8764,8761,14.23081239
1559212860000,8761.1,8761,8761.1,8761.03052336,0.87600502
1559212920000,8761.1,8761.03052336,8761.03052336,8761.03052336,0.6464285
1559212980000,8761.1,8761,8761.03052336,8761.1,1.042393
1559213040000,8761.1,8755,8761.1,8761.1,2.50684673
1559213100000,8761.1,8757.7,8761,8760.9,0.90907558
1559213160000,8761,8757.4,8760.8,8759.3,14.28408674
1559213220000,8759.4,8759.3,8759.3,8759.4,2.52658041
1559213280000,8759.4,8759.327751,8759.35986753,8759.4,0.02848416
1559213340000,8759.4,8755,8759.4,8755,0.46945196
1559213460000,8759,8755.06013198,8755.06013198,8759,3.68032321
1559213520000,8758.9,8756,8758.9,8756.1,12.19500035
1559213580000,8756.1,8756,8756.046387,8756.1,7.155
1559213640000,8756.1,8756,8756,8756.1,14.42224665
1559213700000,8756.1,8756.046387,8756.1,8756.1,0.3360143
1559213760000,8756.1,8756,8756.1,8756,0.63132662
1559213820000,8756.1,8756,8756,8756,0.58746054
1559213880000,8756.1,8756,8756,8756,0.39987004
1559213940000,8758.6,8754,8756,8758.2,15.81075392
1559214000000,8760.9,8756.5,8756.5,8760.9,2.18769928
1559214060000,8764,8759.8,8760.9,8763.93608397,2.78952149
1559214120000,8764,8761,8763.93608397,8761,2.77498244
1559214180000,8761.1,8761,8761.04027732,8761,0.89873388
1559214240000,8762.9,8759.9,8761.1,8759.9,3.56120314
1559214300000,8760,8759.9,8759.9,8760,0.99946779
1559214360000,8764,8760.6,8761.9,8762.6,6.66241388
1559214420000,8762.6,8762.5,8762.6,8762.6,17.63451591
1559214480000,8770,8762.9,8762.9,8770,6.83575475
1559214540000,8776,8769.7,8770,8776,2.58920367
1559214600000,8776,8775.9,8776,8775.9,0.15706508
1559214660000,8776,8775.9,8775.9,8776,0.17858612
1559214720000,8775.9,8772,8775.9,8772,0.57489792
1559214780000,8772,8770,8772,8770.1,1.2008793
1559214840000,8770.1,8769.8,8770,8770,13.42533295
1559214900000,8773.4,8770,8770.1,8772.3,3.76336047
1559214960000,8773.3,8770.1,8772.3,8770.2,12.14134955
1559215020000,8770.1,8767,8770.1,8767,12.72260788
1559215080000,8770,8766.4,8767,8768.2,17.64880314
1559215140000,8769.9,8765,8766,8769.8,11.67253317
1559215200000,8769.9,8765.1,8766.6,8768.7,12.16934568
1559215260000,8769.9,8766.6,8767.7,8769.9,9.27722767
1559215320000,8771.7,8765,8768.2,8765,11.53913315
1559215380000,8767,8765,8765,8766.8,11.15008376
1559215440000,8767,8765,8766.1,8765.7,4.94540823
1559215500000,8770,8765,8765,8770,10.22622959
1559215560000,8774,8768.2,8768.2,8773.9,5.64895245
1559215620000,8776.1,8774,8774,8775,1.89469995
1559215680000,8777,8774.2,8776,8777,0.47605383
1559215740000,8778,8777,8777,8777.9,0.21200774
1559215800000,8778,8777.9,8777.9,8778,0.08017718
1559215860000,8779,8777.9,8778,8779,1.78932453
1559215920000,8781,8779,8779,8781,1.71587177
1559215980000,8782,8781,8781,8781.9,1.90994529
1559216040000,8782,8779,8781.9,8779,1.73563358
1559216100000,8779,8778.11683106,8779,8778.11683106,3.27746475
1559216160000,8778.67862765,8778,8778.2,8778.67862765,0.85584686
1559216220000,8778.5,8778,8778.5,8778.1,0.10363591
1559216280000,8778.1,8778,8778,8778,0.37770304
1559216340000,8778,8774.4,8778,8774.4,2.3653254
1559216400000,8774.4,8766,8774.4,8766,19.81356089
1559216460000,8766,8756,8766,8756,22.69807845
1559216520000,8758,8742.4,8756,8751.6,46.76150097
1559216580000,8749.13702806,8745.4,8749.1,8748.1,0.0934185
1559216640000,8751.8,8748.1,8748.1,8750.9,0.1455154
1559216700000,8750.9,8750.3619451,8750.8,8750.3619451,0.30955027
1559216760000,8760,8750.4,8750.4,8760,1.62395552
1559216820000,8760.7,8759.60450099,8760,8760.7,0.36777619
1559216880000,8760.60670584,8757.00426715,8760.60670584,8757.1,0.26946609
1559216940000,8757.1,8757,8757.1,8757.1,1.20453159
1559217000000,8759.6,8757.1,8757.1,8758.6,0.6351013
1559217060000,8758.7,8756,8757.33837216,8758.7,0.65679982
1559217120000,8756.1,8755,8756.1,8755,1.03117493
1559217180000,8755.1,8754.1,8755,8754.1,1.62432642
1559217240000,8754.1,8754,8754.1,8754,0.91451767
1559217300000,8754.1,8754,8754,8754,0.57622765
1559217360000,8754.3,8751,8754,8751,9.48167191
1559217420000,8750,8746.7,8750,8747,1.40566791
1559217480000,8746.92934885,8746.9,8746.9,8746.9,2.05487689
1559217540000,8746.92938631,8744.1,8746.92938631,8744.1,0.42216521
1559217600000,8745.4,8742.3,8744,8744.8,1.57304847
1559217660000,8744.8,8729.4,8744.8,8729.4,13.39886042
1559217720000,8729.5,8722,8729.5,8725,5.00278953
1559217780000,8725,8722.8,8725,8722.8,0.79935828
1559217840000,8722.98777256,8722,8722.98777256,8722,4.7840636
1559217900000,8722.1,8713.9,8722,8714.3,5.43819575
1559217960000,8714.3,8714.1,8714.2,8714.2,3.748879
1559218020000,8714,8713.9,8714,8714,1.506574
1559218080000,8726,8713.9,8713.9,8725.4,5.06087269
1559218140000,8732.3,8724.2,8724.2,8732.3,0.70592742
1559218200000,8734,8732.3,8732.3,8733,3.02985489
1559218260000,8733,8732.9,8732.94956506,8733,5.08506165
1559218320000,8733,8732.94956506,8733,8732.94956506,0.68641945
1559218380000,8733,8732.9,8733,8732.9,1.4853151
1559218440000,8733,8732.9,8733,8733,0.17373582
1559218500000,8733,8732.9,8732.94956506,8733,0.58374941
1559218560000,8735,8733,8733,8735,2.55549373
1559218620000,8737.7,8734.95386317,8734.95386317,8737.7,5.59777453
1559218680000,8737.7,8737.6,8737.7,8737.6,0.79589698
1559218740000,8742.9,8737.7,8737.7,8742.9,3.85394794
1559218800000,8742.9,8742.8,8742.8,8742.9,0.02763081
1559218860000,8745,8742.89466354,8742.89466354,8744.5,5.20348452
1559218920000,8744.53678263,8744.5,8744.53678263,8744.5,0.4947006
1559218980000,8744.6,8744.6,8744.6,8744.6,0.07715221
1559219040000,8745.8,8744.19539343,8744.52947288,8745.8,19.65009305
1559219100000,8745.7,8745.64307103,8745.7,8745.7,0.07638562
1559219160000,8751,8745.64307103,8745.7,8749.9,2.13464063
1559219220000,8749.9,8747.4,8749.8,8747.4,4.16651372
1559219280000,8747.4,8747.3,8747.31346825,8747.3,0.15734726
1559219340000,8747.4,8747.4,8747.4,8747.4,0.40386419
1559219400000,8752,8747.4,8747.4,8752,7.28964741
1559219460000,8753,8752,8752,8753,2.085
1559219520000,8753,8752.9,8753,8752.9,0.18604905
1559219580000,8753,8752.89557462,8753,8752.89557462,0.10676727
1559219640000,8751.9,8750,8751.9,8750.1,0.60981213
1559219700000,8750,8750,8750,8750,0.01733069
1559219760000,8750.1,8750.1,8750.1,8750.1,0.4468976
1559219820000,8750.1,8750,8750,8750.1,0.43488372
1559219880000,8752,8750.1,8750.1,8751.9214135,0.13744682
1559219940000,8754,8751.9214135,8751.9214135,8754,2.87481675
1559220000000,8755,8753.9,8754,8755,0.94387806
1559220060000,8760,8755,8755,8760,3.89386432
1559220120000,8760,8758,8760,8758,0.57784545
1559220180000,8758,8755,8758,8755,1.08743875
1559220240000,8755,8754,8755,8754.1,1.72988204
1559220300000,8754.1,8754.1,8754.1,8754.1,0.0925
1559220360000,8755.5,8754,8754,8755.4,0.77527605
1559220420000,8755.5,8755.4,8755.5,8755.4,0.0148
1559220480000,8758.3,8753,8755.5,8753.1,3.95299085
1559220540000,8753.1,8753,8753.1,8753.1,0.59270445
1559220600000,8753.2,8753.2,8753.2,8753.2,0.11521521
1559220660000,8755.43505028,8753.1,8753.2,8755.43505028,3.05110679
1559220720000,8753.3,8753.2,8753.2,8753.3,0.13110679
1559220780000,8753.3,8753.1,8753.3,8753.2,1.365
1559220840000,8753.1,8753,8753.1,8753,1.91337805
1559220900000,8753.09230809,8751.1,8753.09230809,8751.1,1.31506591
1559220960000,8751.1059069,8750,8751.1059069,8750,3.19566284
1559221020000,8750.1,8750,8750,8750.1,1.14847744
1559221080000,8750.1,8750,8750,8750.03155211,2.48540892
1559221140000,8750.1,8750,8750,8750,0.28160473
1559221200000,8752.6,8750,8750.0556318,8751.2,10.61560576
1559221260000,8751.2,8751.16887043,8751.16887043,8751.2,0.16450626
1559221320000,8763,8751.2,8751.2,8763,11.35404916
1559221380000,8765,8760,8762.9,8760,11.17659548
1559221440000,8766,8760.4,8760.4,8765,10.11996317
1559221500000,8760.8,8760.2,8760.3,8760.8,0.82235
1559221560000,8760.3,8757,8760.2974272,8757,1.99204097
1559221620000,8759.2,8757,8757.7,8757.8,0.71958412
1559221680000,8761.9,8757.2,8757.2,8761.9,1.03279185
1559221740000,8761.9,8757.59734004,8760.2,8761.9,1.65219837
1559221800000,8766,8760.3,8761.9,8766,2.06622431
1559221860000,8768,8762.6,8763.27447787,8766.4,17.8625694
1559221920000,8765.2,8765.1,8765.1,8765.1,14.7599867
1559221980000,8765.2,8765,8765.2,8765,6.11623438
1559222040000,8765.05554072,8765,8765.0350801,8765,1.26612634
1559222100000,8765.1,8765,8765,8765,15.51610353
1559222160000,8773,8765.1,8765.1,8772.5,5.38721921
1559222220000,8778,8772.29110854,8772.29110854,8778,7.80415103
1559222280000,8776.5,8776.3,8776.5,8776.4,0.20966887
1559222340000,8780,8774,8774.7,8777.3,1.84973261
1559222400000,8780,8777.42631185,8777.42631185,8778.5,0.45
1559222460000,8778.98446779,8777.6,8778.9,8777.6,0.28383175
1559222520000,8777.6,8771.1,8777.6,8771.1,1.25444949
1559222580000,8771.2,8770,8771.2,8770.08071955,5.32922576
1559222640000,8770.1,8770,8770,8770.1,0.63773685
1559222700000,8770.1,8763,8770.08071955,8765.2,5.45603955
1559222760000,8764.9,8763,8764.9,8763,0.0263
1559222820000,8763.1,8763,8763,8763.1,0.125
1559222880000,8763,8750,8763,8750.1,6.67904003
1559222940000,8750.1,8750,8750,8750.1,1.41
1559223000000,8750.1,8750.1,8750.1,8750.1,0.01
1559223060000,8758,8750.1,8750.1,8758,0.1520296
1559223120000,8762.8,8758,8758,8761.2,1.37039706
1559223180000,8763.1,8761.2,8763,8762.5,0.051465
1559223240000,8763.9,8760,8762.6,8760,0.90469225
1559223300000,8759,8749,8759,8749.1,5.05905828
1559223360000,8754.8,8749.1,8749.15162055,8754.8,0.78995956
1559223420000,8756.4,8753,8754.7,8756.3,0.04554112
1559223480000,8755.7,8751.2,8755.7,8751.4,2.17541374
1559223540000,8752,8751,8751.2,8752,0.72743811
1559223600000,8751.38198172,8749,8751.38198172,8749,3.72689609
1559223660000,8749,8742.2,8749,8744.4,20.34927968
1559223720000,8748.1,8743,8744.8,8746.8,9.04800477
1559223780000,8748,8743.4,8743.5,8746.4,0.21348148
1559223840000,8752,8746.6,8746.6,8752,0.68276309
1559223900000,8751.7,8748.2,8751.15952666,8751.2,1.16014226
1559223960000,8751.5,8748,8751.15952666,8750.2,0.32472544
1559224020000,8752,8751.5,8751.5,8752,0.1568635
1559224080000,8753,8752,8752,8753,0.09062821
1559224140000,8755,8752.9,8753,8755,1.22937416
1559224200000,8756.3,8754.95554888,8754.95554888,8756.2,0.64229826
1559224260000,8755.17789413,8754.9,8754.9,8755,1.68606542
1559224320000,8755.28906676,8754.5,8755,8755.28906676,0.4125822
1559224380000,8755.17789413,8754,8755.17789413,8754,1.45382468
1559224440000,8754.39968574,8754,8754,8754.17734049,0.1088663
1559224500000,8754.2,8754.17734049,8754.2,8754.2,0.02877748
1559224560000,8754.2,8754,8754.2,8754.1,0.74617308
1559224620000,8754.1,8754,8754,8754.1,0.09056801
1559224680000,8754.1,8751,8754,8751,10.58575547
1559224740000,8751,8748,8751,8748,1.43010732
1559224800000,8748,8746,8748,8746,0.511727
1559224860000,8746.1,8746,8746.1,8746.1,0.2519
1559224920000,8748,8746.1,8746.1,8747.9,4.93962268
1559224980000,8747.9,8747.6,8747.9,8747.6,0.43901646
1559225040000,8747.7,8745,8747.6,8747.7,0.20155897
1559225100000,8749.8,8747.4,8747.4,8747.9,0.47357933
1559225160000,8750.8,8748.1,8748.1,8750.7,0.33990224
1559225220000,8750.6,8747,8750.6,8747,1.90217209
1559225280000,8749.2,8747,8747.219985,8749.2,0.65810269
1559225340000,8750.3,8745,8749.5,8745.1,1.49993373
1559225400000,8750.4,8745,8745,8750.4,0.90026463
1559225460000,8750.4,8745.1,8750.4,8745.1,2.02827457
1559225520000,8748.2,8745.1,8745.1,8746.2,0.47339912
1559225580000,8750.4,8746,8748.5,8746,0.35597846
1559225640000,8747.3,8745,8745.1,8747.3,1.18161989
1559225700000,8749.6,8747,8747.3,8747.4,1.25189261
1559225760000,8750.4,8749.3,8749.8,8750.4,0.97
1559225820000,8749.7,8747.1,8749.7,8747.5,1.16088048
1559225880000,8748.5,8747,8747.5,8747.3,0.50061081
1559225940000,8747.1,8747,8747,8747,2.50160954
1559226000000,8747.1,8745.04964366,8747,8745.7,2.125
1559226060000,8749.9,8745.4,8745.5,8745.4,1.88928338
1559226120000,8749.83316167,8745.4,8745.4,8746.6,1.15550521
1559226180000,8747.8,8745.1,8746.60706813,8747,0.755
1559226240000,8747.6,8746,8746.1,8746.7,0.545
1559226300000,8748.2,8746.6,8746.6,8748.2,0.2
1559226360000,8748.1,8748.05324799,8748.1,8748.1,0.26778583
1559226420000,8748.1,8748,8748.05324799,8748.1,0.05773804
1559226480000,8748.1,8748,8748.1,8748.1,4.06358893
1559226540000,8748.1,8748.1,8748.1,8748.1,0.01
1559226600000,8748.1,8745,8748.04480597,8745,3.65890248
1559226660000,8745.1,8745,8745,8745,0.45544448
1559226720000,8745.1,8745,8745,8745.1,1.9922404
1559226780000,8746.2,8745,8745.1,8745.3,0.67208725
1559226840000,8745.3,8745,8745.3,8745,0.18259627
1559226900000,8745.1,8745,8745,8745.1,0.025
1559226960000,8745.1,8745,8745,8745,0.47723873
1559227020000,8745.1,8744.5,8745,8744.6,6.14143537
1559227080000,8746.7,8744.1,8744.3,8746.7,1.40643201
1559227140000,8748.9,8745.4,8747.3,8745.9,1.155
1559227200000,8748.9,8746.8,8747.5,8748.3,0.5264
1559227260000,8748.6,8745.1,8746.3,8747.1,2.4714
1559227320000,8747.9,8746.1,8747.2,8746.2,0.60220877
1559227380000,8750,8749.3,8749.3,8750,2.48217653
1559227440000,8756.4,8750.4,8750.4,8756.4,13.67750215
1559227500000,8756.3,8754.7,8756.3,8756.1,1.03665885
1559227560000,8756.1,8755.3,8756.1,8755.3,0.31603413
1559227620000,8755.38011388,8755.3,8755.38011388,8755.38011388,0.05803096
1559227680000,8755.3,8755.3,8755.3,8755.3,0.69996587
1559227740000,8755.3,8755.3,8755.3,8755.3,0.77152999
1559227800000,8755.3,8755.3,8755.3,8755.3,0.16319261
1559227860000,8756.3,8755.3,8755.3,8755.3,2.85078246
1559227920000,8755.4,8755,8755.3,8755,8.15814254
1559227980000,8755.1,8755,8755,8755,5.10260117
1559228040000,8755.1,8751.1,8751.1,8754,1.43688854
1559228100000,8757.4,8751.1,8751.2,8751.1,7.53513684
1559228160000,8751.2,8751.1,8751.2,8751.2,0.11466621
1559228220000,8751.1,8750.1,8751.1,8750.1,8.44818004
1559228280000,8750,8742.90547308,8750,8743,3.468
1559228340000,8743,8736,8743,8738,6.55414794
1559228400000,8756,8738.00887505,8738.00887505,8756,1.73592442
1559228460000,8760,8756.1,8757.5,8760,4.97606519
1559228520000,8765.94183599,8760,8760,8762,6.51904787
1559228580000,8766.9,8762,8762.1,8762.1,0.44413978
1559228640000,8762,8757,8762,8757,0.441504
1559228700000,8757.8,8753,8757,8753,2.27013979
1559228820000,8754.5,8753.1,8753.1,8754.5,0.05554895
1559228880000,8768.3,8759.6,8759.6,8768.3,5.41858576
1559228940000,8763.8,8760.1,8762.9,8760.1,0.19014744
1559229000000,8760.2,8760.1,8760.1,8760.19904299,1.07893602
1559229060000,8761.4,8760.19904299,8760.19904299,8760.9,0.31599973
1559229120000,8762.8,8760.1,8762.8,8761.2,0.99837732
1559229180000,8766.7,8760.1,8761.1,8760.1,9.37553425
1559229240000,8761.53479552,8761.53479552,8761.53479552,8761.53479552,0.005
1559229300000,8761.1,8761.08954468,8761.08954468,8761.1,0.03142
1559229360000,8765.3,8760.1,8761.08954468,8765.3,0.29425983
1559229420000,8765,8760.1,8760.1,8765,0.56971677
1559229480000,8761.6,8760.4,8761.5,8761.6,0.83365469
1559229540000,8761.27281454,8761.2,8761.2,8761.2,0.12491452
1559229600000,8762.2,8760.1,8761.2,8762.2,0.41989847
1559229660000,8764.9,8761.49548705,8761.49548705,8764.9,22.061
1559229720000,8764.8,8760.1,8764.8,8760.1,9.03
1559229780000,8764.9,8763.38820344,8763.38820344,8764.9,1.3239828
1559229840000,8769,8764.9,8764.9,8769,0.47734922
1559229900000,8769,8768.6,8769,8768.6,4.92871693
1559229960000,8767.1,8767.06229995,8767.06229995,8767.06229995,0.29140014
1559230020000,8767.1,8763.9,8767.06229995,8763.9,0.75227785
1559230080000,8763.3,8760.1,8763.3,8761.27281454,2.45
1559230140000,8760.3,8757.3,8760.3,8757.6,9.09628086
1559230200000,8757.9,8755.6,8757.8,8755.6,3.97930879
1559230260000,8755.6,8755.6,8755.6,8755.6,0.3366304
1559230320000,8759.8,8755.6,8755.6,8759.8,0.42894992
1559230380000,8760,8759.7,8759.79781095,8760,0.47881846
1559230440000,8761.9,8759.9,8759.9,8761.8,0.07782825
1559230500000,8761.9,8761.8,8761.9,8761.8,0.05652758
1559230560000,8761.9,8761,8761.8,8761.9,5.40309453
1559230620000,8761.9,8761.80190822,8761.80190822,8761.9,0.07649247
1559230680000,8761.80190822,8758.37696539,8761.80190822,8758.37696539,1.2282011
1559230740000,8758.93386253,8758.6,8758.6,8758.93386253,0.043367
1559230800000,8759.9,8758.9,8758.9,8759.9,0.22
1559230860000,8789.4,8764.05721846,8764.05721846,8786.5,32.07220171
1559230920000,8810,8786.6,8786.6,8805.6,74.98075564
1559230980000,8819.9,8803.7,8806.5,8813.2,39.68892279
1559231040000,8820,8813.1,8815.2,8819.8,10.22492122
1559231100000,8828.3,8817.1,8819.9,8828.3,66.30271068
1559231160000,8850,8829,8829,8850,130.3896952
1559231220000,8888,8850,8850,8880.6,194.69486398
1559231280000,8881.3,8860,8877.6,8860,37.72613714
1559231340000,8888,8860.06297021,8860.06297021,8885,21.93242137
1559231400000,8885,8875.2,8885,8875.767957,19.42571302
1559231460000,8878.2,8868,8875.767957,8869.9,19.97871837
1559231520000,8877,8868,8869,8877,3.87041215
1559231580000,8878.7,8874.9,8877,8875,14.96742697
1559231640000,8874.9,8868,8874.9,8870.1,6.80810523
1559231700000,8879.9,8870,8870,8879.9,12.16789168
1559231760000,8929.6,8880,8880,8929.1,194.7111578
1559231820000,8970,8927,8929.4,8967,239.8903518
1559231880000,8970.6,8916.97108855,8964.2,8932.3,185.0350489
1559231940000,8965,8932,8932.3,8964.2,19.99394104
