1468684860000,661.8,661.8,661.8,661.8,0.03777519
1468684920000,661.92,661.81,661.81,661.85,1.85746173
1468685040000,661.83,661.83,661.83,661.83,7.543
1468685100000,661.97,661.97,661.97,661.97,0.57
1468685160000,662,662,662,662,0.81129243
1468685220000,662.49,662,662.47,662.49,23.54095929
1468685280000,662.49,662.49,662.49,662.49,0.729826
1468685340000,662.49,662.49,662.49,662.49,7.132
1468685400000,662.48,662.48,662.48,662.48,0.811651
1468685460000,662.49,662.49,662.49,662.49,6.82994168
1468685520000,662.49,662.49,662.49,662.49,1
1468685580000,662.7,662.49,662.49,662.7,34.55286924
1468685640000,662.53,662.52,662.52,662.53,0.09793889
1468685700000,663.19,662.55,663.18,662.55,0.340552
1468685820000,662.6,662.55,662.55,662.6,0.16126
1468685880000,662.55,662.53,662.55,662.54,0.082262
1468686000000,663.09,663.02,663.09,663.02,2
1468686060000,662.53,662.49,662.49,662.52,0.27223028
1468686180000,662.73,662.73,662.73,662.73,0.540653
1468686360000,663.05,662.73,662.73,662.73,0.5
1468686420000,663.05,662.51,663.05,662.51,0.786216
1468686480000,662.59,662.53,662.53,662.59,0.073357
1468686600000,662.51,662.5,662.5,662.51,0.07338
1468686660000,663.22,662.48,663.05,662.48,0.72746662
1468686720000,663.21,663.17,663.17,663.21,2.8705
1468686780000,662.93,662.66,662.93,662.68,0.13548437
1468686840000,663.21,663.21,663.21,663.21,5.218665
1468686900000,662.88,662.78,662.78,662.88,0.020402
1468687140000,663.01,663.01,663.01,663.01,0.022503
1468687200000,663.01,663.01,663.01,663.01,0.120711
1468687260000,663.01,663.01,663.01,663.01,0.120702
1468687440000,663.22,662.97,663,663,10.3405986
1468687560000,663.22,663.22,663.22,663.22,0.2259
1468687620000,663.59,663.22,663.59,663.22,5.74
1468687680000,662.99,662.98,662.99,662.98,2.536346
1468687800000,663.47,663.02,663.47,663.02,1.436447
1468687860000,662.98,662.97,662.98,662.97,2
1468687920000,663,662.98,662.98,662.99,1.487137
1468687980000,663.14,663.02,663.14,663.03,2.129274
1468688100000,663.19,663.19,663.19,663.19,0.232609
1468688160000,663.88,663.14,663.88,663.14,1.549868
1468688340000,663.91,663.91,663.91,663.91,0.033785
1468688400000,663.82,663.82,663.82,663.82,0.188
1468688580000,663.74,663.74,663.74,663.74,4.55
1468688640000,663.41,663.41,663.41,663.41,0.25663509
1468688700000,663.41,663.18,663.41,663.33,10.205434
1468688760000,663.91,663.41,663.88,663.87,4.933
1468688820000,663.91,663.39,663.9,663.59,2.56327396
1468688880000,663.91,663.78,663.78,663.86,17
1468689000000,663.89,663.5,663.88,663.5,0.630721
1468689060000,663.89,663.41,663.89,663.41,0.95445
1468689120000,663.4,663.38,663.4,663.38,0.794388
1468689180000,663.41,663.41,663.41,663.41,0.38
1468689300000,664.48,663.91,663.91,664.13,8.02254702
1468689420000,664.2,664.2,664.2,664.2,1.61
1468689480000,664.81,664.49,664.49,664.8,5.5
1468689540000,664.96,664.81,664.81,664.96,6.5469
1468689600000,664.35,664.35,664.35,664.35,0.020449
1468689720000,664.99,664.95,664.95,664.99,164.67281494
1468689780000,664.74,664.09,664.73,664.26,35.15
1468689900000,664.44,664.12,664.44,664.44,5.46139433
1468690020000,664.96,664.92,664.93,664.96,0.737098
1468690140000,664.07,664.06,664.06,664.07,0.29975106
1468690200000,664.06,664.02,664.06,664.02,0.03
1468690260000,664.07,663.56,664,663.72,9.40381959
1468690320000,664.05,664.05,664.05,664.05,0.19
1468690380000,664.05,664.05,664.05,664.05,0.13
1468690440000,664.06,664.05,664.06,664.05,12.2778
1468690500000,664.05,664.05,664.05,664.05,3.028
1468690620000,664.05,664.05,664.05,664.05,0.00153271
1468690680000,664.06,664.06,664.06,664.06,0.387638
1468690860000,664.06,664.06,664.06,664.06,5
1468691040000,664.05,664.05,664.05,664.05,0.00846729
1468691100000,663.38,663.38,663.38,663.38,0.10998013
1468691160000,663.37,663.37,663.37,663.37,2.01596395
1468691220000,663.48,663.36,663.38,663.44,43.15666063
1468691340000,663.75,663.61,663.7,663.75,9.47189702
1468691400000,663.36,663.32,663.36,663.32,1.832
1468691520000,663.31,663.31,663.31,663.31,1
1468691580000,663.33,663.32,663.32,663.33,0.42725
1468691760000,663.62,663.62,663.62,663.62,0.012403
1468691880000,663.34,663.34,663.34,663.34,1.160043
1468691940000,663.34,663.34,663.34,663.34,0.01
1468692000000,663.34,663.34,663.34,663.34,0.032
1468692180000,663.34,663.34,663.34,663.34,0.7286493
1468692240000,663.35,663.35,663.35,663.35,0.25
1468692300000,663.34,663.34,663.34,663.34,0.07
1468692360000,663.34,663.34,663.34,663.34,0.06
1468692420000,663.34,662.6,663.34,662.61,15
1468692480000,662.61,662.61,662.61,662.61,0.283752
1468692540000,662.62,662.62,662.62,662.62,0.162664
1468692600000,663.62,662.64,662.65,663.62,41.34512398
1468692660000,663.76,663.27,663.65,663.68,11.44264044
1468692720000,664.05,664.04,664.04,664.05,1.383
1468692780000,664.42,664.09,664.09,664.42,6.099
1468692840000,664.53,664.31,664.42,664.44,3.741886
1468692900000,664.49,663.87,664.44,664.09,2.4811222
1468692960000,664.1,664.1,664.1,664.1,0.18970321
1468693020000,664.45,663.81,663.81,664.44,0.819291
1468693140000,664.37,664.1,664.1,664.1,0.037458
1468693200000,664.7,664.1,664.37,664.7,2.25427426
1468693260000,664.79,664.68,664.68,664.71,0.44334105
1468693320000,664.74,664.71,664.71,664.74,0.043046
1468693380000,664.73,662.92,664.73,662.94,12.896325
1468693440000,663.9,663.9,663.9,663.9,0.09
1468693500000,663.1,663.1,663.1,663.1,0.01523966
1468693560000,663.09,662.97,663.09,662.97,0.7981043
1468693680000,662.74,662.69,662.69,662.74,0.04365547
1468693740000,662.64,662.63,662.63,662.64,1.563
1468693860000,662.64,662.64,662.64,662.64,0.784785
1468693920000,663.93,663.93,663.93,663.93,0.35451
1468693980000,664.49,664.49,664.49,664.49,0.01
1468694040000,664.39,664.39,664.39,664.39,0.01
1468694100000,663.91,663.91,663.91,663.91,0.01
1468694160000,664.14,663.93,663.93,664.13,9.08687744
1468694220000,664.05,663.96,663.96,664.05,0.08816558
1468694280000,664.11,664.11,664.11,664.11,0.34708493
1468694340000,664.14,664.1,664.1,664.14,0.55617138
1468694400000,664.14,664.13,664.14,664.13,0.9587987
1468694460000,664.14,664.13,664.14,664.13,0.50031817
1468694520000,664.46,664.14,664.36,664.46,52.5
1468694640000,664.48,664.46,664.46,664.48,28.10558535
1468694700000,664.48,664.48,664.48,664.48,0.0753976
1468694760000,664.48,664.48,664.48,664.48,0.05730218
1468694880000,664.49,664.48,664.48,664.49,2.03645
1468694940000,664.49,664.48,664.49,664.48,1.07388965
1468695000000,664.48,664.48,664.48,664.48,0.15636681
1468695060000,664.49,664.48,664.48,664.49,2.58821
1468695120000,664.48,664.48,664.48,664.48,0.01
1468695240000,664.48,664.48,664.48,664.48,0.030626
1468695360000,664.48,664.48,664.48,664.48,0.04506431
1468695420000,664.48,664.48,664.48,664.48,0.03726373
1468695480000,664.48,664.48,664.48,664.48,0.58864069
1468695540000,664.49,664.49,664.49,664.49,0.147056
1468695600000,664.5,664.5,664.5,664.5,0.29189
1468695660000,664.55,664.55,664.55,664.55,2
1468695720000,664.68,664.68,664.68,664.68,0.292698
1468696080000,664.79,664.69,664.69,664.79,0.19434316
1468696140000,664.77,664.47,664.47,664.49,0.49517636
1468696200000,664.7,664.5,664.5,664.7,0.46864212
1468696320000,664.7,664.7,664.7,664.7,0.02979933
1468696380000,664.71,664.71,664.71,664.71,0.303
1468696500000,664.71,664.71,664.71,664.71,0.34386474
1468696560000,664.71,664.71,664.71,664.71,0.02979395
1468696620000,664.72,664.71,664.71,664.72,1.02806155
1468696740000,664.72,664.72,664.72,664.72,0.05878978
1468696860000,664.72,664.72,664.72,664.72,0.010154
1468696920000,664.72,664.72,664.72,664.72,0.01784
1468697280000,664.73,664.72,664.72,664.73,0.21071486
1468697340000,664.73,664.73,664.73,664.73,8.94536
1468697400000,664.73,664.73,664.73,664.73,5.57487207
1468697460000,664.73,664.73,664.73,664.73,0.046196
1468697580000,664.73,664.73,664.73,664.73,0.668713
1468697700000,664.74,664.73,664.74,664.74,3.035304
1468697760000,664.73,664.73,664.73,664.73,0.02317629
1468697880000,664.77,664.73,664.73,664.75,0.62781981
1468697940000,664.75,664.75,664.75,664.75,7.5265
1468698000000,664.69,664.69,664.69,664.69,0.22204961
1468698060000,664.7,664.69,664.69,664.7,0.51770186
1468698120000,664.74,664.7,664.74,664.7,1.02978768
1468698180000,664.7,664.7,664.7,664.7,0.9108286
1468698240000,664.74,664.68,664.69,664.74,8.27151554
1468698300000,664.47,664.47,664.47,664.47,0.334
1468698360000,664.47,664.47,664.47,664.47,0.371
1468698420000,664.47,664.47,664.47,664.47,0.560251
1468698480000,664.47,664.47,664.47,664.47,0.37212291
1468698540000,664.47,664.47,664.47,664.47,1.67175047
1468698600000,664.47,664.47,664.47,664.47,5.79663213
1468698660000,664.73,664.73,664.73,664.73,0.0266
1468698720000,664.47,664.47,664.47,664.47,0.047473
1468698780000,664.79,664.79,664.79,664.79,0.41889034
1468698840000,664.8,664.47,664.8,664.67,11.92224823
1468698900000,664.68,664.67,664.67,664.68,0.033587
1468699020000,664.47,664.47,664.47,664.47,21.33620611
1468699080000,664.49,664.48,664.48,664.49,10.64336955
1468699140000,664.81,664.47,664.81,664.47,10.7852
1468699200000,665.09,664.47,664.47,665,0.81285631
1468699260000,665.1,664.98,664.98,665.09,0.736
1468699320000,665,664.05,664.58,665,6.24829129
1468699500000,665.1,664.75,664.89,665.1,50.51
1468699560000,664.22,664.22,664.22,664.22,0.02108395
1468699680000,664.75,663.98,664.75,663.98,0.8
1468699740000,665,664.99,664.99,665,0.117968
1468699800000,665.1,664.34,664.34,665,0.89162859
1468700280000,664.08,664.07,664.07,664.08,0.582568
1468700340000,664.08,664.08,664.08,664.08,0.404
1468700400000,664.83,664.08,664.83,664.08,13.646
1468700460000,664.08,664.08,664.08,664.08,0.5
1468700520000,664.02,664.02,664.02,664.02,0.5
1468700580000,664.08,663.93,664.02,663.94,4.63598481
1468700700000,663.94,663.92,663.92,663.94,0.30469543
1468700760000,663.95,663.94,663.95,663.95,0.829071
1468700880000,664,664,664,664,0.5
1468700940000,664.02,663.94,663.94,664.02,0.464134
1468701060000,664.08,664.07,664.07,664.08,1.25328845
1468701180000,664.07,664.07,664.07,664.07,0.307597
1468701420000,664.03,663.9,663.91,663.9,12.12363
1468701480000,664.07,663.9,663.91,664.07,7.233007
1468701540000,663.93,663.9,663.92,663.9,25.26228846
1468701720000,663.91,663.91,663.91,663.91,0.349561
1468701900000,663.91,663.91,663.91,663.91,0.712171
1468702020000,663.91,663.9,663.9,663.91,0.524291
1468702200000,663.9,663.9,663.9,663.9,2.4
1468702260000,663.9,663.9,663.9,663.9,0.5362254
1468702500000,663.91,663.91,663.91,663.91,3.47226848
1468702680000,663.91,663.9,663.9,663.91,0.7779227
1468702740000,663.91,663.91,663.91,663.91,0.03
1468702800000,663.91,663.91,663.91,663.91,2.75391552
1468702860000,665,664.06,664.07,665,7.41231375
1468702920000,664.94,664.88,664.93,664.92,7
1468703040000,664.94,664.94,664.94,664.94,0.690093
1468703220000,664.87,664.85,664.86,664.87,5
1468703340000,664.9,664.9,664.9,664.9,0.30251003
1468703400000,664.94,664.92,664.92,664.94,0.4006
1468703460000,665.02,664.9,664.91,665,55.773
1468703580000,665.08,664.9,664.9,665.08,1.1
1468703640000,665.07,665.07,665.07,665.07,8.78
1468703760000,664.9,664.9,664.9,664.9,0.03744111
1468703880000,665.35,664.9,664.9,665.23,2.893246
1468704000000,664.9,664.9,664.9,664.9,85.61738992
1468704060000,665.27,664.9,665.27,664.9,0.05071139
1468704120000,665.35,664.9,665.35,665,3.61676065
1468704180000,665.33,664.9,664.9,665.33,0.02
1468704240000,665.39,664.9,664.9,665.35,0.44886491
1468704300000,665.39,664.9,664.9,665.39,0.021
1468704480000,665.38,664.9,664.9,665.38,0.11261943
1468704540000,665.38,664.9,664.9,664.9,0.137968
1468704600000,665.38,665.38,665.38,665.38,1.66428994
1468704660000,665.38,665.3,665.38,665.3,2.46373285
1468704720000,664.9,664.9,664.9,664.9,4.03839338
1468704780000,665.31,665.3,665.31,665.3,1
1468704840000,664.9,664.9,664.9,664.9,0.498002
1468704900000,664.9,664.9,664.9,664.9,0.04272505
1468705020000,664.91,664.9,664.9,664.91,6.48213741
1468705080000,664.91,664.9,664.91,664.9,2.41765205
1468705140000,664.91,664.9,664.9,664.91,1.7049882
1468705200000,664.91,664.91,664.91,664.91,0.2
1468705260000,664.91,664.91,664.91,664.91,0.125
1468705320000,664.91,664.57,664.91,664.91,0.89198554
1468705380000,665.38,664.56,664.91,665.38,0.07456
1468705440000,665.37,665.37,665.37,665.37,0.074
1468705500000,665.37,665.37,665.37,665.37,0.078337
1468705560000,665.37,665.37,665.37,665.37,0.07397021
1468705620000,664.4,664.4,664.4,664.4,0.23830848
1468705680000,663.98,663.98,663.98,663.98,1.76
1468705800000,665.07,665.07,665.07,665.07,0.012
1468705860000,664.39,664.34,664.34,664.39,0.10198042
1468705920000,664.47,664.47,664.47,664.47,0.11
1468706220000,665.26,664.07,664.26,665.26,11.591338
1468706400000,664.15,663.91,663.91,663.91,0.49236914
1468706460000,664.7,663.9,664.1,664.7,1.93878307
1468706580000,664.68,664.67,664.68,664.68,0.62677098
1468706640000,664.11,664.11,664.11,664.11,0.526453
1468706700000,663.91,663.91,663.91,663.91,0.829656
1468706760000,663.93,663.93,663.93,663.93,1
1468706820000,663.94,663.92,663.92,663.94,1.520433
1468706880000,665.09,664.03,664.03,665.09,19.426246
1468706940000,665.1,663.91,665.07,665.1,16.99604663
1468707060000,665.3,665.3,665.3,665.3,0.07959124
1468707120000,665.18,665.17,665.18,665.17,4.05
1468707180000,665.29,665.25,665.29,665.25,0.3
1468707240000,665.25,664.24,664.24,665.25,2.01754943
1468707300000,665.22,663.94,664.36,664.47,43.69831536
1468707360000,664.05,664.03,664.04,664.03,9.66
1468707420000,663.92,663.9,663.91,663.9,51.32603606
1468707480000,663.91,663.9,663.9,663.91,66.2209231
1468707540000,663.9,663.26,663.9,663.26,54.69618462
1468707600000,663.44,663,663.41,663,97.03046441
1468707660000,663.9,663.9,663.9,663.9,2.84
1468707840000,664.15,664.15,664.15,664.15,0.02
1468707900000,663.95,663,663.95,663,22.05412432
1468708140000,663.5,663,663,663.01,0.37651776
1468708320000,663.17,663.17,663.17,663.17,0.49942185
1468708380000,663.77,663.77,663.77,663.77,0.5793
1468708440000,663.65,663.24,663.65,663.24,0.15671121
1468708560000,663.33,663.22,663.22,663.33,0.41089512
1468708800000,663.6,663.6,663.6,663.6,1.2
1468708860000,663.61,663.6,663.6,663.6,0.44
1468708920000,663.6,663.6,663.6,663.6,0.091
1468709040000,663.6,663.6,663.6,663.6,0.06959619
1468709160000,663.61,663.6,663.6,663.61,0.90288994
1468709280000,663.61,663.6,663.6,663.61,0.63713428
1468709340000,663.6,663.6,663.6,663.6,0.969549
1468709400000,663.61,663.61,663.61,663.61,1
1468709460000,663.61,663.6,663.61,663.61,0.95119299
1468709520000,663.6,663.6,663.6,663.6,0.124589
1468709580000,663.6,663.6,663.6,663.6,0.024765
1468709640000,663.6,663.6,663.6,663.6,5.05394257
1468709700000,663.6,663.6,663.6,663.6,0.055285
1468709760000,663.6,663.6,663.6,663.6,0.36318592
1468709880000,663.6,663.6,663.6,663.6,0.60041807
1468709940000,663.38,663.38,663.38,663.38,0.409309
1468710000000,663.39,663.39,663.39,663.39,1.07705754
1468710060000,663.39,663.38,663.39,663.38,1.02392483
1468710120000,663.39,663.39,663.39,663.39,2.27352153
1468710180000,663.38,663.38,663.38,663.38,0.089154
1468710240000,663.39,663.38,663.38,663.39,0.40918178
1468710420000,663.38,663.38,663.38,663.38,0.230127
1468710480000,663.38,663.38,663.38,663.38,0.2791449
1468710540000,663.39,663.39,663.39,663.39,0.176335
1468710600000,663.39,663.38,663.39,663.38,1.660829
1468710660000,663.39,663.38,663.39,663.38,0.487
1468710720000,663.39,663.38,663.39,663.38,0.025
1468710780000,663.39,663,663.38,663.2,21.11355904
1468710840000,663.19,663.15,663.15,663.19,0.50560741
1468710900000,663.2,663.2,663.2,663.2,0.2004
1468710960000,663.74,663.2,663.2,663.73,6.33119229
1468711020000,663.62,663.62,663.62,663.62,2.59064118
1468711080000,663.61,663.61,663.61,663.61,0.05
1468711440000,663.61,663.6,663.6,663.61,5.05215811
1468711500000,664.62,664.57,664.57,664.6,11.87659438
1468711560000,664.81,664.39,664.39,664.8,2.47916854
1468711620000,665.21,664.85,664.85,665.21,34.36919864
1468711740000,664.97,664.97,664.97,664.97,0.29
1468711800000,664.98,664.97,664.97,664.98,0.28670295
1468711860000,665.2,665.12,665.2,665.12,2.41329705
1468711980000,665.34,665.01,665.01,665.34,7.39501852
1468712040000,665.13,665.12,665.13,665.12,1.292089
1468712100000,665.12,665.06,665.11,665.06,1.8775685
1468712160000,665.13,665.13,665.13,665.13,0.0256
1468712220000,665.19,665.19,665.19,665.19,0.012
1468712280000,665.34,665.06,665.34,665.06,0.376305
1468712340000,665.14,665.14,665.14,665.14,0.5
1468712400000,665.15,665.15,665.15,665.15,0.1026942
1468712460000,665.25,665.08,665.25,665.1,2.83177622
1468712580000,665.06,665.06,665.06,665.06,0.570475
1468712700000,665.16,665.07,665.07,665.16,7.63063036
1468712760000,665.36,665.33,665.36,665.33,3.070296
1468712820000,665.36,665.33,665.36,665.33,0.342003
1468712880000,665.33,665.33,665.33,665.33,0.017464
1468712940000,665.33,665.33,665.33,665.33,0.034215
1468713240000,665.33,665.33,665.33,665.33,0.14683143
1468713300000,665.33,665.33,665.33,665.33,2
1468713360000,665.33,665.33,665.33,665.33,0.39578268
1468713420000,665.33,665.33,665.33,665.33,0.66253165
1468713480000,665.34,665.33,665.33,665.33,0.09127097
1468713540000,665.33,665.33,665.33,665.33,1.00063584
1468713600000,665.33,665.33,665.33,665.33,0.09198454
1468713660000,665.33,665.33,665.33,665.33,0.85905797
1468713720000,665.33,665.33,665.33,665.33,5.0293675
1468713780000,665.33,665.33,665.33,665.33,0.45655603
1468713840000,665.32,665.32,665.32,665.32,4.55
1468713900000,664.4,664.4,664.4,664.4,0.07530128
1468713960000,664.45,664.4,664.4,664.45,0.54675214
1468714020000,664.44,664.44,664.44,664.44,4.88074
1468714080000,664.45,664.44,664.44,664.45,0.20469125
1468714200000,664.48,664.45,664.46,664.48,9.39164065
1468714380000,664.54,664.52,664.52,664.54,0.15515647
1468714440000,664.54,664.54,664.54,664.54,0.7
1468714500000,664.59,664.57,664.57,664.59,1.36718694
1468714620000,664.85,664.83,664.83,664.85,14.1
1468714680000,664.84,664.4,664.84,664.4,0.48069219
1468714800000,664.41,664.41,664.41,664.41,1.59454186
1468714860000,664.41,664.4,664.41,664.41,1.47050804
1468715040000,664.47,664.47,664.47,664.47,4.810915
1468715100000,664.46,664.4,664.46,664.4,4.775125
1468715400000,664.39,664.39,664.39,664.39,1.19482726
1468715580000,664.39,664.39,664.39,664.39,0.04524469
1468715640000,665.2,664.4,664.4,664.4,13.58907247
1468715700000,665.27,664.97,665.27,665.01,0.57805181
1468715820000,665.18,664.17,665.18,664.85,45.5361544
1468716240000,664.74,664.44,664.74,664.44,0.82052409
1468716360000,664.64,664.63,664.64,664.63,5
1468716420000,664.63,664.63,664.63,664.63,0.02928387
1468716540000,664.79,664.79,664.79,664.79,9.49515857
1468716660000,664.8,664.79,664.8,664.79,0.38480531
1468716780000,664.83,664.83,664.83,664.83,2.11065659
1468717080000,664.83,664.83,664.83,664.83,0.19291626
1468717140000,664.84,664.83,664.84,664.83,0.92622771
1468717200000,664.83,664.83,664.83,664.83,2.18756159
1468717260000,664.84,664.83,664.84,664.83,1.32158548
1468717320000,664.84,663.92,664.84,664.51,34.23508487
1468717380000,664.68,664.31,664.32,664.68,5.29903113
1468717500000,664.46,663.97,664.46,663.97,0.29389587
1468717620000,665.2,665.2,665.2,665.2,0.35636
1468717680000,664.69,664.69,664.69,664.69,0.057861
1468718100000,663.96,663.96,663.96,663.96,0.08925234
1468718160000,664.29,664.29,664.29,664.29,0.08744286
1468718280000,663.94,663.93,663.94,663.93,0.06630423
1468718340000,664.31,663.95,664.31,663.95,12.658153
1468718400000,664.02,664.02,664.02,664.02,0.01077
1468718460000,664.02,664.01,664.02,664.02,0.23994724
1468718580000,664.01,664.01,664.01,664.01,0.07445129
1468718700000,664.01,664.01,664.01,664.01,19.0212
1468718760000,664.01,663.93,664.01,663.93,33.14591206
1468718880000,663.94,663.61,663.94,663.61,47.90746756
1468719060000,663.99,663.61,663.86,663.96,21.62521946
1468719540000,663.98,663.98,663.98,663.98,0.35
1468719600000,664.02,663.99,663.99,664.02,0.38959203
1468719660000,664.21,664.2,664.2,664.21,0.08201761
1468719720000,664.3,664.3,664.3,664.3,0.1404
1468719780000,664.2,664.1,664.2,664.1,0.196493
1468719900000,664.16,664.15,664.15,664.16,1.68959945
1468719960000,664.2,664.2,664.2,664.2,0.1026
1468720320000,664.19,664.19,664.19,664.19,0.0625
1468720620000,663.71,663.71,663.71,663.71,0.309464
1468720680000,663.92,663.88,663.88,663.92,0.38151505
1468720740000,663.93,663.92,663.93,663.92,0.5169662
1468720800000,663.92,663.92,663.92,663.92,0.18755443
1468720860000,664.16,663.93,664.15,664.16,1.011
1468720920000,663.94,663.94,663.94,663.94,0.011222
1468720980000,664.17,664.17,664.17,664.17,0.04304314
1468721280000,664.78,664.17,664.17,664.78,65.738125
1468721400000,664.5,664.5,664.5,664.5,3.95867313
1468721460000,664.81,664.51,664.51,664.52,4.13040741
1468721580000,665.12,664.81,664.87,665.12,56.78848284
1468721640000,665.12,665.12,665.12,665.12,0.01275427
1468721700000,665.12,665.12,665.12,665.12,1.11695605
1468721760000,665.12,665.12,665.12,665.12,1.34
1468721820000,665.5,665.27,665.27,665.3,34.11967047
1468721880000,665.8,665.59,665.59,665.8,39.04352494
1468721940000,665.88,665.8,665.8,665.88,4.28377285
1468722000000,665.89,665.88,665.89,665.88,1.39227339
1468722060000,665.89,665.88,665.88,665.89,3.89116785
1468722120000,666.1,665.89,665.89,666.03,59.50069582
1468722180000,666.09,666.09,666.09,666.09,7.5243
1468722240000,666.09,666.08,666.09,666.08,0.13078264
1468722300000,666.09,666.08,666.09,666.09,1.15609991
1468722360000,666.09,666.08,666.08,666.09,1.07687345
1468722420000,666.58,666.09,666.1,666.58,82.39144995
1468722480000,666.58,666.5,666.52,666.58,5.28759874
1468722540000,666.6,666.58,666.58,666.6,15.33053048
1468722600000,666.6,666.59,666.6,666.6,2.9661333
1468722660000,666.9,666.6,666.6,666.84,23.991314
1468722720000,667.08,666.7,666.7,667.08,48.14405997
1468722780000,667.08,667.07,667.08,667.08,15.705
1468722840000,667.07,667.07,667.07,667.07,0.56
1468722900000,667.08,667.07,667.07,667.08,0.57592871
1468722960000,667.1,667.07,667.08,667.08,27.32931553
1468723020000,667.49,667.1,667.1,667.49,65.29101013
1468723080000,667.49,667.09,667.49,667.29,19.64332612
1468723140000,667.37,667.37,667.37,667.37,1.02883998
1468723200000,667.37,667.37,667.37,667.37,2.70696335
1468723260000,667.54,667.37,667.37,667.49,66.52002336
1468723320000,667.55,667.53,667.53,667.55,20.44251134
1468723380000,667.6,667.55,667.55,667.59,18.69310885
1468723440000,667.6,667.6,667.6,667.6,0.1563
1468723500000,667.6,667.59,667.59,667.6,0.46
1468723560000,668.1,667.6,667.6,668.1,43.33277606
1468723620000,668.03,667.96,667.96,668.03,0.40582842
1468723680000,668.02,668.02,668.02,668.02,0.07803286
1468723740000,667.8,667.79,667.79,667.79,0.59867626
1468723800000,667.79,667.79,667.79,667.79,1.22950865
1468723860000,667.92,667.8,667.88,667.92,31.82581377
1468723980000,667.93,667.63,667.93,667.63,4.50039594
1468724040000,667.6,667.58,667.6,667.58,11.35337721
1468724100000,668.09,667.6,667.61,668.09,23.88453501
1468724160000,668.1,667.98,668.1,668.03,0.31080573
1468724220000,667.58,667.58,667.58,667.58,0.11
1468724280000,667.52,667.51,667.51,667.52,0.02
1468724340000,667.98,667.9,667.9,667.98,3.2
1468724400000,667.98,667.95,667.98,667.97,31.82849231
1468724460000,667.79,667.48,667.5,667.79,10.83500219
1468724520000,667.5,667.41,667.46,667.5,4.20592511
1468724580000,667.5,667.4,667.5,667.41,9.8084166
1468724640000,667.7,667.47,667.47,667.7,26.86056631
1468724700000,667.7,667.43,667.7,667.7,7.6715923
1468724820000,667.55,667.4,667.55,667.5,1.88776901
1468724880000,667.48,667.48,667.48,667.48,27.545567
1468724940000,667.49,666.51,667.49,666.53,17.01231212
1468725000000,667.21,666.82,666.82,667,30.52213392
1468725060000,667,667,667,667,0.4
1468725120000,667,666.78,666.79,667,3.31
1468725180000,667.11,667,667,667,27.935737
1468725300000,667,667,667,667,0.90931596
1468725360000,667,667,667,667,0.25
1468725420000,667,666.93,666.93,667,6.71339996
1468725480000,667.2,666.99,666.99,667.17,49.16917041
1468725600000,667.16,667.16,667.16,667.16,0.35
1468725660000,667.15,666.87,667.15,666.95,0.94755336
1468725720000,666.94,666.78,666.94,666.89,23.63007037
1468725780000,666.89,666.89,666.89,666.89,18.112829
1468725840000,666.8,666.8,666.8,666.8,12.97756967
1468725900000,666.8,666.8,666.8,666.8,18.93216801
1468725960000,666.8,666.62,666.8,666.62,11.48697186
1468726020000,666.57,665.99,666.57,666.26,16.18647582
1468726140000,666.49,666.48,666.48,666.49,0.77118001
1468726200000,666.9,666.9,666.9,666.9,0.69309758
1468726260000,666.89,666.89,666.89,666.89,27.02632298
1468726320000,666.65,666.6,666.64,666.6,12.59167177
1468726380000,666.6,666.53,666.6,666.53,0.03237
1468726440000,666.6,666.5,666.6,666.5,26.84559726
1468726500000,666.5,666.14,666.5,666.47,58.98240412
1468726560000,666.47,665.89,666.47,666.36,2.25909577
1468726620000,666.36,666.21,666.36,666.21,1.90266579
1468726680000,666.2,666.19,666.19,666.2,0.46155756
1468726740000,666.19,666.16,666.18,666.16,40.285437
1468726800000,666.2,665.99,665.99,666.2,1.798976
1468726860000,666.07,665.9,666.07,665.9,12.0790895
1468726920000,665.88,665.88,665.88,665.88,0.63208197
1468727040000,665.86,665.69,665.69,665.86,5.70477792
1468727100000,666,665.7,665.87,665.7,26.79267069
1468727160000,665.89,665.89,665.89,665.89,0.03762067
1468727220000,666,665.9,665.9,666,12.49418181
1468727280000,666,665.99,666,666,7.63291292
1468727340000,666,666,666,666,3.06450346
1468727400000,666,665.99,666,665.99,25.61815481
1468727580000,666.19,666.19,666.19,666.19,0.1
1468727640000,666.2,666.19,666.19,666.2,20.112426
1468727700000,666.25,666.2,666.2,666.25,17.720845
1468727820000,666.19,666.19,666.19,666.19,0.01
1468727880000,666.18,666.17,666.18,666.17,0.254917
1468727940000,666.19,666.19,666.19,666.19,35.276926
1468728000000,666.12,665.88,666,665.88,3.320254
1468728120000,665.88,665.88,665.88,665.88,0.014285
1468728180000,666.03,665.98,666.03,665.99,0.662915
1468728240000,666.19,666.04,666.19,666.04,16.400177
1468728300000,666.39,666.18,666.19,666.39,19.95717523
1468728360000,666.29,665.2,666.19,666.03,71.8551509
1468728420000,665.61,665.25,665.29,665.52,1.4191395
1468728480000,665.96,665.24,665.96,665.24,10.36963143
1468728540000,665.56,664.87,665.56,665.13,9.75228341
1468728720000,665.7,665.19,665.19,665.7,9.6286149
1468728780000,666.06,665.71,665.71,665.98,20.099236
1468728960000,666.8,666.09,666.09,666.8,8.876052
1468729020000,666.94,666.85,666.85,666.94,19.8
1468729080000,665.94,665.94,665.94,665.94,0.012938
1468729140000,665.91,665.9,665.91,665.91,8.20568
1468729200000,665.89,665.89,665.89,665.89,0.82431946
1468729260000,665.89,665.89,665.89,665.89,0.016056
1468729320000,666.7,665.9,665.9,665.9,19.84967388
1468729380000,667.09,665.89,666.55,666.63,15.27580863
1468729440000,666.09,666.09,666.09,666.09,2.40793
1468729560000,666.93,666.74,666.74,666.93,17.25627922
1468729620000,667.02,666.75,666.85,667.02,14.174057
1468729680000,666.51,666.3,666.3,666.51,1.18301515
1468729740000,666.95,665.91,666.53,665.93,7.55037879
1468729800000,665.89,665.89,665.89,665.89,0.011261
1468729860000,665.89,665.49,665.89,665.49,2.50050688
1468729920000,665.5,665.5,665.5,665.5,2.49822521
1468730100000,665.49,665.49,665.49,665.49,0.043844
1468730220000,666.5,665.5,665.82,666.13,72.377814
1468730280000,666.48,666.27,666.28,666.48,15.4507
1468730340000,666.48,666.48,666.48,666.48,0.0511683
1468730400000,666.47,666.47,666.47,666.47,1.17114643
1468730580000,667.13,666.48,666.48,666.51,68.32398608
1468730760000,666.88,666.88,666.88,666.88,0.09907076
1468730820000,666.87,666.87,666.87,666.87,3
1468730940000,666.88,666.87,666.88,666.88,17.32703748
1468731000000,666.88,666.88,666.88,666.88,6.71670785
1468731060000,666.88,666.88,666.88,666.88,0.567324
1468731120000,666.96,666.96,666.96,666.96,0.48580481
1468731180000,666.96,666.95,666.95,666.95,7.64516567
1468731240000,667.17,666.95,666.95,667.12,62.28390229
1468731300000,667.19,667.11,667.19,667.19,3.57073609
1468731480000,666.98,666.87,666.98,666.87,1.095981
1468731540000,666.93,666.93,666.93,666.93,0.01
1468731600000,666.98,666.9,666.9,666.97,33.00598
1468731720000,666.87,666.87,666.87,666.87,1.370774
1468731780000,666.9,666.5,666.9,666.7,5.17119518
1468731840000,666.5,664.95,666.41,664.98,9.68558
1468731900000,666.22,665.38,665.8,666.13,43.24519205
1468731960000,666.16,666.12,666.12,666.12,8.70679277
1468732020000,666.12,666.12,666.12,666.12,0.08522423
1468732140000,665.4,665.4,665.4,665.4,0.3735
1468732320000,666.84,665.69,665.7,666.28,39.862481
1468732380000,666.38,665.7,666.38,665.7,2.27966901
1468732440000,666.34,665.9,666.34,665.91,1.40895445
1468732560000,666.28,666.24,666.24,666.26,23.8073
1468732620000,666.99,666.87,666.87,666.99,9.4517882
1468732680000,667,666.99,667,666.99,29.08003926
1468732860000,667,667,667,667,14.9296
1468732920000,667,667,667,667,0.1
1468733040000,667.79,667,667,667.79,41.905653
1468733100000,667.5,667.5,667.5,667.5,0.5
1468733160000,667.52,667.52,667.52,667.52,0.46
1468733220000,667.7,667.42,667.7,667.6,6.20144783
1468733280000,667.6,667.35,667.35,667.5,11.88971
1468733340000,667.69,667.59,667.6,667.69,19.71585
1468733400000,667.69,667.69,667.69,667.69,27.24102
1468733460000,667.69,667.69,667.69,667.69,5.40804
1468733520000,667.69,667.69,667.69,667.69,2.57
1468733640000,667.69,667.69,667.69,667.69,9.93318
1468733700000,667.69,667.69,667.69,667.69,18.8998
1468733760000,667.98,667.7,667.95,667.7,27.370154
1468733820000,667.69,667.28,667.35,667.28,0.38880354
1468734000000,667.48,667.47,667.47,667.48,1.47804033
1468734060000,667.99,667.49,667.49,667.99,7.53824258
1468734120000,668.49,667.19,667.99,667.99,23.441372
1468734180000,668.28,667.78,668.28,667.78,0.93685356
1468734300000,667.72,666.93,667.55,666.93,2.80146768
1468734360000,667.79,667.79,667.79,667.79,1.104827
1468734480000,668.49,667.79,667.81,667.79,14.45445212
1468734540000,667.38,667.38,667.38,667.38,3
1468734600000,666.98,666.89,666.98,666.94,5.858432
1468734660000,666.91,666.24,666.81,666.33,1.75473
1468734720000,667.21,666.56,666.56,667.21,10.480413
1468734780000,668.4,667.78,667.78,668.4,27.860132
1468734960000,667.63,667.34,667.34,667.63,10.56
1468735080000,668,667.78,667.78,667.89,46.6484159
1468735140000,668,667.88,668,667.88,13.31898245
1468735320000,667.9,667.77,667.77,667.9,0.017256
1468735380000,668.45,667.32,667.71,668.45,10.7687325
1468735440000,668.79,668.49,668.5,668.79,48.37404417
1468735500000,669,668.79,668.79,668.79,99.1906269
1468735560000,669,668.79,668.8,669,120.24536368
1468735620000,669.96,668.92,669.2,669.85,135.0478546
1468735680000,669.96,669.1,669.95,669.92,25.16604947
1468735740000,669.98,669.65,669.65,669.68,19.74
1468735800000,669.86,669.8,669.8,669.86,10.49006326
1468735860000,669.9,669.52,669.86,669.81,39.76875316
1468735920000,669.38,669.17,669.2,669.17,15.44565821
1468735980000,669.9,669.2,669.2,669.82,19.97449393
1468736040000,669.98,669.82,669.83,669.96,29.83115018
1468736100000,669.97,669.96,669.96,669.97,17.236348
1468736160000,670,669.97,669.97,670,71.32425248
1468736220000,670,669.99,669.99,669.99,63.41532678
1468736280000,670,669.99,670,669.99,23.93948
1468736340000,669.99,669.99,669.99,669.99,13.65567
1468736400000,669.99,669.99,669.99,669.99,10.81956928
1468736460000,669.99,669.99,669.99,669.99,19.388
1468736520000,669.99,669.28,669.99,669.96,92.0305228
1468736580000,669.96,668.81,669.95,669.96,33.0248167
1468736640000,669.99,668.92,669.96,669.86,2.33732035
1468736700000,669.09,668.63,669.09,668.86,21.30449427
1468736760000,668.86,668.54,668.86,668.54,0.34448582
1468736820000,668.78,668.76,668.76,668.78,0.35051418
1468736880000,668.78,668.78,668.78,668.78,0.2385
1468736940000,669.89,668.78,668.78,669.77,24.191955
1468737000000,669.75,668.67,669.75,669.1,30.52388201
1468737060000,668.99,668.89,668.89,668.99,2.58412
1468737120000,668.86,668.86,668.86,668.86,1.6151
1468737180000,669.26,668.59,669.26,669.12,25.619
1468737300000,669.88,669.25,669.25,669.25,10.026914
1468737360000,669.25,669.25,669.25,669.25,0.286378
1468737420000,671,669.9,669.99,670.84,293.64774185
1468737480000,670.94,670.92,670.92,670.94,4.29961615
1468737540000,670.95,670.65,670.94,670.71,9.12
1468737600000,670.72,670.7,670.72,670.7,49.79041143
1468737660000,670.69,670.69,670.69,670.69,4.151
1468737720000,670.69,670.5,670.69,670.66,12.3
1468737780000,670.71,670.66,670.66,670.7,19.26485298
1468737840000,670.7,670.6,670.7,670.6,0.80467552
1468737900000,670.61,670.6,670.61,670.6,7.24014279
1468737960000,670.61,670.6,670.61,670.6,29.37350195
1468738020000,670.79,670.01,670.09,670.05,17.07143885
1468738080000,670.05,670.05,670.05,670.05,2.5
1468738140000,670.05,670.05,670.05,670.05,3.01261
1468738200000,670.05,670.02,670.05,670.02,0.683865
1468738260000,670.05,670.02,670.05,670.04,2.31902046
1468738320000,670.05,670.05,670.05,670.05,0.2849
1468738380000,670.9,670.05,670.05,670.9,55.9817372
1468738440000,670.21,670.21,670.21,670.21,0.08566168
1468738500000,670.21,670.21,670.21,670.21,0.08571119
1468738560000,670.19,670.02,670.02,670.19,0.79309913
1468738620000,670.2,669.85,670.19,670.2,12.80300851
1468738680000,670.2,670.2,670.2,670.2,2.322
1468738740000,670.21,670.19,670.19,670.21,30.402597
1468738800000,670.19,669.87,669.87,669.94,1.69384187
1468738860000,670.1,670.09,670.1,670.09,0.27098179
1468738920000,670.07,670.06,670.07,670.06,1.45314441
1468738980000,670.07,670.06,670.06,670.07,6.07075927
1468739040000,670.07,670.06,670.07,670.06,20.90017603
1468739100000,670.25,670.06,670.07,670.25,43.57238416
1468739160000,670.34,669.97,670.33,670.21,4.03162419
1468739220000,670.25,670.25,670.25,670.25,2
1468739280000,670,670,670,670,2
1468739340000,670.52,670.1,670.1,670.52,4
1468739400000,670.9,670.73,670.73,670.74,15.624967
1468739460000,670.9,670.89,670.89,670.9,13.646186
1468739520000,670.3,669.6,670.17,669.6,0.861335
1468739580000,670.9,670.35,670.35,670.9,17.51
1468739700000,670.9,670.9,670.9,670.9,0.2073
1468739760000,670.9,670.9,670.9,670.9,0.25
1468739820000,670.35,670.35,670.35,670.35,0.01
1468740000000,670.42,670.42,670.42,670.42,0.1573
1468740060000,670.41,670.41,670.41,670.41,0.4
1468740180000,670.42,670,670.42,670,8.016825
1468740300000,669.73,669.62,669.69,669.62,8.34
1468740360000,669.64,669.13,669.64,669.13,13.82865
1468740420000,669.14,669.14,669.14,669.14,4.31
1468740480000,669.18,669.14,669.18,669.14,0.2149696
1468740540000,669.14,669.14,669.14,669.14,0.3
1468740600000,669.15,669.15,669.15,669.15,0.15
1468740660000,669.14,669.14,669.14,669.14,0.05
1468740720000,669.09,669.09,669.09,669.09,0.12008346
1468740780000,669.09,669.07,669.09,669.07,5.20441209
1468740840000,669.08,669.08,669.08,669.08,0.058235
1468740900000,669.08,669.08,669.08,669.08,2.76
1468740960000,669.08,669.08,669.08,669.08,4.19
1468741080000,669.09,669.08,669.08,669.09,1.314706
1468741140000,669.08,669.08,669.08,669.08,12.4484758
1468741260000,669.08,669.08,669.08,669.08,0.013852
1468741320000,669.08,669.08,669.08,669.08,0.14927496
1468741620000,669.08,669.08,669.08,669.08,0.045339
1468741800000,669.08,669.08,669.08,669.08,0.16
1468741860000,669.08,669.08,669.08,669.08,4
1468741920000,669.08,669.08,669.08,669.08,4
1468741980000,669.08,669.08,669.08,669.08,5.159183
1468742040000,669.08,669.08,669.08,669.08,4
1468742100000,669.08,669.08,669.08,669.08,4.984637
1468742160000,669.09,669.07,669.08,669.09,16.97514537
1468742280000,669.08,669.08,669.08,669.08,0.225446
1468742400000,669.09,669.08,669.09,669.08,1.09047448
1468742460000,669.08,669.08,669.08,669.08,0.277123
1468742700000,669.09,669.09,669.09,669.09,0.22340069
1468742760000,669.08,669.08,669.08,669.08,1.256619
1468742820000,669.09,669.09,669.09,669.09,0.33
1468742880000,670.9,669.09,669.09,669.67,229.12559801
1468742940000,670.32,669.82,669.82,670.32,31.564857
1468743000000,670.91,670.2,670.89,670.2,13.780093
1468743060000,671.34,670.45,670.45,671.34,160.368732
1468743120000,671.52,670.5,671.42,671.16,65.20706011
1468743180000,671.44,671.3,671.3,671.44,1.77505789
1468743300000,671.44,671.44,671.44,671.44,0.01
1468743360000,671.44,671.44,671.44,671.44,3.97
1468743420000,671.4,671.34,671.34,671.4,22.979
1468743480000,671.42,671.4,671.4,671.41,3.302
1468743540000,671.41,671.41,671.41,671.41,6.41
1468743600000,671.41,671,671.41,671.35,7.70968
1468743660000,671.36,671,671.35,671.01,4.852
1468743720000,671.09,671.09,671.09,671.09,4.65599
1468743780000,671.1,671.02,671.09,671.08,7.26790093
1468743840000,671.02,670.91,671.02,671,8.81583494
1468743900000,671.01,670.98,671.01,670.99,3.85457
1468743960000,671.04,670.2,671.03,670.21,0.97987
1468744140000,671.1,670.34,670.9,670.46,41.64919901
1468744200000,670.93,670.21,670.46,670.93,2.814
1468744320000,670.22,670.21,670.21,670.22,1.128
1468744440000,670.43,670.21,670.42,670.23,5.022
1468744500000,670.23,669.79,670.2,669.79,5.68888
1468744560000,670.04,669.9,669.9,670.04,0.98
1468744620000,670.2,670.06,670.06,670.2,4.62393351
1468744680000,670.25,670.01,670.01,670.23,1.4023977
1468744740000,670.51,670.37,670.37,670.51,6.5261273
1468744800000,670.98,670.47,670.47,670.98,6.9768727
1468744860000,670.78,670.78,670.78,670.78,2.184448
1468744920000,670.28,670,670.28,670.07,3.37427745
1468744980000,670.06,670.01,670.06,670.01,13.08209903
1468745040000,670.07,670.01,670.01,670.07,11.28994832
1468745100000,670.07,670.07,670.07,670.07,1
1468745160000,670.07,670.07,670.07,670.07,0.24928373
1468745220000,670.07,670.07,670.07,670.07,3.22589521
1468745280000,670.07,670.06,670.06,670.06,1.94
1468745340000,670.06,670.06,670.06,670.06,2.4042
1468745400000,670.07,670,670.01,670.03,2.93472067
1468745460000,670.07,670,670.03,670.05,5.77765766
1468745520000,670.05,670.01,670.05,670.03,1.94204
1468745580000,670.03,670.02,670.02,670.03,11
1468745640000,670.01,669.79,669.79,669.8,15.31856343
1468745700000,669.84,669.78,669.81,669.78,1.28105127
1468746000000,669.51,669.51,669.51,669.51,1.10319869
1468746060000,669.51,669.51,669.51,669.51,0.9
1468746120000,669.51,669.51,669.51,669.51,0.1
1468746360000,669.8,669.8,669.8,669.8,5.282705
1468746420000,669.8,669.8,669.8,669.8,0.152
1468746480000,669.8,669.78,669.8,669.78,20.47892
1468746540000,669.78,669.78,669.78,669.78,5
1468746600000,669.81,669.8,669.8,669.81,8.594
1468746660000,670.07,669.84,669.84,670.06,51.71515648
1468746720000,670.06,670.06,670.06,670.06,0.54679425
1468746780000,670.07,670.06,670.06,670.07,0.698335
1468746900000,670.06,670.06,670.06,670.06,14.88
1468746960000,670.06,670.04,670.06,670.05,3.52384232
1468747020000,670.03,669.91,670.03,669.91,1.42344319
1468747080000,669.67,669.46,669.67,669.47,0.73082582
1468747140000,669.47,666.15,669,667.88,248.35787483
1468747200000,667.88,667.61,667.88,667.61,8.38984499
1468747260000,667.61,667.61,667.61,667.61,1.03935252
1468747320000,668.68,667.61,667.61,668.68,1.20306003
1468747380000,668.51,667.65,667.79,667.68,10.82049593
1468747500000,668.07,667.61,667.61,667.61,0.7485053
1468747680000,667.7,667.7,667.7,667.7,1.88300521
1468747800000,668.24,667.74,667.74,668.24,0.04
1468747980000,667.75,667.75,667.75,667.75,0.022
1468748040000,667.76,667.72,667.76,667.72,7.4567
1468748100000,667.72,667.71,667.71,667.72,6.09953206
1468748160000,667.71,667.71,667.71,667.71,4.84430613
1468748220000,667.71,667.7,667.71,667.7,9.4726
1468748280000,667.7,667.69,667.7,667.69,0.06556992
1468748340000,667.69,667.69,667.69,667.69,0.15360898
1468748580000,667.62,667.62,667.62,667.62,0.49281732
1468748640000,667.62,667.62,667.62,667.62,0.288397
1468748760000,667.62,667.62,667.62,667.62,5.83198296
1468748880000,667.62,667.62,667.62,667.62,0.03
1468748940000,667.62,667.62,667.62,667.62,0.23824563
1468749120000,667.62,667.62,667.62,667.62,0.02
1468749180000,667.62,667.62,667.62,667.62,3.29809067
1468749480000,667.62,667.62,667.62,667.62,0.53215988
1468749600000,667.62,667.62,667.62,667.62,1.25490196
1468749660000,668.24,667.7,667.7,668.24,0.8
1468749720000,667.81,667.81,667.81,667.81,10.51887
1468749780000,667.64,667.64,667.64,667.64,0.96531529
1468749840000,668.12,667.2,667.24,667.2,0.484
1468749960000,668.38,668.38,668.38,668.38,0.02
1468750260000,668.55,668.5,668.51,668.5,5.02
1468750440000,667.77,667.76,667.76,667.77,0.054
1468750500000,668,668,668,668,2.5
1468750560000,667.91,667.91,667.91,667.91,0.0147
1468750680000,668.5,668.38,668.49,668.38,0.16362185
1468750740000,667.94,667.94,667.94,667.94,0.3709933
1468750800000,667.97,667.94,667.94,667.97,2.62432877
1468750860000,668.1,668.09,668.1,668.09,0.25181253
1468750920000,668.49,668.1,668.1,668.47,4.34047625
1468750980000,668.48,668.47,668.47,668.48,5.4402354
1468751220000,668.47,668.47,668.47,668.47,0.570406
1468751280000,668.47,668.47,668.47,668.47,0.22724078
1468751340000,668.47,668.47,668.47,668.47,0.99208559
1468751520000,668.47,668.47,668.47,668.47,0.0892
1468751580000,668.47,668.46,668.46,668.47,0.03
1468751640000,668.46,668.46,668.46,668.46,0.13
1468751700000,668.46,668.46,668.46,668.46,0.15
1468752060000,668.46,668.46,668.46,668.46,2.3216
1468752120000,668.47,668.46,668.47,668.46,0.42862392
1468752180000,668.47,668.47,668.47,668.47,0.04956931
1468752240000,668.46,668.46,668.46,668.46,0.023
1468752540000,668.47,668.47,668.47,668.47,0.96970677
1468752660000,668.57,668.57,668.57,668.57,0.1455
1468752840000,668.99,668.61,668.61,668.65,1
1468752900000,669.65,669,669.65,669.6,22.97619031
1468753020000,669.98,669.14,669.67,669.17,9.2784632
1468753320000,669.8,669.8,669.8,669.8,0.366
1468753440000,669.91,669.91,669.91,669.91,0.64
1468753500000,669.92,669.92,669.92,669.92,1
1468753560000,669.92,669.91,669.92,669.91,0.608
1468753800000,669.89,669.88,669.88,669.89,0.3581
1468753860000,669.81,669.81,669.81,669.81,3
1468753920000,669.02,669.02,669.02,669.02,0.7401591
1468753980000,669.69,669.69,669.69,669.69,0.11
1468754100000,669.63,669.63,669.63,669.63,0.65421369
1468754220000,669.58,669.56,669.58,669.56,0.5061
1468754400000,669.5,669.47,669.5,669.47,12.4289584
1468754820000,669.4,669.4,669.4,669.4,0.03847408
1468754880000,669.4,669.4,669.4,669.4,0.04438588
1468754940000,669.4,669.4,669.4,669.4,0.03
1468755000000,669.41,669.41,669.41,669.41,4
1468755120000,669.41,669.41,669.41,669.41,0.4
1468755180000,669.41,669.41,669.41,669.41,0.1025
1468755360000,669.4,669.4,669.4,669.4,0.1
1468755600000,669.98,669.4,669.41,669.4,8.052981
1468755660000,669.4,669.1,669.1,669.4,0.22893112
1468755720000,669.99,669.24,669.96,669.25,16.76662472
1468756200000,669.2,669.19,669.2,669.19,1.55345007
1468756320000,669.2,669.19,669.2,669.19,0.36217829
1468756380000,670,669.2,669.22,670,42.397875
1468756440000,670.99,669.26,669.26,669.67,51.24215906
1468756500000,669.9,669.9,669.9,669.9,0.5794
1468756560000,670.69,669.78,670.69,669.78,0.6794
1468756620000,670,670,670,670,1.87928
1468756680000,670,670,670,670,1.1588
1468756740000,670,669.43,670,669.43,1.95993
1468756800000,670,669.91,669.91,669.99,1.20580568
1468756860000,671.1,669.99,670,670.41,94.2470947
1468756920000,671.04,670.44,670.44,670.68,3.81255312
1468756980000,671.04,670.7,670.7,671.04,2.14231769
1468757040000,671.09,671.01,671.01,671.08,8.05503716
1468757100000,671.08,671.08,671.08,671.08,4.4323003
1468757160000,671.08,671.08,671.08,671.08,3.21418
1468757220000,671.08,671,671.08,671.04,14.73626
1468757280000,671.51,671.06,671.06,671.21,124.182969
1468757340000,671.33,671,671.22,671.07,8.42590915
1468757400000,671.43,670.21,671.07,670.21,5.4307483
1468757460000,670.96,670.96,670.96,670.96,0.1171
1468757520000,670.34,670.23,670.34,670.23,0.2633
1468757580000,670.36,670.29,670.33,670.33,4.78757429
1468757640000,670.33,670.23,670.33,670.23,1.42084
1468757700000,671.14,670.28,670.28,670.49,68.82256445
1468757760000,671.39,670.51,670.51,670.82,28.568936
1468757820000,670.81,670.24,670.81,670.35,1.5
1468757880000,671.13,670.35,670.35,671.13,1.59893299
1468757940000,671.13,671.12,671.13,671.12,0.13259647
1468758000000,670.53,670.53,670.53,670.53,0.067
1468758060000,670.64,670.28,670.62,670.3,7.52496932
1468758120000,671.93,670.46,671.12,671.88,57.96501041
1468758180000,671.96,670.65,670.65,671.02,33.647114
1468758240000,671.5,670.83,671.03,670.89,4.4116381
1468758300000,672,670.96,670.96,671.46,46.81771879
1468758360000,671.51,671.18,671.2,671.18,4.410018
1468758420000,671.51,671.18,671.18,671.3,6.77447754
1468758480000,671.86,671.18,671.31,671.22,7.29188895
1468758540000,672.64,671.24,671.24,672.64,66.574891
1468758600000,672.98,671.46,671.5,671.97,42.39429704
1468758660000,672.97,671.55,671.55,671.76,16.54795102
1468758720000,673,671.76,671.76,673,59.6310115
1468758780000,673,672.11,672.99,672.31,54.27524171
1468758840000,671.99,671.5,671.97,671.99,11.45863316
1468758900000,672.99,672.03,672.32,672.14,4.87898593
1468758960000,672.99,672.15,672.15,672.99,5.07
1468759020000,673.86,672.27,672.98,673.86,87.61752788
1468759080000,673.86,673.59,673.6,673.68,15.28984423
1468759140000,673.86,671.99,673.69,671.99,17.99294667
1468759200000,672.03,671.98,671.99,671.99,2.55621
1468759260000,673.22,671.99,671.99,672.15,5.94063963
1468759320000,673.56,672.22,672.22,672.44,3.19575
1468759380000,672.86,672.38,672.47,672.78,4.78688
1468759440000,673.64,672.11,672.98,673.51,51.53528026
1468759500000,673.5,672.96,673.45,672.96,6.01549
1468759620000,672,672,672,672,0.18
1468759800000,673.43,672.01,672.01,673.43,13.24892118
1468759860000,673.75,672.96,673.4,673.72,76.04399071
1468759920000,673.66,673.35,673.66,673.5,3.327865
1468759980000,673,673,673,673,3.82182345
1468760160000,672.92,672.91,672.92,672.91,0.13
1468760280000,673.45,672.89,672.99,672.94,69.87060388
1468760340000,673.45,673.32,673.45,673.32,25.105296
1468760400000,673.48,673.48,673.48,673.48,0.4
1468760460000,672.98,672.85,672.98,672.85,1.020369
1468760580000,673.37,673.37,673.37,673.37,0.17706409
1468760640000,673.36,673.36,673.36,673.36,5
1468760700000,674,673.34,673.34,674,42.79765221
1468760760000,674.53,673.53,673.61,673.53,40.168209
1468760820000,673.91,673.68,673.91,673.88,0.19099369
1468760880000,673.98,673.01,673.21,673.94,4.65738268
1468760940000,673.01,673,673,673.01,0.297186
1468761000000,673.2,673,673.04,673.2,0.21436529
1468761060000,673.16,672.43,673.12,672.77,68.26834747
1468761120000,673.29,673.16,673.16,673.17,13.939735
1468761180000,674,673.16,673.17,674,37.41566742
1468761240000,673.99,672.76,672.81,672.76,0.04
1468761300000,673.42,672.82,672.82,673.42,2.325392
1468761360000,673.22,673.21,673.21,673.22,2.5979381
1468761420000,673.07,673.07,673.07,673.07,0.07888357
1468761480000,673.05,672.88,673.05,672.88,10.95154881
1468761540000,673.79,672.94,673.01,673.78,32.47359463
1468761600000,674,672.65,673.77,673.01,25.13853157
1468761660000,673.41,673.04,673.17,673.04,13.99877033
1468761720000,673.67,673.67,673.67,673.67,3.60494744
1468761780000,673.98,673.05,673.98,673.05,2
1468761840000,673.82,673.82,673.82,673.82,0.02387702
1468761900000,673.72,673.37,673.37,673.69,18.630618
1468761960000,673.96,673.89,673.89,673.96,6.09452568
1468762020000,673.98,673.5,673.96,673.98,30.57388838
1468762080000,673.91,673.5,673.91,673.5,14.60295915
1468762140000,673.01,673.01,673.01,673.01,0.01
1468762200000,673.01,672.18,673.01,672.18,2.19
1468762260000,672.18,671.75,671.98,671.75,0.5
1468762320000,671.77,671.74,671.74,671.77,3.14416255
1468762380000,671.68,671.67,671.68,671.67,2.75334799
1468762440000,671.68,671.67,671.68,671.67,6.61473682
1468762500000,671.68,671.67,671.68,671.67,16.83376351
1468762560000,671.68,671.67,671.68,671.68,11.1812
1468762620000,671.67,671.67,671.67,671.67,0.01
1468762740000,671.68,671.68,671.68,671.68,4.33105977
1468762800000,671.68,671.68,671.68,671.68,6.17177068
1468762860000,671.67,671.67,671.67,671.67,0.071
1468762920000,671.68,671.67,671.68,671.68,9.69260723
1468762980000,671.68,671.67,671.68,671.67,0.16508732
1468763040000,671.69,671.67,671.68,671.69,2.72554652
1468763100000,671.68,671.68,671.68,671.68,0.2
1468763160000,671.7,671.68,671.68,671.7,4.28096211
1468763220000,671.71,671.69,671.69,671.71,2.94989649
1468763280000,671.72,671.72,671.72,671.72,2.31988141
1468763400000,671.68,671.68,671.68,671.68,0.44731132
1468763460000,671.68,671.68,671.68,671.68,1.79415353
1468763520000,671.92,671.68,671.68,671.92,18.28308998
1468763580000,671.69,671.69,671.69,671.69,0.03
1468763640000,671.93,671.92,671.92,671.93,0.13796245
1468763760000,671.92,671.92,671.92,671.92,0.03078269
1468763820000,671.93,671.92,671.92,671.93,3.21880431
1468763880000,671.98,671.77,671.93,671.98,1.49915294
1468764000000,672,671.88,671.99,672,1.01904216
1468764060000,672,671.83,671.83,671.99,1.75174208
1468764120000,672,672,672,672,2.08391131
1468764180000,671.99,671.99,671.99,671.99,0.59787992
1468764240000,672,671.99,671.99,672,3.0129704
1468764300000,672,671.99,672,671.99,32.32433744
1468764360000,673.18,671.99,671.99,672.51,3.21
1468764420000,672.68,672.12,672.12,672.68,1.263
1468764480000,673,672.67,672.69,672.74,30.70769972
1468764540000,672.74,672.27,672.74,672.27,0.22832545
1468764600000,672.5,671.81,671.81,672.48,2.08119352
1468764660000,672.33,671.67,672.33,671.7,3.4830345
1468764720000,671.9,671.9,671.9,671.9,0.21844369
1468764780000,671.68,671.68,671.68,671.68,0.21579155
1468764900000,671.67,671.67,671.67,671.67,0.34265015
1468764960000,671.66,671.66,671.66,671.66,0.1
1468765020000,671.67,671.66,671.67,671.66,0.2311
1468765200000,671.66,671.66,671.66,671.66,0.642
1468765500000,671.67,671.67,671.67,671.67,0.20158202
1468765620000,671.67,671.66,671.66,671.66,2.9491
1468765680000,671.66,671.66,671.66,671.66,0.7
1468765920000,671.67,671.67,671.67,671.67,0.30927638
1468765980000,671.66,671.2,671.41,671.48,20.99853383
1468766040000,672.01,671.35,671.35,672.01,16.14701802
1468766100000,672.02,672.01,672.01,672.01,5.056
1468766160000,672.01,672,672.01,672.01,6.22653836
1468766220000,672,672,672,672,3.0227
1468766280000,672.01,672,672,672.01,7.54758754
1468766400000,672.01,672,672.01,672.01,1.51154978
1468766460000,672.01,672,672,672,2.13010313
1468766520000,672.01,672,672,672.01,4.24122904
1468766580000,672.01,672,672.01,672.01,2.04125519
1468766640000,672,672,672,672,0.793
1468766700000,672.01,672,672.01,672,1.37922067
1468766760000,672.01,672,672,672.01,12.41195199
1468766820000,672.49,672,672.01,672.3,24.71451637
1468766880000,672.41,672.02,672.37,672.02,15.30232094
1468766940000,672.23,672,672.21,672,14.85223933
1468767000000,672.05,672,672.01,672,6.88049577
1468767060000,672.01,672,672,672,18.92288991
1468767120000,672.01,671.2,672,671.2,15.56865424
1468767180000,671.74,671.2,671.2,671.57,7.59962946
1468767240000,671.5,671.19,671.5,671.19,1.86907689
1468767300000,671.26,671.19,671.26,671.22,10.77906389
1468767360000,671.27,671.21,671.21,671.25,5.5136834
1468767420000,671.25,671.19,671.25,671.19,8.05917047
1468767480000,671.19,671.18,671.19,671.19,12.27193
1468767540000,671.19,671.18,671.18,671.19,14.28109
1468767600000,671.19,671.04,671.18,671.06,2.56324
1468767660000,671.04,671.04,671.04,671.04,2.06818
1468767720000,671.04,670.11,671.04,670.26,11.70428069
1468767780000,670.13,670.13,670.13,670.13,1
1468767840000,670.23,670.14,670.16,670.14,0.414698
1468767900000,670.21,670.12,670.2,670.12,8.65
1468768020000,670.6,670.6,670.6,670.6,2.11702637
1468768080000,670.6,670.6,670.6,670.6,0.04548723
1468768140000,670.6,670.6,670.6,670.6,0.301
1468768200000,670.94,670.53,670.53,670.6,5.051
1468768380000,670.99,670.98,670.98,670.99,0.29139597
1468768440000,670.88,670.88,670.88,670.88,0.5
1468768740000,670.81,670.81,670.81,670.81,0.5
1468768800000,670.81,670.81,670.81,670.81,1.0315
1468768920000,670.81,670.79,670.8,670.79,1.11763116
1468768980000,670.8,670.8,670.8,670.8,0.44624992
1468769100000,671.65,670.92,670.92,671.65,0.54796408
1468769160000,670.9,670.9,670.9,670.9,0.03
1468769220000,670.92,670.92,670.92,670.92,0.07
1468769280000,670.92,670.92,670.92,670.92,0.25
1468769400000,670.83,670.83,670.83,670.83,0.02846092
1468769640000,670.84,670.84,670.84,670.84,0.01
1468769820000,671,670.84,670.97,671,1.25337721
1468769880000,670.99,670.95,670.97,670.98,0.68220443
1468769940000,671,670.99,670.99,671,4.29363953
1468770000000,671.06,671.05,671.06,671.06,0.77450266
1468770060000,671.06,671.06,671.06,671.06,0.01
1468770120000,671.06,671.06,671.06,671.06,0.52288392
1468770180000,671.05,671.05,671.05,671.05,0.012773
1468770420000,671.06,671.06,671.06,671.06,0.5
1468770480000,671.06,671.05,671.06,671.05,0.422
1468770720000,671.1,671.06,671.06,671.07,10.76945495
1468770780000,671.25,671.14,671.14,671.25,0.1358
1468770840000,671.5,671.26,671.26,671.5,9.61096606
1468770900000,671.62,671.45,671.46,671.62,10.57242724
1468770960000,671.63,671.6,671.6,671.63,2.61321549
1468771020000,671.64,671.63,671.63,671.64,1.22371174
1468771080000,671.64,671.64,671.64,671.64,0.2
1468771140000,671.64,671.64,671.64,671.64,4.6128
