1540656000,6494.94,6493.86,6493.86,6494.86,7.728855
1540656060,6494.86,6490.55,6494.61,6493.04,10.153667
1540656120,6493.01,6490.55,6491,6492.48,6.82928
1540656180,6492.48,6483,6491.06,6486.11,18.943614
1540656240,6486.11,6483.04,6485.46,6484.44,5.714558
1540656300,6484.44,6480.07,6484.44,6482.49,11.905933
1540656360,6485,6480.07,6481.04,6483.02,11.072867
1540656420,6483.02,6478.52,6480.1,6479.99,12.939281
1540656480,6484.44,6478.57,6479.99,6484.43,10.0139
1540656540,6484.43,6481.46,6481.46,6484.4,4.575972
1540656600,6484.41,6482,6484.4,6482,4.525965
1540656660,6482,6480.23,6481.97,6481.98,6.075865
1540656720,6484,6480.49,6481.98,6484,23.593557
1540656780,6484,6483.02,6483.04,6483.13,3.093858
1540656840,6484.3,6483.04,6483.13,6483.76,4.046174
1540656900,6483.76,6479.82,6483.65,6481.01,25.660212
1540656960,6483.3,6480.96,6483.26,6481.32,3.97615
1540657020,6482.44,6480.07,6481.32,6481.93,6.347614
1540657080,6482.42,6481.99,6482.39,6482.42,6.013643
1540657140,6482.44,6482.42,6482.43,6482.44,8.919146
1540657200,6484.4,6482,6482.44,6483.3,14.920936
1540657260,6484.4,6483.22,6483.3,6483.6,4.675915
1540657320,6484.39,6483.28,6483.6,6484.09,5.405301
1540657380,6485,6483.28,6483.51,6484.89,6.164494
1540657440,6484.89,6483.22,6484.89,6483.88,12.285238
1540657500,6485,6483.24,6483.88,6483.88,27.001883
1540657560,6485,6483.25,6483.88,6484.5,30.612966
1540657620,6484.5,6483.26,6484.5,6484.5,9.031838
1540657680,6484.5,6484.07,6484.5,6484.5,10.019792
1540657740,6484.5,6483.22,6484.5,6484.49,11.319611
1540657800,6484.49,6482.77,6484.48,6484.03,13.843349
1540657860,6484.03,6482.66,6483.33,6483.99,13.981143
1540657920,6484,6482.9,6483.99,6483.98,3.25195
1540657980,6483.99,6483.02,6483.98,6483.99,5.096684
1540658040,6484,6482.67,6483.99,6483.99,8.594315
1540658100,6484,6482.75,6483.99,6483.3,7.933583
1540658160,6484,6483,6483.33,6484,6.658588
1540658220,6484,6483.88,6483.99,6484,7.27167
1540658280,6486.88,6483.62,6484,6486.88,54.091665
1540658340,6491,6485.02,6486.88,6488.3,8.249028
1540658400,6490.99,6488.26,6488.3,6488.81,3.975349
1540658460,6491,6488.76,6488.78,6491,8.656542
1540658520,6492.8,6489.24,6489.24,6491.84,8.942309
1540658580,6492.72,6491,6492.24,6492.64,3.556324
1540658640,6494.94,6492.59,6492.72,6494.93,5.031582
1540658700,6494.95,6494.93,6494.93,6494.94,3.306448
1540658760,6495,6494.5,6494.95,6494.5,7.663872
1540658820,6495,6494.5,6494.99,6494.61,4.15932
1540658880,6496,6494.6,6494.6,6495.06,6.755073
1540658940,6497,6495.07,6495.07,6497,9.967045
1540659000,6498.99,6496.3,6497,6497.36,8.483959
1540659060,6499,6496.4,6498.97,6498.99,3.905958
1540659120,6500,6497.9,6497.91,6499.99,19.836324
1540659180,6500,6499.92,6500,6499.92,11.425814
1540659240,6500,6499.91,6500,6499.96,11.307818
1540659300,6500,6499.9,6500,6499.9,6.685293
1540659360,6501,6498.27,6499.9,6498.27,5.121638
1540659420,6499.98,6498.02,6498.27,6498.06,5.343296
1540659480,6498.31,6497.98,6498.09,6498.29,8.171416
1540659540,6498.31,6498.18,6498.21,6498.27,2.349345
1540659600,6498.27,6498.21,6498.21,6498.26,2.580565
1540659660,6498.31,6498.24,6498.27,6498.3,2.28988
1540659720,6498.31,6498.26,6498.31,6498.3,5.094497
1540659780,6498.31,6498.26,6498.31,6498.31,6.832911
1540659840,6500.29,6498.26,6498.31,6498.29,4.488864
1540659900,6500.22,6498.21,6498.27,6498.27,5.263368
1540659960,6499.96,6497.07,6498.29,6497.08,4.821266
1540660020,6497.5,6495.55,6497.5,6496.95,5.721779
1540660080,6497,6495.63,6496.95,6497,3.314145
1540660140,6498.01,6496.94,6496.94,6497.42,3.685638
1540660200,6498.01,6497.07,6497.08,6497.46,2.725286
1540660260,6498.01,6495.49,6498.01,6496.99,4.276312
1540660320,6498,6495.49,6496.95,6496.91,3.25427
1540660380,6498,6496.11,6497.33,6497.98,1.276466
1540660440,6498,6497.97,6497.97,6498,3.151587
1540660500,6498,6496.19,6498,6497.96,4.389297
1540660560,6498.01,6496.31,6498,6496.33,4.767525
1540660620,6497.37,6496.19,6497.37,6497.37,2.071531
1540660680,6497.37,6497.01,6497.05,6497.37,1.901629
1540660740,6497.37,6495.17,6497.09,6497.02,1.76197
1540660800,6497.04,6496.03,6496.03,6497.01,3.015436
1540660860,6497.37,6496.36,6497.01,6497.37,3.966426
1540660920,6497.37,6496.87,6496.88,6497.3,2.067865
1540660980,6497.33,6496.37,6497.33,6497.32,1.524728
1540661040,6497.33,6496.39,6496.39,6497.32,1.818122
1540661100,6497.33,6496.45,6497.32,6496.47,1.341753
1540661160,6498,6496.48,6496.49,6497.4,3.636913
1540661220,6497.4,6496.45,6497.4,6496.91,4.236752
1540661280,6497.32,6496.49,6496.91,6497.32,5.261945
1540661340,6500,6497,6497,6498.23,5.022969
1540661400,6500.97,6498.01,6498.01,6500.97,5.52237
1540661460,6501,6498.67,6498.67,6500.98,3.448545
1540661520,6501.88,6500.97,6500.98,6501.88,11.233936
1540661580,6504.54,6501.42,6501.49,6504.54,8.123864
1540661640,6504.97,6502.08,6504.03,6504.61,15.951438
1540661700,6504.61,6502.12,6504.56,6504.59,2.637646
1540661760,6504.59,6501.05,6504.34,6503.98,9.816246
1540661820,6503.98,6502.49,6503.98,6503.91,2.173182
1540661880,6503.99,6502.59,6503.91,6503.83,2.444687
1540661940,6503.83,6500.99,6503.83,6501.11,3.966841
1540662000,6501.41,6501.11,6501.41,6501.41,2.669451
1540662060,6501.41,6501.09,6501.41,6501.21,3.13318
1540662120,6501.41,6495,6501.2,6496.65,11.292504
1540662180,6496.65,6492.64,6495.46,6493.89,8.335017
1540662240,6496.29,6491,6492.75,6494.39,6.372816
1540662300,6495.69,6492.84,6494.39,6493.78,2.165719
1540662360,6495.67,6492.25,6492.89,6493.75,1.850732
1540662420,6496.35,6492.25,6493.75,6492.3,8.621226
1540662480,6493.72,6492.32,6492.32,6493.71,2.560806
1540662540,6495.7,6492.43,6493.71,6495.7,4.793585
1540662600,6497.75,6493.91,6495.69,6496.02,2.062711
1540662660,6498,6496.02,6496.02,6497.89,4.473628
1540662720,6498,6497,6497.78,6497,2.598474
1540662780,6497.99,6496.01,6497.97,6496.15,1.729985
1540662840,6497.99,6496.15,6497.07,6497.99,1.109352
1540662900,6497.99,6494.21,6497.98,6494.22,3.981006
1540662960,6497.71,6494.2,6497.71,6497.29,1.537392
1540663020,6497.29,6494.2,6497.29,6494.25,1.196479
1540663080,6496.98,6494.51,6494.51,6496.4,1.921814
1540663140,6499.49,6494.71,6496.37,6495.97,4.902416
1540663200,6496.4,6495.1,6495.97,6496.35,3.257332
1540663260,6496.36,6495,6496.36,6496.19,4.834792
1540663320,6498.13,6494.54,6496.19,6494.54,5.95868
1540663380,6496.34,6494.55,6496.34,6496.12,3.082459
1540663440,6496.12,6494.61,6496.12,6495,2.011322
1540663500,6495,6494.68,6495,6494.95,3.117284
1540663560,6495,6494.68,6494.95,6494.99,2.389346
1540663620,6495,6494.81,6494.99,6495,2.750942
1540663680,6495.56,6494.79,6495,6495.02,3.428434
1540663740,6495.56,6495.02,6495.54,6495.32,6.242114
1540663800,6495.56,6495.02,6495.53,6495.31,2.160423
1540663860,6495.56,6495.05,6495.31,6495.56,3.642086
1540663920,6495.56,6495.06,6495.07,6495.56,2.453291
1540663980,6495.56,6495.1,6495.56,6495.23,2.001003
1540664040,6495.56,6495.11,6495.22,6495.32,6.379178
1540664100,6498.08,6495.3,6495.31,6498,2.9143
1540664160,6498,6495.8,6496.01,6496.72,2.115285
1540664220,6497.96,6496.72,6497.96,6497.5,1.900065
1540664280,6497.51,6495.9,6497.51,6497.21,1.326953
1540664340,6497.21,6495.91,6495.91,6496.78,2.234403
1540664400,6497.08,6495.91,6497.06,6495.91,2.090532
1540664460,6497.48,6495.92,6497.08,6497.05,2.61628
1540664520,6497.42,6495.98,6497.05,6497.42,2.251718
1540664580,6497.93,6495.9,6497.41,6496.93,2.749291
1540664640,6496.94,6495.04,6496.93,6495.79,1.659138
1540664700,6495.79,6494.99,6495.39,6495.01,1.1958
1540664760,6495.02,6494.01,6495.01,6495,1.468788
1540664820,6495,6494.47,6495,6494.99,2.033873
1540664880,6495,6494.47,6494.99,6494.49,1.8831
1540664940,6494.5,6492.43,6494.49,6494.49,2.80582
1540665000,6494.5,6492.5,6494.49,6493.71,1.224818
1540665060,6494,6493,6493.03,6493.74,2.429634
1540665120,6494.46,6493,6493.73,6494,1.850598
1540665180,6494,6492.43,6493.38,6493,1.687764
1540665240,6493,6492.92,6492.99,6493,0.956808
1540665300,6493,6488.88,6492.99,6488.9,6.43937
1540665360,6490,6488.89,6488.9,6490,4.394294
1540665420,6490,6489.88,6490,6490,1.046465
1540665480,6490,6488.8,6489.99,6489.35,8.176868
1540665540,6489.92,6488.86,6488.86,6489.92,0.81523
1540665600,6491.72,6489.48,6489.48,6490.15,2.956543
1540665660,6491.66,6490,6490.15,6490.67,2.336428
1540665720,6491,6490.4,6490.67,6491,1.657435
1540665780,6491.67,6490.8,6490.82,6491.64,1.725013
1540665840,6491.67,6490.8,6490.97,6490.81,1.444918
1540665900,6491.67,6490.81,6490.81,6491.04,2.407857
1540665960,6491.63,6489.01,6491.62,6491.17,8.253118
1540666020,6491.17,6491.02,6491.17,6491.14,4.843766
1540666080,6491.14,6491.02,6491.11,6491.02,3.146581
1540666140,6491.14,6488.81,6491.04,6489.83,9.230702
1540666200,6489.83,6488.86,6488.87,6488.97,1.594166
1540666260,6489.83,6488.94,6488.97,6489.76,2.206195
1540666320,6489.83,6489,6489.01,6489,2.288741
1540666380,6489.81,6489,6489.8,6489.25,3.092564
1540666440,6489.49,6485,6489.25,6488,5.001498
1540666500,6489.26,6485.79,6485.79,6488.96,0.795478
1540666560,6489,6488.8,6488.96,6488.93,1.261896
1540666620,6488.97,6486.97,6488.93,6486.97,4.27228
1540666680,6488.92,6485.8,6486.97,6487.2,4.391561
1540666740,6488.54,6486.62,6486.97,6488.45,3.144382
1540666800,6488.45,6486.63,6488.45,6486.73,1.19609
1540666860,6486.73,6485,6486.73,6486.73,2.448233
1540666920,6486.73,6485.82,6486.73,6485.85,1.465985
1540666980,6488.39,6485.49,6485.85,6486.81,2.543767
1540667040,6488.39,6486.81,6486.81,6488.39,1.324269
1540667100,6488.54,6487.33,6488,6487.37,3.058681
1540667160,6488.54,6485.02,6487.37,6485.02,3.00151
1540667220,6487.2,6485,6487.2,6487.14,2.873074
1540667280,6487.14,6483.25,6487.14,6486.77,6.45783
1540667340,6486.77,6483.25,6486.77,6486.64,2.822646
1540667400,6486.65,6483.46,6486.64,6484.36,2.535794
1540667460,6487.14,6483.32,6484.36,6487.14,3.627144
1540667520,6487.14,6484.96,6487.14,6485.21,2.105076
1540667580,6487.14,6485.25,6486.88,6486.84,3.406515
1540667640,6487.21,6482.44,6486.84,6487.18,5.087745
1540667700,6487.21,6485.74,6485.77,6486.58,1.794505
1540667760,6488.54,6482.52,6486.94,6486.91,7.331187
1540667820,6488.54,6486.01,6486.92,6488.48,7.478013
1540667880,6488.54,6485.24,6488.5,6488.52,6.353407
1540667940,6490.55,6485.81,6485.81,6490.55,8.742359
1540668000,6490.55,6487.69,6488.18,6487.72,9.700737
1540668060,6490.1,6484.78,6490.1,6486.29,5.842315
1540668120,6489.98,6484.81,6486.29,6489.85,4.77918
1540668180,6490.2,6488.54,6489.85,6490.1,1.570273
1540668240,6490.09,6488.91,6488.93,6490.08,1.233955
1540668300,6490.08,6485.79,6488.91,6490.07,5.206468
1540668360,6490.08,6487.01,6490.07,6488.83,0.641465
1540668420,6490.08,6485.03,6488.83,6490.05,4.226227
1540668480,6490.08,6487.5,6490.05,6488.29,2.429791
1540668540,6489.96,6488,6489.96,6488.91,4.990352
1540668600,6490.55,6488.89,6488.89,6489.05,7.132624
1540668660,6491.36,6489.05,6490.54,6489.66,4.241125
1540668720,6491.36,6489.66,6489.66,6489.85,3.447656
1540668780,6491.3,6489.58,6491.3,6489.59,1.58251
1540668840,6491.19,6489.58,6490,6490.95,2.204959
1540668900,6490.95,6489.6,6490.95,6490.88,2.442351
1540668960,6490.99,6489.6,6490.88,6489.62,1.435092
1540669020,6491,6488.9,6490.92,6490.09,5.254076
1540669080,6490.91,6485.68,6489.55,6485.73,6.777807
1540669140,6490.05,6485.77,6488.2,6488.57,2.204882
1540669200,6489.93,6487.33,6487.69,6488.88,1.01926
1540669260,6489.93,6488.69,6489.41,6488.74,2.035939
1540669320,6491.22,6488.73,6489.93,6491.19,4.684605
1540669380,6491.36,6490.01,6491.12,6491.36,1.557125
1540669440,6491.36,6490.3,6491.36,6491.35,1.127898
1540669500,6492.42,6490.34,6491.35,6490.97,4.318495
1540669560,6492.15,6490.34,6490.97,6490.34,2.549095
1540669620,6490.62,6488.73,6490.34,6490.39,3.523716
1540669680,6490.62,6488.76,6490.38,6490.62,2.275022
1540669740,6492.43,6490.02,6490.62,6491.01,1.39756
1540669800,6492.37,6491,6491.01,6491,1.803583
1540669860,6491,6488.75,6491,6490.61,1.873542
1540669920,6490.62,6489.65,6490.61,6490.61,2.196452
1540669980,6490.62,6489.65,6490,6490.62,3.944689
1540670040,6490.62,6489.65,6490.61,6490,5.404585
1540670100,6490.62,6489.7,6490,6490.45,4.214196
1540670160,6490.62,6489.66,6490.45,6489.67,1.655899
1540670220,6490.62,6489.66,6490.61,6490.62,0.780972
1540670280,6490.62,6489.67,6490,6490.62,1.442996
1540670340,6490.62,6489.66,6490.13,6489.92,3.004738
1540670400,6490.62,6483.44,6490.08,6485.05,5.850763
1540670460,6489.98,6483.47,6485.03,6489.6,2.7957
1540670520,6489.85,6483.87,6483.87,6486.5,0.813367
1540670580,6489.9,6483.9,6486.17,6486.47,3.348629
1540670640,6486.48,6482,6485.9,6485.43,2.569063
1540670700,6485.43,6482.67,6485.43,6484.67,1.486006
1540670760,6486.48,6485.38,6485.38,6486.46,1.872315
1540670820,6486.48,6482.94,6486.46,6486.47,2.425905
1540670880,6486.48,6482.99,6482.99,6485,1.765969
1540670940,6486.48,6485,6485,6485.74,0.924208
1540671000,6486.48,6485,6486.01,6486.04,1.772994
1540671060,6486.48,6481.96,6486.03,6485.2,1.625874
1540671120,6486.5,6481.99,6485.19,6486.36,3.110333
1540671180,6486.5,6485.2,6486.48,6485.9,3.405677
1540671240,6486.5,6485.9,6485.9,6485.9,2.872747
1540671300,6486.07,6485.9,6485.91,6486.07,0.587049
1540671360,6487.13,6485.99,6486.07,6486.05,4.91376
1540671420,6486.05,6485.2,6486.05,6485.21,5.877692
1540671480,6486.05,6485.2,6485.22,6486.05,0.952181
1540671540,6486.05,6484.75,6486.05,6484.77,2.64264
1540671600,6486.05,6484.76,6486.04,6484.79,2.350926
1540671660,6486.05,6484.76,6486.05,6485.18,1.724793
1540671720,6486.05,6484.77,6484.78,6485.19,1.83157
1540671780,6487.12,6485.2,6486.04,6486.05,2.88107
1540671840,6487.12,6486.05,6487.08,6487.11,1.840689
1540671900,6488.98,6486.06,6487.11,6488.98,1.792655
1540671960,6490,6487.25,6490,6489.98,2.086028
1540672020,6490,6487.25,6490,6490,1.726729
1540672080,6490,6488.81,6489.98,6489.19,1.689138
1540672140,6490.22,6489.19,6489.97,6490.14,5.311718
1540672200,6491.86,6489.19,6490.14,6491.86,13.589386
1540672260,6492.43,6490.16,6491.88,6490.68,11.929128
1540672320,6492.43,6490.68,6492.42,6490.69,3.658146
1540672380,6492.43,6490.69,6491.88,6490.71,6.619611
1540672440,6492,6490.68,6490.7,6491.99,1.1491
1540672500,6494.46,6490.7,6491.47,6492.1,11.548398
1540672560,6494.67,6492.1,6492.1,6493.64,2.06735
1540672620,6494.67,6493.01,6493.01,6494.66,2.084795
1540672680,6498.15,6487.26,6494.66,6489.97,26.519888
1540672740,6491.9,6488.33,6488.33,6490.78,1.5822
1540672800,6491,6490.21,6490.23,6491,2.935489
1540672860,6491.91,6490.79,6490.91,6491.9,1.826316
1540672920,6495.11,6491.88,6491.9,6492.4,6.905846
1540672980,6494.15,6491.94,6492.43,6492.5,2.746285
1540673040,6494.04,6492.5,6492.98,6493.35,1.222263
1540673100,6495.11,6492.51,6492.51,6494.1,5.13835
1540673160,6497,6493.05,6494.65,6494.34,3.419335
1540673220,6496.97,6493.12,6494.5,6493.8,4.071788
1540673280,6496.55,6493.79,6493.8,6493.8,3.274945
1540673340,6495.09,6493.39,6493.8,6493.4,1.644308
1540673400,6495.07,6493,6494.99,6494.23,11.110619
1540673460,6495.07,6493.48,6495.06,6493.75,0.962983
1540673520,6495.07,6493.76,6493.77,6495.05,4.088627
1540673580,6496.99,6493.7,6495.06,6493.7,2.626388
1540673640,6495.15,6493.5,6493.98,6495.12,1.542
1540673700,6498.15,6493.94,6495.12,6495.17,8.25605
1540673760,6498.08,6494.61,6494.75,6495,1.734184
1540673820,6495.74,6482.87,6494.87,6489.52,26.95171
1540673880,6492.85,6489.52,6489.52,6492.85,2.15048
1540673940,6500,6490.86,6490.86,6495.14,30.072601
1540674000,6498,6495.14,6495.21,6495.18,9.28334
1540674060,6496.51,6495.14,6495.18,6496.43,1.777837
1540674120,6498.34,6495.2,6496.43,6497.59,31.625859
1540674180,6498.34,6496.33,6497.59,6498.03,2.952417
1540674240,6500.78,6498.04,6498.3,6498.04,4.57058
1540674300,6501.06,6496.44,6498.55,6498.29,7.232937
1540674360,6498.18,6494,6496.45,6496,13.799662
1540674420,6498.29,6495.3,6496.01,6498.18,4.077217
1540674480,6499.58,6498.18,6498.29,6499.51,4.169605
1540674540,6499.57,6496.51,6499.5,6497.5,6.391715
1540674600,6499.57,6493.99,6499.07,6499.18,6.718534
1540674660,6499.17,6494.64,6499.17,6498.89,7.884579
1540674720,6498.99,6495.36,6498.98,6497.19,14.181619
1540674780,6498.99,6497.12,6497.19,6497.2,5.106129
1540674840,6499,6497.2,6497.23,6498.94,4.921824
1540674900,6499.4,6496.72,6497.64,6497.66,7.928042
1540674960,6500.73,6497.65,6497.66,6499.34,8.676288
1540675020,6500.78,6499.22,6500.64,6499.22,17.477598
1540675080,6503.9,6498.05,6499.23,6500.94,19.680588
1540675140,6504,6498.01,6500.94,6501.05,23.076573
1540675200,6504.59,6501.05,6501.91,6501.31,5.713982
1540675260,6504.39,6501.02,6501.66,6501.02,10.024793
1540675320,6504.34,6501.02,6501.02,6502,6.75455
1540675380,6503.99,6501.09,6502,6501.8,3.797076
1540675440,6503.87,6498.13,6501.8,6500.95,3.671682
1540675500,6500.98,6498.14,6500.95,6500.6,1.692207
1540675560,6500.99,6498.19,6500.6,6498.42,2.602242
1540675620,6501,6497.32,6500.42,6498.53,4.677573
1540675680,6498.53,6493.93,6498.53,6496.87,7.087552
1540675740,6498.53,6494.47,6497.26,6498.47,4.69131
1540675800,6498.51,6494.14,6496.21,6497.97,6.387101
1540675860,6500,6495,6497.97,6499.99,5.804664
1540675920,6500,6495.04,6499.99,6496.39,2.387061
1540675980,6500,6496.39,6498.83,6498,5.359528
1540676040,6499.94,6495,6498.01,6499.06,4.775281
1540676100,6502.51,6499.07,6499.07,6501.01,8.319274
1540676160,6502.5,6499.7,6501.01,6499.7,10.545926
1540676220,6504.5,6499.7,6499.7,6500.42,7.020765
1540676280,6507.81,6499.7,6503.73,6500.83,51.194399
1540676340,6503.58,6500.83,6500.83,6501.99,6.034045
1540676400,6503.53,6501.85,6501.99,6501.85,3.598251
1540676460,6503,6500.42,6501.98,6502.66,3.417916
1540676520,6503.49,6501.99,6502.98,6502.04,4.881522
1540676580,6503.49,6502.44,6503.42,6502.99,4.364925
1540676640,6503.01,6501,6502.97,6502.05,3.662277
1540676700,6502.45,6502,6502.4,6502.38,3.618287
1540676760,6505.12,6502.35,6502.46,6503.81,3.585973
1540676820,6505.12,6502.51,6503.96,6503.01,5.015261
1540676880,6507.77,6503,6503.01,6507.76,24.468903
1540676940,6507.79,6505.03,6507.76,6506.87,28.007853
1540677000,6512,6505.91,6507.79,6510.03,59.009409
1540677060,6511.97,6505.34,6510.03,6511.86,9.857479
1540677120,6512,6505.34,6511,6509.98,22.051542
1540677180,6512,6509.98,6509.98,6510.21,4.147034
1540677240,6514,6510.19,6511.89,6510.43,4.916519
1540677300,6514,6510.42,6510.43,6511.87,5.839833
1540677360,6513.46,6506,6511.91,6509.96,83.778558
1540677420,6509.97,6505.99,6506.84,6507.49,10.731657
1540677480,6509.78,6507.48,6507.49,6507.49,1.729893
1540677540,6509.67,6506,6507.51,6509.2,10.209277
1540677600,6509.2,6507.49,6509.2,6508.31,2.363721
1540677660,6508.8,6505.33,6508.77,6506.93,5.755299
1540677720,6506.93,6504.56,6505.34,6504.6,4.111829
1540677780,6506.2,6504.6,6504.98,6504.76,2.856502
1540677840,6506.17,6503.75,6504.98,6503.76,5.37769
1540677900,6504.56,6503.75,6503.81,6503.96,2.039485
1540677960,6504.49,6503.73,6503.75,6503.74,4.350735
1540678020,6504.49,6503.73,6504.49,6503.91,2.769427
1540678080,6504.58,6503.75,6503.92,6504.48,3.229669
1540678140,6504.62,6504.19,6504.48,6504.35,5.087048
1540678200,6505.3,6504.35,6504.48,6504.98,5.358791
1540678260,6506.15,6502,6504.64,6504.67,5.989159
1540678320,6506.76,6504.66,6506.12,6506.73,7.632025
1540678380,6506.73,6505,6506.73,6505.09,4.702331
1540678440,6505.09,6504.71,6505.08,6504.95,5.199048
1540678500,6504.98,6502.01,6504.95,6504.97,3.367684
1540678560,6506.71,6504.01,6504.01,6504.13,4.394249
1540678620,6506.94,6504.11,6505,6506.93,13.14523
1540678680,6508.79,6497.35,6506.93,6504.2,36.464482
1540678740,6504.16,6498.4,6501.01,6501.29,21.063457
1540678800,6503.61,6501.29,6503.61,6501.42,1.11933
1540678860,6505.57,6501.44,6503.31,6503.38,2.879306
1540678920,6505.51,6502.01,6504.21,6503.88,3.170475
1540678980,6507.42,6502.1,6503.87,6504.02,4.411089
1540679040,6507.4,6502.95,6504.09,6504.43,4.026718
1540679100,6506.74,6501.65,6504.59,6504.6,8.508713
1540679160,6508.85,6501.92,6504.86,6507.07,5.130842
1540679220,6508.84,6503.84,6507.07,6506.99,3.61402
1540679280,6506.97,6503.94,6504.09,6504.53,2.867903
1540679340,6506.33,6503.99,6504.53,6504.63,3.035133
1540679400,6504.73,6504.5,6504.55,6504.73,3.012531
1540679460,6506.33,6501.45,6504.73,6505.56,2.880927
1540679520,6506.33,6505,6505.56,6505.21,1.746537
1540679580,6506.33,6505.21,6505.22,6506.11,3.895228
1540679640,6507.44,6505.22,6505.22,6506.97,5.976234
1540679700,6507.44,6505.24,6506.96,6506,8.297528
1540679760,6506.95,6505.25,6506,6505.28,2.031075
1540679820,6505.65,6505.25,6505.28,6505.64,2.823687
1540679880,6505.65,6505.25,6505.62,6505.54,2.31218
1540679940,6506.7,6503.6,6505.54,6506.7,4.61418
1540680000,6508.7,6505.36,6505.37,6508.67,2.808855
1540680060,6508.08,6505.46,6506.83,6506.85,2.034804
1540680120,6508.05,6506.68,6506.7,6506.85,3.081089
1540680180,6506.86,6500.64,6506.81,6501.11,7.040006
1540680240,6501.1,6498.41,6501.1,6499,3.178431
1540680300,6500,6498.41,6499,6499.65,5.897292
1540680360,6500,6497.88,6499.65,6499.92,2.032126
1540680420,6499.93,6498.03,6499.92,6499.79,2.756603
1540680480,6498.08,6491.01,6498.08,6496.57,10.2365
1540680540,6499.76,6495.35,6496.57,6496.87,3.213293
1540680600,6499.86,6496.9,6498.97,6499.82,2.942565
1540680660,6503.81,6497.47,6499.82,6502.02,1.299429
1540680720,6504,6502,6502.02,6502.12,11.092896
1540680780,6505.38,6502.01,6502.11,6505.34,3.269536
1540680840,6506.85,6502.26,6505.33,6502.63,2.770037
1540680900,6506.85,6502.74,6506.75,6503.23,3.80289
1540680960,6505.54,6503.23,6503.24,6505.33,4.57178
1540681020,6505.33,6502.01,6505.33,6503,2.393507
1540681080,6503.53,6502,6502.95,6503.51,3.723329
1540681140,6503.5,6502,6503.49,6502.97,2.146087
1540681200,6503,6499.85,6502,6502.86,2.237876
1540681260,6502.98,6500.05,6502.86,6501.99,4.242979
1540681320,6501.99,6499.99,6500.26,6500.96,3.808309
1540681380,6502.79,6500.95,6500.96,6502.72,2.680991
1540681440,6502.7,6499.99,6501.05,6499.99,2.973515
1540681500,6500,6499.99,6500,6500,2.621435
1540681560,6502.64,6499.99,6500,6500,4.737525
1540681620,6501.1,6497.3,6500,6499.73,7.400867
1540681680,6499.7,6497.3,6498,6498.44,2.477328
1540681740,6501.87,6498,6498.44,6501.22,11.380187
1540681800,6501.87,6498.66,6501.22,6500.4,2.390798
1540681860,6501.73,6498.65,6500.64,6499.3,2.144973
1540681920,6500,6499,6499.01,6499,3.410534
1540681980,6501.81,6499,6499,6500.11,4.003373
1540682040,6501.25,6500,6500.11,6500.01,2.347829
1540682100,6500.99,6497.01,6500.01,6498.79,6.246764
1540682160,6499.89,6497.02,6498.18,6499.89,12.232404
1540682220,6502.68,6497.24,6499.89,6501,4.491848
1540682280,6502.6,6500.01,6500.01,6500.86,3.125422
1540682340,6504,6500.07,6500.07,6504,3.126189
1540682400,6504,6501.93,6504,6502.7,1.487603
1540682460,6503,6500.04,6502.7,6502.13,7.782341
1540682520,6502.92,6500.04,6502.11,6501,2.323573
1540682580,6501.96,6501,6501.01,6501.94,3.286213
1540682640,6501.95,6500.05,6501.02,6500.08,3.248906
1540682700,6501.65,6497,6501.65,6497.59,7.90214
1540682760,6501,6497.56,6499.03,6500.11,3.216683
1540682820,6502.91,6498.42,6500.1,6502,3.007377
1540682880,6502.9,6500.01,6501,6500.14,2.561118
1540682940,6503,6501.22,6501.22,6502,1.993105
1540683000,6502.99,6500.22,6502,6501.66,6.542313
1540683060,6501.66,6501.23,6501.66,6501.64,3.638916
1540683120,6501.65,6500.26,6500.26,6501.64,1.649644
1540683180,6501.88,6501,6501.64,6501.88,4.825471
1540683240,6502,6501.01,6501.59,6502,2.117246
1540683300,6502.77,6501.01,6502.26,6501.57,2.098873
1540683360,6502,6501.01,6502,6501.87,3.023439
1540683420,6502.69,6501.01,6501.01,6501.13,2.315144
1540683480,6502.61,6501.01,6502.61,6501.98,4.198691
1540683540,6503,6501.04,6501.4,6502.97,4.915567
1540683600,6503.6,6501.49,6501.52,6503.58,3.482477
1540683660,6504,6502,6503.58,6503.56,2.259867
1540683720,6503.56,6502.3,6503.56,6502.53,2.974197
1540683780,6503,6501.43,6502.9,6502.92,2.531276
1540683840,6502.86,6501.04,6501.44,6502.52,1.608159
1540683900,6502.5,6501.05,6501.3,6502.48,2.758209
1540683960,6502.48,6501.05,6501.05,6501.63,1.368356
1540684020,6502.44,6501.6,6501.63,6502.44,1.751174
1540684080,6502.5,6501.6,6501.62,6502.46,3.366853
1540684140,6502.52,6501.07,6501.6,6502.51,1.695118
1540684200,6503.29,6501.07,6502.51,6502.31,3.023974
1540684260,6505,6502.32,6503.28,6503.98,4.000714
1540684320,6505,6503.36,6503.36,6504.98,2.010927
1540684380,6505.96,6501.53,6504.99,6504.93,2.772599
1540684440,6506.86,6504.93,6505.07,6506.81,5.106813
1540684500,6506.86,6505.6,6505.6,6506.84,10.338298
1540684560,6506.85,6505.6,6506.84,6505.61,3.011405
1540684620,6506.96,6505.6,6505.61,6506.85,1.843628
1540684680,6506.96,6506.84,6506.96,6506.84,2.4307
1540684740,6506.9,6505.6,6506.88,6505.6,1.820254
1540684800,6506.82,6501.5,6505.6,6504.57,4.382679
1540684860,6506.67,6503.77,6504.57,6504.48,1.07029
1540684920,6506.74,6504.48,6504.98,6506.69,1.141935
1540684980,6506.84,6505,6506.69,6506.73,2.946796
1540685040,6506.71,6503.47,6505.07,6506,2.721698
1540685100,6506.3,6505.12,6506.29,6506.27,2.264782
1540685160,6506.32,6505.8,6505.8,6505.92,13.931653
1540685220,6505.92,6504.88,6505.86,6505.89,1.739139
1540685280,6505.92,6504.5,6505.64,6504.5,1.531703
1540685340,6505.82,6503.55,6505.82,6504.41,1.247485
1540685400,6504.5,6503.51,6504.41,6504,3.512117
1540685460,6504.43,6501.57,6503.54,6504.43,2.206548
1540685520,6505.92,6503.41,6503.41,6504.38,3.760528
1540685580,6505.81,6503.46,6504.41,6504.21,1.54936
1540685640,6504.46,6504.19,6504.19,6504.39,1.531971
1540685700,6505.81,6503.46,6504.42,6503.46,2.659569
1540685760,6503.73,6501.5,6503.46,6501.52,1.8358
1540685820,6502.01,6501.09,6501.51,6502.01,2.088286
1540685880,6503.33,6501.09,6502,6502.01,2.250631
1540685940,6502.01,6501.09,6502.01,6501.1,2.866825
1540686000,6501.88,6500,6501.1,6500.55,2.738214
1540686060,6501.14,6500.01,6501.14,6500.27,1.384898
1540686120,6501.61,6500,6500.27,6500.05,3.680233
1540686180,6501.5,6500.04,6501.5,6500.04,2.908068
1540686240,6501.12,6500.04,6500.04,6501.05,1.47695
1540686300,6501.53,6500,6501.04,6500,4.564915
1540686360,6501,6500,6501,6500.45,2.267231
1540686420,6500.51,6500.45,6500.51,6500.45,1.242722
1540686480,6500.51,6500,6500.45,6500.28,1.487706
1540686540,6500.51,6498.46,6500.51,6500.12,2.471761
1540686600,6500.12,6497,6498.52,6497,3.882878
1540686660,6499.28,6496.72,6499.28,6498.82,0.767737
1540686720,6500,6496.74,6497.88,6500,1.15419
1540686780,6501.67,6498.55,6499.51,6500,1.321669
1540686840,6501.62,6500.01,6500.01,6501,1.528247
1540686900,6501.72,6501,6501.62,6501.05,1.651943
1540686960,6501.65,6500,6501.02,6501.48,2.624817
1540687020,6501.6,6501.27,6501.57,6501.27,1.388428
1540687080,6501.61,6501.27,6501.48,6501.46,2.959343
1540687140,6501.58,6501.27,6501.28,6501.47,2.3181
1540687200,6501.6,6501.27,6501.3,6501.3,1.967172
1540687260,6501.57,6500.09,6501.57,6501.32,0.893313
1540687320,6501.55,6498.72,6501.55,6498.72,5.502325
1540687380,6498.72,6495.33,6498.69,6498.5,3.092269
1540687440,6498.5,6497.1,6497.92,6498.49,1.534205
1540687500,6498.47,6497.14,6497.17,6498.44,1.506479
1540687560,6498.43,6497.14,6498.41,6498,4.396262
1540687620,6498.44,6497.92,6498,6498.41,0.93463
1540687680,6498.44,6497.95,6498.41,6498.19,0.798669
1540687740,6498.43,6493.8,6498.38,6498.41,1.379896
1540687800,6498.43,6497.15,6497.17,6498.43,2.066596
1540687860,6498.44,6498,6498,6498.43,2.578017
1540687920,6498.44,6498,6498,6498.43,0.545198
1540687980,6498.44,6498.43,6498.44,6498.43,0.830963
1540688040,6498.44,6497.17,6498.43,6498.44,1.437685
1540688100,6498.5,6497.19,6498.44,6498.49,4.193477
1540688160,6498.5,6497.19,6497.19,6498.05,0.970926
1540688220,6498.5,6493.87,6498.48,6497.77,2.086396
1540688280,6497.71,6493.84,6494.55,6496.79,0.942488
1540688340,6496.99,6494.5,6494.5,6496.23,3.854895
1540688400,6497.74,6496.07,6496.23,6497.72,1.762434
1540688460,6497.72,6496.16,6496.16,6497.39,0.805123
1540688520,6497.74,6497.39,6497.4,6497.71,0.947861
1540688580,6498.4,6497.39,6498.4,6497.4,0.964338
1540688640,6498.4,6497.4,6497.45,6497.46,1.543937
1540688700,6501.47,6497.48,6497.49,6501.4,5.503682
1540688760,6501.36,6497.64,6497.69,6498.42,11.45549
1540688820,6498.42,6497.4,6497.65,6498.37,1.23552
1540688880,6498.42,6497.41,6498.37,6497.93,1.810699
1540688940,6498.42,6497.39,6498.42,6497.94,3.111551
1540689000,6500.94,6497.39,6497.39,6499.06,2.11362
1540689060,6499.27,6498.63,6499.07,6499.13,0.237299
1540689120,6500.94,6499.13,6499.27,6499.51,2.996272
1540689180,6500.18,6499.11,6500.13,6499.14,1.730872
1540689240,6500.22,6499,6499.57,6499.01,1.807807
1540689300,6500.16,6498.58,6499.01,6499.45,2.218455
1540689360,6499.93,6498.81,6499.39,6498.81,1.154983
1540689420,6499.27,6497.49,6498.81,6497.49,2.387626
1540689480,6499.27,6497.39,6499.22,6498.73,2.758019
1540689540,6498.74,6497.59,6498.74,6497.6,2.168821
1540689600,6498.74,6497.6,6497.6,6498.73,0.85608
1540689660,6500.26,6497.7,6498.73,6497.71,2.007378
1540689720,6499.66,6497.61,6499.66,6499.6,1.288568
1540689780,6502.24,6499.6,6499.61,6501.22,3.803582
1540689840,6501.2,6499.73,6500.3,6501,3.400522
1540689900,6504.45,6499.59,6501.19,6499.68,13.456178
1540689960,6499.6,6497.61,6499.59,6499.55,2.008444
1540690020,6499.51,6497.62,6497.62,6499.44,0.314583
1540690080,6499.44,6497.98,6497.98,6499.44,2.468564
1540690140,6499.44,6497.6,6499.43,6497.64,7.360933
1540690200,6499.66,6497.6,6497.6,6499.4,1.781758
1540690260,6501.94,6499.4,6499.4,6499.66,2.051604
1540690320,6500,6499.41,6499.66,6499.41,1.286688
1540690380,6499.97,6497.6,6499.41,6497.61,1.559975
1540690440,6500.31,6497.6,6497.61,6497.84,6.119433
1540690500,6500.31,6497.84,6499.94,6500.31,2.033477
1540690560,6502.01,6498.12,6498.12,6499.81,0.965768
1540690620,6501.92,6499.52,6500.05,6501.84,0.677015
1540690680,6501.91,6500.16,6501.84,6501.24,2.968511
1540690740,6501.68,6500.23,6501.68,6501.17,2.749919
1540690800,6501.21,6500.23,6501.18,6501.2,3.987074
1540690860,6503.47,6501.2,6501.21,6501.7,2.918906
1540690920,6503.46,6501.69,6501.7,6502.35,2.419167
1540690980,6504.63,6501.74,6501.74,6502.49,4.814843
1540691040,6504.26,6502.13,6502.49,6502.13,4.23234
1540691100,6503.13,6502.13,6502.71,6502.13,2.404423
1540691160,6502.41,6497.75,6502.13,6499.93,2.403994
1540691220,6499.93,6497.76,6499.93,6497.76,0.850159
1540691280,6499.04,6497.75,6497.76,6498.46,1.140566
1540691340,6499.87,6497.6,6497.75,6498.51,2.494856
1540691400,6499.87,6498.5,6498.5,6499.03,1.275862
1540691460,6499.87,6498.5,6499.8,6498.51,1.054388
1540691520,6499.78,6498.5,6498.5,6498.97,0.931317
1540691580,6498.97,6498.5,6498.53,6498.5,1.894972
1540691640,6499.76,6498.5,6498.5,6498.96,1.567673
1540691700,6499.78,6498.96,6499.11,6498.96,1.395635
1540691760,6499.78,6498.5,6499.78,6498.96,3.186284
1540691820,6498.96,6498.5,6498.96,6498.51,0.688989
1540691880,6498.96,6498.51,6498.95,6498.96,1.222854
1540691940,6499.79,6498.51,6498.96,6498.76,2.84939
1540692000,6499.79,6498.74,6498.74,6499.7,1.151073
1540692060,6499.78,6498.76,6499.71,6499.77,1.067754
1540692120,6502.42,6499.77,6499.77,6502.33,15.035949
1540692180,6502.42,6499.78,6502.26,6500.65,7.642143
1540692240,6502.4,6500.65,6500.65,6501.98,1.041667
1540692300,6502.39,6500.66,6502.14,6500.66,3.717992
1540692360,6502.42,6500.66,6502.34,6501.13,1.3488
1540692420,6501.13,6500.01,6501.13,6500.67,3.125652
1540692480,6500.67,6500.01,6500.01,6500.64,1.164934
1540692540,6500.66,6500.64,6500.66,6500.65,0.823362
1540692600,6500.68,6500.64,6500.66,6500.68,1.962288
1540692660,6501.13,6500.64,6500.67,6501.13,2.203337
1540692720,6501.13,6500.67,6501.13,6500.83,1.20202
1540692780,6501.13,6500.83,6501.1,6500.97,0.7856
1540692840,6501.13,6499.13,6500.97,6500.85,8.483843
1540692900,6502.05,6500.84,6500.84,6500.94,4.168342
1540692960,6502.42,6500.94,6500.94,6502.41,5.567472
1540693020,6502.41,6500.94,6500.95,6500.94,1.020848
1540693080,6502.42,6500.93,6501.49,6502.39,2.623408
1540693140,6503.07,6502.39,6502.41,6503.02,1.114996
1540693200,6503.14,6502.39,6502.39,6503.1,2.029311
1540693260,6504.75,6503.04,6503.07,6503.08,1.638534
1540693320,6504.96,6502.6,6503.65,6504.04,13.853439
1540693380,6504.11,6503.7,6504.08,6504.04,1.886471
1540693440,6504.05,6503.7,6504.04,6503.7,1.033252
1540693500,6505.5,6503.62,6503.7,6503.63,4.569906
1540693560,6503.84,6503.08,6503.63,6503.75,0.991408
1540693620,6503.81,6503,6503.08,6503.69,1.122921
1540693680,6503.69,6503.08,6503.11,6503.1,1.705195
1540693740,6503.6,6501,6503.58,6503.56,1.756414
1540693800,6503.75,6500.96,6502.89,6502.88,2.838243
1540693860,6502.87,6500.94,6501.83,6502.82,0.975658
1540693920,6505.44,6501.83,6501.83,6503.22,1.577783
1540693980,6503.5,6502.85,6503.5,6503.37,0.782882
1540694040,6503.51,6503.37,6503.45,6503.45,1.001292
1540694100,6503.52,6501.99,6503.45,6503.42,2.104853
1540694160,6503.43,6501.99,6501.99,6503.33,1.395916
1540694220,6503.33,6500.93,6502.04,6502.95,2.060208
1540694280,6502.94,6501.01,6502.24,6502.78,0.997549
1540694340,6505.22,6501.1,6502.78,6501.12,1.934148
1540694400,6505.44,6501.14,6503.39,6502.13,2.231547
1540694460,6505.24,6501.58,6502.13,6502.52,0.552991
1540694520,6503.09,6501.64,6501.7,6502.55,0.865301
1540694580,6502.68,6502.3,6502.68,6502.3,0.731166
1540694640,6502.5,6501.64,6502.3,6501.66,1.765565
1540694700,6502.5,6500.93,6502.46,6502.41,2.010624
1540694760,6502.41,6500.94,6501.85,6500.98,0.887252
1540694820,6503,6500.94,6500.96,6501.45,2.963533
1540694880,6502.93,6501.45,6501.45,6501.67,2.828413
1540694940,6502.9,6501.42,6502.9,6501.45,0.85361
1540695000,6501.45,6501.12,6501.44,6501.38,1.257327
1540695060,6501.45,6501.38,6501.39,6501.45,0.748052
1540695120,6503,6501.38,6501.38,6501.89,2.189186
1540695180,6503.14,6501.41,6501.43,6503.14,6.02705
1540695240,6503.16,6501.45,6501.45,6503.15,0.608695
1540695300,6505.48,6503.13,6503.14,6503.5,0.894203
1540695360,6505.5,6503.5,6503.7,6504.51,2.354387
1540695420,6505.5,6504.5,6505.5,6504.5,1.602747
1540695480,6505.5,6504.5,6504.5,6504.52,1.363331
1540695540,6505.45,6504.51,6504.52,6504.53,0.772572
1540695600,6505.41,6504.53,6504.56,6505.1,0.596255
1540695660,6505.38,6505.1,6505.36,6505.16,0.975258
1540695720,6505.42,6505.16,6505.16,6505.42,0.89478
1540695780,6506.28,6505.16,6505.42,6506.28,2.126281
1540695840,6506.27,6505.4,6506,6506,1.395088
1540695900,6507.31,6505.4,6506.01,6506.97,10.758459
1540695960,6507.22,6501.44,6506.96,6502,31.513829
1540696020,6503.88,6501.44,6502,6502,1.169391
1540696080,6502.44,6500.86,6502,6501.03,2.54904
1540696140,6502,6500.7,6501.03,6501,1.931248
1540696200,6501.98,6501,6501.97,6501.94,0.903365
1540696260,6502,6501,6502,6501.24,0.654425
1540696320,6502,6501.01,6501.24,6501.98,1.168826
1540696380,6502.63,6501.01,6501.01,6502.27,0.759809
1540696440,6502.63,6502.29,6502.63,6502.61,0.754702
1540696500,6504.76,6502.62,6502.63,6503.23,0.837892
1540696560,6507.32,6502.84,6502.85,6507.25,6.221229
1540696620,6507.25,6503.24,6505.36,6504.76,3.256942
1540696680,6506.07,6504.76,6505.66,6504.83,0.585604
1540696740,6505.97,6504.02,6504.77,6504.02,0.623369
1540696800,6507.24,6503.99,6504.74,6505.91,4.700554
1540696860,6507.3,6505.91,6505.91,6505.91,2.335817
1540696920,6506.99,6505.91,6505.91,6506,1.61392
1540696980,6507,6501.01,6507,6505.92,9.870628
1540697040,6505.93,6501.01,6505.92,6505.69,3.051656
1540697100,6505.66,6501.12,6504.93,6505.03,1.109145
1540697160,6505.03,6499.94,6501.23,6499.94,1.881285
1540697220,6503.46,6499.94,6503.46,6499.95,0.361059
1540697280,6503.2,6499.95,6499.95,6502.68,1.836891
1540697340,6502.68,6500.02,6502.68,6500.24,0.280781
1540697400,6502.31,6500.21,6500.26,6500.38,2.384556
1540697460,6502.54,6500.24,6502.1,6502.35,4.122054
1540697520,6502.33,6500.74,6500.74,6501.19,5.11502
1540697580,6502.33,6501,6502.3,6502.2,1.378793
1540697640,6503.79,6501.14,6501.14,6501.25,2.049867
1540697700,6502.26,6501.28,6502.15,6501.73,1.418994
1540697760,6501.73,6499.94,6501.72,6499.97,4.957735
1540697820,6501.53,6499.77,6501.53,6499.92,1.868019
1540697880,6500,6497.52,6499.99,6497.52,10.799526
1540697940,6500,6497.5,6499.7,6499.69,1.602596
1540698000,6499.69,6497.16,6499,6497.18,2.270978
1540698060,6500,6496.89,6496.89,6498.97,5.052902
1540698120,6501.5,6498.97,6499.64,6499.5,1.831311
1540698180,6500.31,6496.91,6499.49,6496.94,7.845084
1540698240,6500.03,6496.89,6496.91,6496.96,8.591068
1540698300,6501.52,6496.96,6500,6497.99,2.530586
1540698360,6501.8,6498.01,6498.01,6498.8,1.155083
1540698420,6499.49,6496.9,6498.81,6499.49,0.76391
1540698480,6499.48,6496.96,6496.96,6499.2,0.64511
1540698540,6501.17,6497.71,6499.2,6499.61,2.38909
1540698600,6499.6,6495.03,6497.75,6499.57,3.073026
1540698660,6499.43,6495.06,6495.06,6498.23,3.144155
1540698720,6498.23,6497.65,6497.93,6498.21,1.359966
1540698780,6498.23,6497.7,6497.7,6498.23,1.182633
1540698840,6500,6498.23,6498.23,6499.86,2.164461
1540698900,6501.58,6499.72,6499.73,6500.55,1.884039
1540698960,6501.57,6500,6500,6501.54,1.42953
1540699020,6501.66,6500.01,6500.03,6501.53,2.216519
1540699080,6501.37,6499.03,6500.09,6499.64,3.712797
1540699140,6501.35,6499.62,6501.35,6499.79,0.938996
1540699200,6500.24,6499.01,6499.79,6499.01,1.818645
1540699260,6501.2,6499.01,6499.02,6501.05,1.425468
1540699320,6501.09,6501.02,6501.02,6501.07,1.085792
1540699380,6501.1,6501.07,6501.09,6501.09,1.584219
1540699440,6502,6501.09,6501.09,6501.99,1.502151
1540699500,6502,6501.31,6501.31,6501.65,1.300394
1540699560,6502,6501.31,6501.31,6501.97,1.569337
1540699620,6502.78,6501.31,6501.99,6502.56,1.531449
1540699680,6503.5,6502.02,6502.02,6503.47,3.210685
1540699740,6503.5,6502,6502.86,6502.74,1.71828
1540699800,6503.53,6502,6502.74,6503.5,2.973652
1540699860,6504.27,6503.5,6503.53,6504.27,1.753236
1540699920,6504.61,6503.52,6504.27,6503.89,2.094867
1540699980,6503.89,6503,6503.89,6503,4.376136
1540700040,6503.41,6503,6503.33,6503,1.566505
1540700100,6503.32,6503,6503.32,6503.01,0.872307
1540700160,6503.01,6503,6503,6503.01,0.078946
1540700220,6503.01,6501.31,6503.01,6502.97,1.660653
1540700280,6502.97,6501.38,6502.97,6502.5,1.367561
1540700340,6502.99,6501.41,6502.65,6502.23,2.458893
1540700400,6503.01,6502.22,6502.22,6502.78,2.297284
1540700460,6503.01,6501.7,6502.8,6501.72,1.681577
1540700520,6502.64,6501.72,6502.64,6502.6,1.371055
1540700580,6502.6,6501.53,6502.58,6502.56,1.826092
1540700640,6503.84,6501.5,6502.44,6502.94,1.034122
1540700700,6503.83,6501.8,6503.82,6502.84,0.92158
1540700760,6503.72,6502.56,6502.84,6503.2,1.22207
1540700820,6503.68,6502.02,6503.67,6502.63,0.64759
1540700880,6503.68,6502.02,6503.16,6503.04,1.26528
1540700940,6504.01,6498.11,6502.84,6504,13.386715
1540701000,6510,6504,6504,6505.01,19.918828
1540701060,6506.1,6505,6506.1,6505,0.37805
1540701120,6506.46,6505,6505,6505,0.799627
1540701180,6506.65,6505,6505.01,6506.46,2.389747
1540701240,6506.9,6505,6505.95,6506.57,1.650031
1540701300,6506.73,6505,6506.56,6506.48,4.857302
1540701360,6506.68,6505.98,6506.48,6506.53,0.942775
1540701420,6508,6506.53,6506.9,6506.62,5.743348
1540701480,6508.82,6506.6,6506.62,6506.89,1.43668
1540701540,6508.76,6506.89,6506.89,6507.65,1.40012
1540701600,6507.65,6506.87,6507.65,6506.89,1.268701
1540701660,6506.89,6505.98,6506.88,6506.81,4.029186
1540701720,6506.82,6505.06,6506.82,6506.72,1.178209
1540701780,6506.74,6501.01,6506.72,6501.01,24.788811
1540701840,6504.54,6500.37,6501.01,6500.99,3.232907
1540701900,6500.99,6500.34,6500.99,6500.97,1.681842
1540701960,6500.97,6499.1,6500.97,6500.36,6.458995
1540702020,6500.36,6497.44,6500.36,6500.31,2.320993
1540702080,6500.31,6499.12,6500.31,6500.3,1.660199
1540702140,6500.31,6499.17,6499.18,6499.97,2.481951
1540702200,6500.98,6499.38,6499.97,6500.21,1.284505
1540702260,6500.98,6499.52,6500.98,6500.54,1.500918
1540702320,6500.98,6500.47,6500.53,6500.47,1.337231
1540702380,6504.37,6500.47,6500.47,6504.24,1.94218
1540702440,6504.25,6501.75,6504.24,6503.14,3.574493
1540702500,6504.37,6502.6,6502.62,6502.61,2.186098
1540702560,6504.3,6502.86,6504.3,6503.87,1.647988
1540702620,6504.3,6503,6503.87,6504.09,2.807417
1540702680,6505,6504,6504.09,6504,2.666372
1540702740,6504.98,6504,6504,6504.03,1.427018
1540702800,6506.02,6504.01,6504.03,6505.12,2.333166
1540702860,6508,6504.05,6504.09,6506.6,23.001629
1540702920,6506.65,6503.52,6505.14,6503.64,4.238123
1540702980,6503.63,6501.02,6503.5,6501.6,2.016207
1540703040,6505.16,6501.09,6502.06,6501.48,1.795991
1540703100,6501.48,6501.47,6501.48,6501.48,0.946502
1540703160,6502.77,6501.47,6501.48,6502.77,0.680266
1540703220,6503.01,6501.51,6502.79,6502.24,4.432354
1540703280,6503.02,6501.77,6501.77,6503.02,1.776053
1540703340,6503.02,6501,6503.02,6502.04,3.044268
1540703400,6508,6501.05,6502.04,6504.05,6.112183
1540703460,6504.09,6503.23,6504.09,6503.29,1.67525
1540703520,6504.48,6503.3,6504.09,6504.48,1.683184
1540703580,6504.48,6503.46,6504.48,6503.92,2.529
1540703640,6504.07,6503.5,6504.07,6503.89,3.084443
1540703700,6508.01,6503.53,6504,6506.25,6.912695
1540703760,6507.96,6505.99,6506.65,6506,4.387133
1540703820,6506.08,6505.58,6506.01,6505.58,1.635612
1540703880,6506.1,6505.58,6506.05,6506.09,1.429875
1540703940,6507.95,6505.58,6505.58,6506.36,1.839329
1540704000,6506.56,6506.02,6506.36,6506.37,2.730887
1540704060,6506.56,6506.02,6506.36,6506.37,2.531841
1540704120,6508.57,6504.3,6506.37,6508.57,5.783564
1540704180,6508.56,6506.24,6506.24,6506.88,1.763018
1540704240,6507.09,6506.24,6506.88,6507.08,1.440354
1540704300,6509.14,6506.29,6506.29,6507.09,2.270096
1540704360,6510,6507.08,6507.09,6509.07,2.663821
1540704420,6509.98,6507.99,6509.07,6508.24,3.055096
1540704480,6508.9,6507.99,6508.24,6508,0.518283
1540704540,6508.88,6507.99,6508,6508,2.72718
1540704600,6509.02,6508,6508.72,6508.1,1.501732
1540704660,6509.07,6508.05,6508.95,6509.07,2.135026
1540704720,6509.07,6508,6509.06,6508,2.747082
1540704780,6508,6506.34,6508,6507.89,2.170336
1540704840,6507.89,6506.35,6507.89,6507.34,0.498526
1540704900,6509.07,6507.33,6507.34,6508.78,0.66104
1540704960,6508.89,6507.4,6507.4,6508.77,1.743274
1540705020,6508.89,6507.85,6508.77,6507.86,1.908488
1540705080,6508.78,6507.85,6507.86,6507.85,0.16562
1540705140,6508.78,6507.85,6508.78,6508.12,1.906744
1540705200,6508.78,6507.85,6507.85,6508.78,0.958339
1540705260,6511,6508.12,6508.12,6511,5.307743
1540705320,6511,6508.83,6508.83,6510.99,5.371042
1540705380,6512.7,6509.18,6510.97,6510.83,3.759558
1540705440,6512.65,6510.78,6512.65,6510.93,4.412307
1540705500,6511,6509.19,6510.93,6510.65,1.438205
1540705560,6511,6509.19,6509.19,6510.13,7.902704
1540705620,6512.98,6510.13,6510.13,6512.79,14.055786
1540705680,6513.47,6512.75,6512.79,6512.98,4.424332
1540705740,6513.47,6512.76,6513.24,6513.31,3.683801
1540705800,6514,6513.01,6513.03,6513.98,4.345773
1540705860,6514,6513,6514,6513.53,3.788844
1540705920,6513.96,6513.01,6513.53,6513.96,1.944177
1540705980,6514,6512.76,6513.96,6513.73,2.684491
1540706040,6514,6512.76,6513,6512.99,2.719441
1540706100,6514,6512.76,6512.77,6514,2.182421
1540706160,6514,6512.75,6513,6514,7.851868
1540706220,6514,6512.78,6512.78,6513.94,3.994088
1540706280,6514,6513.94,6513.94,6513.99,1.683398
1540706340,6514,6513.94,6514,6513.99,0.81295
1540706400,6514,6513.93,6513.96,6513.99,2.838603
1540706460,6514,6513.93,6514,6513.98,2.345368
1540706520,6514,6513.93,6513.98,6513.94,1.187554
1540706580,6514,6513.95,6513.97,6513.99,0.774513
1540706640,6514,6512.78,6513.95,6512.78,3.386699
1540706700,6513.91,6512.78,6513.82,6513.91,1.890259
1540706760,6513.91,6509.19,6513.9,6509.21,10.148146
1540706820,6509.95,6509.21,6509.95,6509.64,1.139432
1540706880,6510,6509.21,6509.71,6510,2.203773
1540706940,6510,6509.23,6509.5,6509.28,2.418215
1540707000,6509.5,6509.21,6509.31,6509.23,1.696176
1540707060,6509.5,6508.97,6509.5,6508.97,2.360947
1540707120,6509.4,6508.13,6508.99,6508.5,1.622676
1540707180,6508.5,6508.14,6508.5,6508.47,1.761289
1540707240,6508.49,6508.14,6508.47,6508.49,2.058476
1540707300,6508.49,6508.18,6508.49,6508.38,1.016812
1540707360,6508.38,6508.37,6508.37,6508.38,0.948418
1540707420,6512,6508.37,6508.38,6511.97,14.061357
1540707480,6512,6510.72,6511.91,6511.14,1.617067
1540707540,6511.71,6511.13,6511.68,6511.71,1.369297
1540707600,6512,6511.16,6511.17,6511.7,2.160894
1540707660,6512,6509.49,6512,6510.25,2.786311
1540707720,6510.99,6509.55,6510.89,6510.99,2.359436
1540707780,6511,6509.59,6510.99,6511,2.319816
1540707840,6511,6509.71,6511,6510.96,1.602968
1540707900,6510.98,6509.73,6510.96,6510.97,1.061911
1540707960,6510.97,6510.51,6510.97,6510.95,1.741125
1540708020,6510.97,6510.57,6510.95,6510.58,1.488044
1540708080,6511,6510.58,6510.58,6510.76,1.665635
1540708140,6512,6508.38,6510.78,6508.99,6.729912
1540708200,6508.99,6507,6508.37,6508.98,5.261671
1540708260,6509.64,6508.9,6508.98,6509.64,2.944528
1540708320,6511.97,6508.92,6509.64,6511.95,2.070147
1540708380,6512,6509.23,6511.95,6509.31,1.101357
1540708440,6513,6509.31,6509.31,6513,1.661611
1540708500,6512.98,6509.56,6512,6512.91,1.45848
1540708560,6512.91,6510.65,6510.65,6512.41,4.484815
1540708620,6512.4,6510.8,6512.4,6510.81,0.939035
1540708680,6512.19,6509.85,6510.8,6512.02,3.620408
1540708740,6512.02,6509.89,6512.02,6511.87,1.393356
1540708800,6511.9,6509.89,6511.87,6511.65,1.493781
1540708860,6511.65,6510.16,6511.65,6511,1.025347
1540708920,6511.6,6510.16,6510.21,6510.76,1.144024
1540708980,6511.8,6510.16,6511.57,6511.73,0.858506
1540709040,6513,6510.33,6510.33,6511.75,3.732596
1540709100,6512.97,6510.47,6512.66,6511.31,1.918856
1540709160,6512.88,6510.55,6510.55,6511.67,0.830021
1540709220,6512.77,6511.65,6511.67,6511.65,1.693777
1540709280,6511.65,6510.79,6511.65,6511.2,2.171208
1540709340,6511.29,6509.89,6511.29,6509.92,1.377053
1540709400,6510,6509.34,6509.91,6510,2.290213
1540709460,6510,6507,6510,6509.95,3.386588
1540709520,6509.95,6507.69,6509.49,6509.55,0.975479
1540709580,6509.55,6507,6509.55,6507.01,1.722137
1540709640,6507.01,6506.49,6507.01,6507.01,3.17158
1540709700,6509.14,6490.28,6509.14,6500.48,41.265503
1540709760,6501.16,6494.9,6499.05,6500,7.767674
1540709820,6501.15,6497.39,6497.39,6498.21,4.805792
1540709880,6498.89,6497.72,6497.72,6498.38,1.270786
1540709940,6498.39,6495.07,6498.39,6497.35,3.224632
1540710000,6498.38,6495.62,6497.35,6498.38,1.930666
1540710060,6499,6497.41,6498.38,6498.51,1.393874
1540710120,6499.72,6496.23,6499,6499,2.731562
1540710180,6500.39,6497.02,6499.87,6497.35,1.164111
1540710240,6502.4,6497.38,6499.49,6500.1,6.428107
1540710300,6502.88,6500.06,6502.38,6502.8,1.997735
1540710360,6502.8,6501.28,6501.28,6501.41,1.334338
1540710420,6502.79,6500.05,6502.79,6500.86,1.626971
1540710480,6501.22,6500.06,6500.07,6501.22,1.85534
1540710540,6502.79,6501.22,6501.22,6501.32,2.059277
1540710600,6501.34,6494.05,6501.34,6497.66,35.087449
1540710660,6501.15,6494.07,6497.16,6499.46,4.11708
1540710720,6500.45,6497.72,6500.05,6499.37,1.549167
1540710780,6500.35,6497.9,6499.38,6498.01,0.986628
1540710840,6500.24,6498.03,6500.24,6499.98,0.694859
1540710900,6499.98,6498.17,6499.92,6498.23,3.580065
1540710960,6499.71,6498.2,6498.22,6499.68,2.398883
1540711020,6500.23,6494.15,6499.7,6496.92,7.276026
1540711080,6499.34,6494.21,6495.03,6495.23,8.474862
1540711140,6499.27,6494.17,6495.24,6494.23,1.762022
1540711200,6496.42,6494.23,6496.42,6494.33,2.506297
1540711260,6494.32,6485.72,6494.32,6489.02,30.516233
1540711320,6491.98,6483,6489.97,6487.5,52.732202
1540711380,6491.54,6487.53,6491.54,6489.93,1.129821
1540711440,6489.93,6486.99,6489.93,6489.15,3.494642
1540711500,6489,6487,6487.25,6488.99,11.951599
1540711560,6488.99,6487.02,6487.02,6488.87,1.594008
1540711620,6488.87,6487.08,6488.87,6488.25,2.80239
1540711680,6488.6,6487.21,6487.67,6488.6,2.034483
1540711740,6488.69,6477.32,6488.6,6484.97,50.048405
1540711800,6486.43,6480,6486.43,6483.09,11.754362
1540711860,6486.31,6483.05,6485.06,6485.3,3.232052
1540711920,6487.03,6478.79,6483.52,6484.48,4.341654
1540711980,6484.5,6483.06,6484.48,6484.49,5.559158
1540712040,6484.51,6483.07,6484.49,6484.28,2.670797
1540712100,6488.44,6483.06,6484.28,6484.53,3.595341
1540712160,6488.43,6485.91,6487.79,6488.43,4.386036
1540712220,6488.87,6486.03,6486.03,6488.87,3.580719
1540712280,6488.88,6487.22,6488.87,6487.51,0.933172
1540712340,6488.88,6485.04,6487.53,6485.04,4.302725
1540712400,6487.22,6485.04,6487.21,6487.19,2.006182
1540712460,6487.2,6486.91,6487.19,6487.2,3.992602
1540712520,6488.87,6487.02,6487.03,6487.25,3.327641
1540712580,6510.14,6487.2,6487.26,6497.38,55.904971
1540712640,6499.52,6494.04,6497.38,6496.33,4.021516
1540712700,6496.31,6492.81,6494.06,6494.01,7.8796
1540712760,6494.01,6491.59,6492.87,6494.01,6.03589
1540712820,6496.98,6492.12,6494.01,6495.18,14.613074
1540712880,6497.95,6495.18,6495.18,6497.94,2.759317
1540712940,6497.95,6495.87,6497.94,6497.92,3.903368
1540713000,6497.93,6495,6495.91,6495,1.257603
1540713060,6496.12,6493.85,6496.12,6493.85,5.173943
1540713120,6494.84,6490.95,6494.84,6493,2.984309
1540713180,6493.77,6492.51,6492.97,6493.77,2.332823
1540713240,6495,6492.58,6493.77,6493.58,1.656481
1540713300,6495,6493.61,6495,6493.96,2.483908
1540713360,6494.12,6493.08,6493.89,6493.08,2.400496
1540713420,6494.04,6490.98,6494.04,6493.32,1.972954
1540713480,6493.32,6492.68,6493.13,6493,2.361851
1540713540,6493.32,6492.73,6493.32,6492.98,1.89926
1540713600,6493.31,6489.85,6492.98,6489.95,9.536397
1540713660,6490,6488.06,6489.91,6488.06,6.44701
1540713720,6490,6486.24,6488.06,6488.05,5.845881
1540713780,6489.98,6488.07,6488.84,6488.85,0.965544
1540713840,6489.97,6484.43,6488.34,6488.96,5.056967
1540713900,6489,6485.3,6488.96,6488.91,2.155939
1540713960,6488.95,6485.32,6487.46,6488.56,3.374457
1540714020,6488.54,6485.32,6485.35,6486.6,2.329568
1540714080,6486.8,6485.43,6486.6,6486.71,3.945048
1540714140,6486.8,6484.02,6486.8,6485.22,3.514956
1540714200,6485.25,6483,6485.22,6485.23,4.154654
1540714260,6485.25,6483,6485.23,6484.92,1.177314
1540714320,6484.92,6483.35,6484.28,6484.92,2.208926
1540714380,6485.25,6484.3,6484.92,6485.14,3.158928
1540714440,6485.25,6482.7,6485.07,6485.14,7.228312
1540714500,6486.8,6485.14,6485.17,6486.8,2.125322
1540714560,6486.8,6485.31,6485.47,6486.77,2.876063
1540714620,6489.01,6486,6486.53,6486.07,2.887425
1540714680,6489.01,6486.07,6486.07,6488.88,7.628526
1540714740,6488.91,6485.5,6488.89,6487.24,3.519228
1540714800,6487.23,6482.33,6485.54,6485.51,1.124049
1540714860,6485.52,6482.42,6485.41,6484.81,2.545539
1540714920,6487.48,6482.94,6482.94,6487.46,1.857342
1540714980,6487.74,6485.81,6487.46,6487.72,1.13736
1540715040,6487.72,6486.1,6486.1,6486.35,1.465004
1540715100,6487.59,6486.35,6487.59,6487.24,1.686048
1540715160,6487.59,6485.78,6486.42,6487.56,2.936848
1540715220,6488.48,6486.93,6487.59,6487.55,2.737162
1540715280,6487.55,6486.35,6486.36,6487.13,4.309584
1540715340,6487.13,6485.5,6487.13,6485.5,5.890386
1540715400,6487.08,6485.5,6486.99,6485.52,1.871199
1540715460,6487.05,6485.52,6487.05,6486.97,1.0673
1540715520,6487.01,6486.89,6486.9,6486.99,2.366865
1540715580,6487,6486.5,6486.98,6486.75,1.147009
1540715640,6486.99,6485.5,6486.8,6486.91,3.466221
1540715700,6487,6486.91,6486.97,6486.95,2.309217
1540715760,6487.08,6486.93,6486.94,6487.01,2.385772
1540715820,6488,6487.04,6487.08,6488,1.52261
1540715880,6488,6487.08,6487.99,6487.08,1.004657
1540715940,6487.99,6487.11,6487.99,6487.99,2.402956
1540716000,6488.48,6487.99,6487.99,6488.11,3.343683
1540716060,6489,6488,6488.48,6489,2.264068
1540716120,6490.99,6488.03,6489,6489.02,2.138456
1540716180,6489.99,6489.01,6489.97,6489.67,2.070429
1540716240,6490.28,6489.54,6489.94,6490,1.273745
1540716300,6491,6489.99,6490.01,6490,2.67748
1540716360,6491,6490,6490,6490.24,2.051675
1540716420,6491,6490.04,6490.45,6490.18,4.018378
1540716480,6491,6490.09,6490.18,6490.58,1.522552
1540716540,6491,6490.57,6491,6490.6,1.4283
1540716600,6490.98,6490.6,6490.9,6490.73,1.336355
1540716660,6491,6490.68,6490.86,6490.86,1.967612
1540716720,6491,6490.75,6490.9,6490.97,4.573085
1540716780,6491,6490.88,6490.97,6490.88,0.97131
1540716840,6491,6490.88,6490.98,6490.96,1.918711
1540716900,6491,6490.9,6490.94,6490.95,0.768813
1540716960,6491.5,6490.95,6490.95,6491.19,1.557042
1540717020,6491.47,6491.19,6491.46,6491.28,1.572844
1540717080,6492.58,6491.31,6491.42,6491.81,1.277179
1540717140,6492.58,6491.41,6491.81,6492.15,8.359314
1540717200,6493.23,6491.41,6492.55,6492.5,7.619327
1540717260,6492.51,6490.04,6492.51,6491.44,2.030442
1540717320,6491.43,6489.23,6491.42,6491.39,3.436434
1540717380,6491.35,6489.28,6491.35,6491.17,0.052346
1540717440,6491.14,6489.37,6489.37,6491.13,0.480127
1540717500,6491.51,6491.13,6491.13,6491.51,1.013029
1540717560,6493.24,6491.51,6491.51,6493.24,4.492246
1540717620,6495,6492.92,6492.92,6493.52,1.216817
1540717680,6493.9,6493.24,6493.52,6493.24,2.445369
1540717740,6494.94,6493.24,6493.43,6493.44,3.829644
1540717800,6494.98,6493.44,6494.94,6493.52,1.662745
1540717860,6494.99,6493.45,6494.98,6493.45,3.818262
1540717920,6494.93,6491.07,6493.48,6492.92,4.850988
1540717980,6495,6492.23,6492.91,6493.01,7.91608
1540718040,6494.92,6493.01,6493.01,6493.13,0.141469
1540718100,6495,6494.89,6494.89,6495,10.115211
1540718160,6496.09,6494.99,6494.99,6496.06,0.961342
1540718220,6496.12,6494.99,6495.05,6495.39,1.438776
1540718280,6496.06,6494.92,6494.99,6494.99,1.479056
1540718340,6496.12,6493.08,6495,6493.08,1.586789
1540718400,6494.89,6491.07,6494.89,6491.07,0.503905
1540718460,6494.79,6491.11,6492.95,6493.13,4.319841
1540718520,6493.12,6491.07,6493.12,6491.09,3.264074
1540718580,6493.03,6491.11,6493.03,6491.71,1.328875
1540718640,6491.71,6491.48,6491.52,6491.7,1.589871
1540718700,6493,6491.48,6491.48,6492,0.711434
1540718760,6494.9,6491.55,6492,6493.1,1.875003
1540718820,6494.99,6493.13,6494.9,6494.75,1.755244
1540718880,6494.87,6494.26,6494.75,6494.73,1.353917
1540718940,6496.43,6494.26,6494.74,6495.02,3.200576
1540719000,6496.32,6491.5,6496.32,6491.56,1.294115
1540719060,6493,6491.56,6493,6491.56,1.035005
1540719120,6494.15,6492.84,6492.98,6494.14,0.875981
1540719180,6494.15,6492.98,6494.15,6492.98,0.930937
1540719240,6494.3,6492.98,6492.98,6494.3,0.882837
1540719300,6494.45,6494.13,6494.13,6494.45,1.105986
1540719360,6497,6494.45,6494.45,6495.29,4.698046
1540719420,6496.95,6495.28,6496.95,6495.28,1.016385
1540719480,6497,6495.28,6495.29,6495.5,1.719605
1540719540,6496.88,6495.29,6496.88,6495.49,0.769735
1540719600,6495.5,6495.3,6495.49,6495.32,2.35373
1540719660,6495.5,6495.32,6495.48,6495.42,1.162278
1540719720,6497,6495.3,6495.42,6495.42,2.379365
1540719780,6496.86,6495.38,6496.86,6496.15,5.036678
1540719840,6496.77,6495.38,6495.38,6495.88,1.40601
1540719900,6496.75,6495.38,6496.75,6495.76,1.018414
1540719960,6496.64,6495.38,6495.38,6496.57,1.041397
1540720020,6496.9,6495.4,6495.4,6495.41,2.25985
1540720080,6497.94,6495.41,6495.41,6496,1.8314
1540720140,6496,6490,6496,6492.02,9.476502
1540720200,6492.03,6491.1,6492,6491.11,1.341856
1540720260,6492.03,6490.02,6491.11,6491.98,2.708315
1540720320,6492,6490.2,6491.97,6490.34,1.105359
1540720380,6491.98,6490.02,6491.91,6490.4,3.586127
1540720440,6490.45,6489.23,6490.38,6489.77,5.234825
1540720500,6490.45,6489.24,6490.37,6490.45,2.298766
1540720560,6490.45,6486.86,6490.03,6490.45,3.747474
1540720620,6494.36,6490.45,6490.45,6491.51,2.414143
1540720680,6494.28,6490,6491.59,6494.23,2.906648
1540720740,6491.98,6490.01,6490.01,6491.83,1.395763
1540720800,6492.03,6490.08,6491.8,6490.37,1.742325
1540720860,6494.14,6490.43,6494.14,6494,0.937123
1540720920,6494,6491.1,6494,6493.97,1.405337
1540720980,6493.97,6491.08,6493.97,6493.09,1.316527
1540721040,6494,6493.09,6493.09,6493.66,1.477262
1540721100,6494,6493.32,6493.65,6493.33,0.999011
1540721160,6493.94,6491.39,6493.33,6492.95,3.619657
1540721220,6493.19,6491.5,6492.94,6491.98,1.255949
1540721280,6493.14,6490.32,6493.14,6490.32,5.290331
1540721340,6491.39,6490.33,6490.61,6491.08,1.796104
1540721400,6491.5,6490.87,6490.87,6491.25,5.798822
1540721460,6491.5,6491.11,6491.25,6491.36,1.911527
1540721520,6491.46,6490.47,6491.25,6491.42,2.022821
1540721580,6491.43,6490.47,6491.42,6491.37,1.615287
1540721640,6492.15,6490.47,6490.47,6490.49,5.22129
1540721700,6493.19,6491.34,6492.14,6491.87,1.748506
1540721760,6491.87,6485.51,6491.87,6487.46,17.223797
1540721820,6491.32,6485.55,6485.55,6487.96,4.171834
1540721880,6487.98,6486.86,6487.42,6487.92,2.311275
1540721940,6487.93,6485.54,6487.92,6485.56,3.929192
1540722000,6487.79,6485.54,6485.55,6486,1.577299
1540722060,6487.42,6485.52,6486,6487.2,3.409214
1540722120,6487.39,6487.19,6487.19,6487.19,1.662152
1540722180,6487.33,6485.55,6487.32,6486,4.74923
1540722240,6487.25,6485.56,6485.75,6486.41,3.164861
1540722300,6487.26,6485.55,6486.41,6486.42,3.25134
1540722360,6486.99,6485.55,6486.15,6485.61,1.784852
1540722420,6487,6485.62,6486.99,6486.96,2.069812
1540722480,6486.99,6483,6485.63,6484,11.012031
1540722540,6485.5,6483,6484,6485.49,3.510461
1540722600,6485.5,6484.01,6484.02,6485.08,2.357763
1540722660,6485.1,6484.05,6484.05,6485.1,1.287675
1540722720,6485.1,6484.02,6484.02,6484.83,2.346553
1540722780,6485.1,6484.59,6484.73,6485.1,7.144995
1540722840,6485.1,6484.91,6485.1,6484.91,2.19944
1540722900,6487.33,6484.93,6485,6487.28,6.045607
1540722960,6489.03,6487.29,6487.3,6489.02,3.947802
1540723020,6489.78,6489,6489.03,6489.56,4.81337
1540723080,6489.78,6489,6489.56,6489.03,10.315208
1540723140,6489.3,6486.61,6489.3,6486.69,9.530198
1540723200,6488.64,6486.69,6486.69,6488.01,1.029549
1540723260,6488.01,6488,6488.01,6488.01,1.224535
1540723320,6489.38,6488,6488,6488.1,1.924318
1540723380,6489.44,6488.1,6488.1,6488.28,1.150651
1540723440,6489.71,6488.25,6488.28,6489.46,5.226933
1540723500,6490.49,6489.8,6489.8,6490.41,3.213852
1540723560,6491.25,6488.01,6490.02,6488.01,9.687054
1540723620,6490.43,6483,6489.45,6485.84,10.778275
1540723680,6485.82,6483,6483.01,6483.2,6.475112
1540723740,6487.3,6484.96,6484.96,6487.26,2.734823
1540723800,6487.28,6486.34,6486.34,6486.35,1.125924
1540723860,6487.27,6483.15,6487.27,6485.44,1.909886
1540723920,6487.03,6485.44,6485.44,6487.03,1.349521
1540723980,6490,6487.02,6487.03,6487.32,2.255902
1540724040,6488.14,6487.02,6487.32,6487.02,1.078917
1540724100,6487.03,6485.48,6487.03,6486.96,1.429835
1540724160,6486.96,6485.28,6485.49,6486.9,1.692189
1540724220,6486.9,6486.41,6486.9,6486.9,1.729378
1540724280,6493.3,6486.5,6486.5,6493.27,11.843777
1540724340,6493.27,6490,6493.27,6491.85,4.61511
1540724400,6493.3,6491,6491,6491.47,6.423631
1540724460,6491.47,6491,6491.21,6491,3.615602
1540724520,6492.1,6487.13,6491.02,6487.13,8.033727
1540724580,6490.62,6487.24,6490.61,6489.56,1.358702
1540724640,6489.56,6487.32,6489.4,6489.41,0.796743
1540724700,6491.78,6488.99,6489.42,6489.32,1.6336
1540724760,6491.7,6489.32,6489.32,6489.39,2.285217
1540724820,6490.92,6489.39,6490.38,6489.7,3.248667
1540724880,6490.92,6489.42,6490.89,6490,2.381898
1540724940,6490.92,6489.42,6490.87,6489.97,3.401427
1540725000,6489.98,6489.42,6489.97,6489.95,3.781272
1540725060,6489.96,6489.42,6489.96,6489.43,0.446011
1540725120,6490.47,6489.43,6489.43,6490.15,2.183086
1540725180,6490.48,6489.43,6490.48,6490.27,1.497802
1540725240,6492.52,6490.02,6490.27,6490.6,2.701923
1540725300,6492.46,6490.7,6490.7,6491,0.37274
1540725360,6492.4,6489.95,6491.03,6491,2.171417
1540725420,6491.52,6489.95,6491.44,6489.95,5.200779
1540725480,6490.95,6489.43,6489.95,6490,5.311824
1540725540,6490,6488.99,6490,6489.99,9.602023
1540725600,6489.98,6488.99,6488.99,6489.01,5.10714
1540725660,6491.39,6489,6489.01,6489,1.133815
1540725720,6490.88,6488.99,6489,6489,1.903278
1540725780,6490.74,6489,6490.74,6490.6,0.501532
1540725840,6490.54,6489.07,6489.07,6490.34,1.041318
1540725900,6490.36,6488.61,6490.35,6490.31,0.735305
1540725960,6490.39,6488.67,6490.31,6490.25,0.848611
1540726020,6490.28,6488.6,6490.26,6490.28,2.32027
1540726080,6490.39,6488.83,6488.83,6490.31,2.310725
1540726140,6492.69,6489,6490.3,6490.43,6.819929
1540726200,6491.81,6490.43,6491.64,6490.45,2.592267
1540726260,6493,6490.45,6490.45,6492.87,5.814642
1540726320,6492.88,6490.86,6490.86,6492.81,1.560211
1540726380,6492.81,6491.27,6491.27,6492.05,2.256899
1540726440,6492.8,6489.01,6492.05,6490.93,6.79467
1540726500,6490.93,6489.02,6489.02,6490.9,1.956965
1540726560,6490.9,6488.79,6490.9,6490.86,3.60084
1540726620,6490.88,6488.8,6488.8,6490,4.381182
1540726680,6490,6488.89,6488.89,6489.95,2.899858
1540726740,6490,6488.79,6490,6489.79,9.125353
1540726800,6489.98,6489.79,6489.98,6489.98,1.327395
1540726860,6490,6489.9,6489.96,6489.98,1.936429
1540726920,6490,6489.9,6489.96,6489.93,1.603402
1540726980,6490,6489.9,6489.92,6489.95,2.957163
1540727040,6490.2,6489.93,6489.94,6490.06,2.419332
1540727100,6490.2,6489.9,6490.2,6490.13,2.92689
1540727160,6490.19,6489.9,6489.92,6490.04,1.587641
1540727220,6490.2,6489,6490.1,6489.99,2.601914
1540727280,6490.14,6489.03,6489.03,6489.76,2.486013
1540727340,6490.2,6489.74,6489.74,6490.18,3.176775
1540727400,6492.88,6490.15,6490.16,6492.5,3.834888
1540727460,6492.82,6491.46,6491.46,6492,5.779099
1540727520,6492.01,6490.77,6492,6491.84,1.788114
1540727580,6492,6490.14,6492,6491.72,7.419251
1540727640,6492.83,6490.9,6490.9,6492.83,3.126247
1540727700,6493.3,6492,6492.83,6493.3,3.653184
1540727760,6493.33,6492.07,6492.32,6492.17,4.97018
1540727820,6496.3,6492.16,6493.33,6493,11.186139
1540727880,6493.37,6492.16,6493.14,6492.16,2.713341
1540727940,6495.64,6491,6492.16,6493.22,4.462811
1540728000,6496.43,6493.01,6493.22,6496.39,4.895163
1540728060,6496.4,6491.52,6496.39,6491.52,2.029057
1540728120,6493.36,6491.52,6493.31,6493.35,3.164372
1540728180,6493.36,6491.71,6491.71,6493.36,1.771634
1540728240,6496.29,6492.57,6493.35,6496.25,5.574412
1540728300,6496.24,6493.22,6494.64,6494.54,4.773043
1540728360,6498.13,6493.3,6494.55,6495.56,7.627446
1540728420,6498.13,6493.36,6494.71,6495.53,4.672281
1540728480,6498.08,6494.43,6495.53,6494.43,5.18443
1540728540,6497.88,6494,6495.67,6495.68,3.524747
1540728600,6495.66,6493.36,6495.66,6495.48,7.193485
1540728660,6498.13,6494.33,6495.48,6495.65,10.133613
1540728720,6497.32,6494.49,6495.64,6497.32,4.093609
1540728780,6497.32,6494.76,6497.32,6495.73,11.042085
1540728840,6495.77,6494.53,6495.73,6494.83,1.427548
1540728900,6494.83,6494.53,6494.82,6494.83,4.029117
1540728960,6498.13,6494.83,6494.83,6495.08,2.292961
1540729020,6495.85,6495,6495.08,6495.14,2.282902
1540729080,6495.14,6495,6495.14,6495.12,1.992153
1540729140,6495.14,6495.12,6495.12,6495.13,1.377113
1540729200,6497.96,6495.02,6495.14,6495.03,1.652334
1540729260,6497.91,6495.03,6497.91,6497.86,0.340798
1540729320,6497.87,6495.26,6497.86,6497.73,3.418875
1540729380,6497.73,6495,6497.73,6496.02,4.679793
1540729440,6497.01,6495,6497.01,6495.27,2.839634
1540729500,6496.84,6494.53,6495.26,6494.54,4.786297
1540729560,6496.73,6494.53,6494.54,6496.35,2.61148
1540729620,6496.35,6494.56,6494.57,6496.13,0.636811
1540729680,6496.13,6494.56,6496.13,6495.2,1.34372
1540729740,6497.7,6494.57,6494.58,6494.59,3.638541
1540729800,6497.52,6494.53,6497.52,6494.58,2.341756
1540729860,6497.85,6494.58,6496,6496.03,1.984108
1540729920,6497.62,6495.21,6497.62,6497.51,1.547063
1540729980,6497.48,6495.37,6495.46,6497.28,1.479649
1540730040,6497.82,6495.41,6497.28,6495.47,2.100201
1540730100,6497.86,6495.47,6495.47,6495.61,3.394679
1540730160,6497.86,6495.63,6497.56,6497.54,1.775913
1540730220,6497.54,6495.46,6497.54,6495.46,7.307602
1540730280,6500,6495.46,6495.47,6497.01,9.606474
1540730340,6497.01,6495.53,6497.01,6497,2.929961
1540730400,6499.88,6497,6497.01,6497.57,1.051678
1540730460,6498.25,6496.57,6497.77,6497.02,8.656676
1540730520,6497.08,6497.01,6497.08,6497.08,11.081784
1540730580,6497.08,6492.64,6497.08,6497.07,10.775236
1540730640,6497.08,6497.03,6497.06,6497.08,1.808802
1540730700,6497.5,6497.06,6497.06,6497.37,3.120043
1540730760,6499.99,6497.13,6497.37,6497.48,3.145212
1540730820,6497.48,6496.05,6497.15,6496.97,2.635112
1540730880,6497.45,6495.4,6496.97,6495.43,5.838376
1540730940,6496,6495.43,6496,6495.91,2.091105
1540731000,6498.49,6495.45,6495.45,6498.31,3.505093
1540731060,6499.95,6498.31,6498.41,6498.45,5.242231
1540731120,6499.85,6495,6498.96,6499.26,3.701712
1540731180,6499.42,6497.66,6499.36,6497.66,3.429012
1540731240,6498.95,6496.99,6498.95,6498.21,1.535691
1540731300,6498.83,6497.48,6498.21,6498.75,2.709005
1540731360,6500,6497.48,6498.62,6498.48,7.168909
1540731420,6499.87,6497.53,6498.48,6498.46,2.296097
1540731480,6499.7,6497.54,6498.47,6499.22,3.181269
1540731540,6499.23,6498.49,6499.22,6498.6,5.07674
1540731600,6498.83,6497.54,6498.83,6498.03,3.489515
1540731660,6498.77,6498,6498.02,6498.65,1.549196
1540731720,6498.95,6498,6498.68,6498.87,2.051151
1540731780,6499.94,6498.87,6498.87,6499.94,1.737921
1540731840,6500,6498.88,6499.94,6499.65,4.355573
1540731900,6499.94,6498.88,6499.92,6499.75,3.874368
1540731960,6499.94,6499.65,6499.94,6499.82,5.382532
1540732020,6499.95,6499.66,6499.82,6499.77,2.266747
1540732080,6499.78,6499.76,6499.78,6499.76,1.906828
1540732140,6499.74,6496.98,6499.67,6498.95,3.072767
1540732200,6498.95,6496.99,6498.95,6498.78,1.265313
1540732260,6498.82,6496.99,6498.69,6498.54,2.633808
1540732320,6498.58,6497.04,6498.54,6497.4,3.28766
1540732380,6498,6497.03,6497.97,6497.97,1.565666
1540732440,6498.23,6497.94,6497.97,6498.23,4.31524
1540732500,6500,6498.05,6498.23,6499,3.738396
1540732560,6500,6499,6499.88,6499.97,8.766099
1540732620,6505,6499,6499.99,6503.49,40.681082
1540732680,6503.5,6501.3,6503,6501.3,1.495219
1540732740,6505.07,6501.74,6501.74,6503,1.914984
1540732800,6503.47,6500.02,6503,6502.09,2.291802
1540732860,6502.62,6500.08,6502.09,6501.78,2.003274
1540732920,6505.15,6501.85,6501.85,6502.78,4.904267
1540732980,6503.59,6500.02,6503.58,6503.21,4.816383
1540733040,6503.58,6501.55,6503.21,6501.64,4.742822
1540733100,6503.56,6501.66,6502.86,6503.56,0.887561
1540733160,6505.15,6502.72,6502.72,6504,4.196966
1540733220,6505.11,6502.71,6504,6504.94,4.122978
1540733280,6504.92,6502.79,6502.8,6502.81,1.288259
1540733340,6504.62,6502.81,6502.81,6502.9,1.062956
1540733400,6507.56,6502.9,6502.9,6504.64,4.560187
1540733460,6507.17,6504.6,6507.17,6504.62,3.356927
1540733520,6506.84,6504.46,6506.84,6506.42,2.610501
1540733580,6506.29,6504.65,6504.65,6504.66,1.375956
1540733640,6506.19,6504.64,6504.68,6505.73,6.152722
1540733700,6505.99,6504.46,6505,6504.46,13.909992
1540733760,6505.99,6504.7,6505.23,6505.36,2.880466
1540733820,6506.01,6504.91,6505.3,6505.22,3.512716
1540733880,6506.01,6504.91,6505.19,6504.91,4.510814
1540733940,6507.94,6504.91,6504.91,6505.45,4.434329
1540734000,6507.98,6505.41,6505.45,6506.09,4.224631
1540734060,6508.65,6506.04,6507.79,6508.53,7.401014
1540734120,6514.17,6507,6507.08,6512.24,54.847999
1540734180,6513.91,6509.46,6509.46,6512.02,25.247337
1540734240,6512.99,6507.1,6512.02,6507.15,4.217115
1540734300,6509.41,6507.1,6507.15,6507.96,9.113832
1540734360,6513.48,6507.11,6507.97,6507.43,17.43042
1540734420,6509.21,6507.44,6509.21,6508,3.94724
1540734480,6509.15,6508,6508.66,6509.14,1.983805
1540734540,6509.23,6509.14,6509.15,6509.23,1.846775
1540734600,6510.39,6507,6509.2,6508.87,5.422779
1540734660,6508.31,6504.46,6506.04,6504.73,4.239455
1540734720,6506.05,6504.46,6504.71,6505.99,3.945146
1540734780,6506.03,6504.51,6504.51,6505.99,4.225406
1540734840,6508.31,6504.58,6505.99,6505.01,5.117318
1540734900,6508.05,6505.01,6505.01,6508,12.674117
1540734960,6508.05,6505.01,6508,6505.01,14.950974
1540735020,6507.17,6504.56,6505.01,6506.74,1.545838
1540735080,6507.1,6506.74,6506.96,6507.02,2.147617
1540735140,6509.96,6506.03,6507.1,6506.07,22.163038
1540735200,6508.95,6506.03,6507.07,6506.67,5.025912
1540735260,6506.91,6504.52,6506.91,6505.13,4.696554
1540735320,6505.97,6504.46,6505.13,6504.46,5.881501
1540735380,6505.93,6504.46,6505.21,6504.46,5.323725
1540735440,6507.03,6505,6505.84,6506.99,5.692176
1540735500,6506.98,6504.46,6506.97,6504.47,8.700775
1540735560,6506.19,6501.76,6504.47,6506.07,8.723136
1540735620,6506.18,6504.01,6504.04,6504.16,4.667988
1540735680,6508.92,6504.17,6505.96,6507,11.381161
1540735740,6508.78,6504.25,6508.78,6506.63,5.813701
1540735800,6506.65,6504.57,6506.63,6506.59,3.859683
1540735860,6506.74,6504.01,6506.55,6505.53,4.263381
1540735920,6506.61,6504.02,6504.02,6506.04,3.343916
1540735980,6506.59,6506.03,6506.03,6506.05,2.818163
1540736040,6506.59,6506.03,6506.03,6506.58,9.720791
1540736100,6506.9,6504.02,6506.58,6506,4.158172
1540736160,6506.81,6504.09,6506,6506.01,4.243372
1540736220,6506.01,6504.17,6506,6505.98,2.052539
1540736280,6506,6504.02,6505.98,6504.13,4.424827
1540736340,6506.89,6504.14,6504.15,6504.81,3.915236
1540736400,6506.88,6504.02,6506.88,6504.03,2.175811
1540736460,6505.58,6504.01,6504.03,6505.57,2.600146
1540736520,6505.59,6505,6505,6505.04,4.069644
1540736580,6505.59,6503.72,6505.59,6504.67,34.006808
1540736640,6504.67,6503,6504.67,6503,5.331971
1540736700,6504.13,6503,6504.13,6503.01,5.239933
1540736760,6504.63,6501.64,6503,6502.59,4.129607
1540736820,6504.71,6502.59,6502.59,6503.9,2.752227
1540736880,6503.86,6500.54,6502.61,6500.54,3.912674
1540736940,6501.51,6500.11,6500.54,6500.25,4.804698
1540737000,6502.27,6500.11,6500.25,6502.11,4.34868
1540737060,6504.99,6500.64,6500.64,6504.99,3.841646
1540737120,6504.95,6502.22,6502.22,6504,5.007936
1540737180,6506.95,6503.63,6504.92,6504,13.325453
1540737240,6505,6503.63,6505,6504.99,5.408397
1540737300,6506.97,6503.64,6503.64,6506.97,3.898167
1540737360,6507,6504.08,6506.97,6507,3.666584
1540737420,6507.31,6504.9,6504.92,6507.31,5.073198
1540737480,6507.31,6505.16,6505.16,6505.24,4.3411
1540737540,6507.3,6504.91,6505.23,6507,5.407896
1540737600,6507.1,6504.9,6507,6504.91,6.632456
1540737660,6506.79,6504.9,6506.78,6506.15,3.825922
1540737720,6507.32,6505.03,6506.17,6507.3,3.290377
1540737780,6507.51,6505.09,6507.3,6506.91,12.875108
1540737840,6506.93,6505.11,6506.91,6505.99,5.127569
1540737900,6506.8,6505.03,6505.11,6505.99,5.858159
1540737960,6507.61,6505.03,6505.99,6507.61,8.849761
1540738020,6507.61,6505.74,6505.74,6506.62,8.027887
1540738080,6507.58,6505.03,6506.62,6505.51,4.723576
1540738140,6507.91,6506,6507.32,6507.59,3.877728
1540738200,6507.92,6506.31,6507.6,6506.31,3.591909
1540738260,6506.92,6506.31,6506.31,6506.84,1.50644
1540738320,6507.91,6504,6506.85,6504.9,8.456224
1540738380,6505,6504.02,6504.9,6505,3.749354
1540738440,6508.59,6504.02,6504.02,6507.77,5.537005
1540738500,6508.59,6505.17,6505.17,6506.42,4.586318
1540738560,6507.96,6506.41,6506.89,6506.42,4.653697
1540738620,6507.91,6503.77,6506.42,6504.12,5.107063
1540738680,6506.61,6503.63,6506.61,6504.99,4.693737
1540738740,6505.9,6504.98,6504.98,6505.9,2.188411
1540738800,6508.91,6504.98,6506.6,6508.91,8.685348
1540738860,6508.9,6505.9,6508.9,6506.1,3.570956
1540738920,6508.92,6506.07,6508.45,6508.86,4.172999
1540738980,6508.95,6506.3,6508.86,6506.32,4.118341
1540739040,6508.9,6506.32,6506.89,6507.35,4.590497
1540739100,6508.84,6507.35,6507.35,6507.35,2.35954
1540739160,6508.77,6507.04,6507.35,6507.07,2.013086
1540739220,6508.49,6507.07,6508.48,6508.35,5.235038
1540739280,6508.55,6507.07,6507.32,6507.12,4.149047
1540739340,6508.55,6507.13,6508.55,6508.55,4.887853
1540739400,6509.18,6507.66,6507.67,6509.16,7.205513
1540739460,6509.15,6507.67,6507.7,6509.06,2.573634
1540739520,6509.82,6508.14,6509.06,6508.19,6.489783
1540739580,6509.71,6507.11,6509.71,6507.12,4.536008
1540739640,6508.87,6507.11,6507.81,6507.7,2.455505
1540739700,6507.94,6505.92,6507.11,6506.48,5.553687
1540739760,6507.12,6505.92,6506.48,6507.04,4.155473
1540739820,6507.12,6505.92,6507.06,6506,4.186168
1540739880,6507.7,6504.98,6506,6505.98,6.530604
1540739940,6507.51,6505,6505.92,6505.08,2.674193
1540740000,6507.37,6505,6507.37,6506.03,2.036692
1540740060,6507.37,6506,6506.03,6507.03,5.08317
1540740120,6507.72,6505.05,6507.03,6505.05,6.905043
1540740180,6505.9,6505,6505.05,6505.9,7.65194
1540740240,6505.91,6503.63,6505,6504.06,9.111847
1540740300,6507.4,6504.05,6504.06,6505.56,4.072348
1540740360,6507.4,6503.63,6505.56,6503.63,8.08711
1540740420,6507.72,6501.07,6503.2,6505.53,5.53906
1540740480,6505.53,6501.22,6503.27,6501.99,1.276994
1540740540,6505.53,6501.22,6501.22,6505.47,12.843578
1540740600,6505.48,6501.05,6505.47,6503.25,5.947374
1540740660,6505.51,6501.1,6501.1,6503.29,4.229388
1540740720,6507.34,6503.29,6505.53,6507.28,5.973637
1540740780,6507.07,6504.05,6504.05,6505,4.835352
1540740840,6507,6505.68,6505.68,6505.68,8.72004
1540740900,6506.89,6505,6505.68,6505.83,4.655684
1540740960,6506.88,6505.83,6506.82,6505.89,2.64091
1540741020,6506.88,6505.83,6505.89,6505.88,4.630151
1540741080,6507,6505.88,6506.77,6506.01,5.176467
1540741140,6507,6505.82,6507,6506.95,4.32088
1540741200,6506.98,6505.01,6505.85,6506.78,4.101719
1540741260,6506.63,6503.33,6505.01,6506.21,5.756716
1540741320,6506.34,6504.03,6504.03,6504.99,2.425419
1540741380,6506.97,6504.52,6505,6505.07,4.421803
1540741440,6506.76,6505,6505.07,6505.09,2.129093
1540741500,6505.12,6503.37,6505.12,6504.95,1.673552
1540741560,6504.97,6503.33,6504.68,6503.99,3.31412
1540741620,6504,6501.12,6503.34,6503.99,5.159265
1540741680,6504,6501.37,6503.99,6503.99,4.997162
1540741740,6505,6501.72,6501.72,6504.94,4.552354
1540741800,6506.97,6502.04,6504.93,6506.21,18.839002
1540741860,6506.97,6505.04,6506.21,6505.08,4.406795
1540741920,6506.65,6503.06,6505.08,6505.06,3.840268
1540741980,6505.61,6503.06,6503.07,6503.54,2.182459
1540742040,6505.03,6496.01,6505.03,6499.59,12.870719
1540742100,6500,6491.76,6499.94,6492.54,24.806269
1540742160,6496.4,6490.68,6496.4,6490.84,11.043951
1540742220,6492.62,6486.13,6490.72,6490.62,18.821516
1540742280,6491.76,6486,6490.63,6490.1,17.060773
1540742340,6491,6487,6490.1,6487.01,5.1446
