1533830400,5.807,5.7899,5.7899,5.8065,6738.66
1533830460,5.8126,5.8,5.8001,5.8062,6308.63
1533830520,5.8075,5.8015,5.8062,5.8021,9315.03
1533830580,5.8075,5.8049,5.8066,5.8049,7550.97
1533830640,5.813,5.7916,5.8049,5.7989,4936.68
1533830700,5.7955,5.7824,5.7954,5.7824,6221.74
1533830760,5.7822,5.7642,5.7792,5.7666,6923.72
1533830820,5.7716,5.761,5.7641,5.7684,10700.41
1533830880,5.7887,5.7676,5.7699,5.7701,7053.08
1533830940,5.7859,5.7701,5.7732,5.7859,7604.28
1533831000,5.7893,5.7815,5.7823,5.7836,12525.41
1533831060,5.7995,5.7851,5.7866,5.7995,4025.71
1533831120,5.8041,5.793,5.7977,5.793,7038.11
1533831180,5.8008,5.7906,5.7932,5.7999,458.33
1533831240,5.8039,5.7958,5.801,5.8008,8510.18
1533831300,5.8021,5.7885,5.8003,5.7956,5002.42
1533831360,5.8038,5.7879,5.7979,5.7983,19921.91
1533831420,5.8034,5.7981,5.8002,5.8033,8525.75
1533831480,5.803,5.7855,5.8,5.7929,7770.66
1533831540,5.7935,5.7841,5.7935,5.787,8636.08
1533831600,5.7953,5.7859,5.7899,5.787,6375.18
1533831660,5.7931,5.7724,5.7859,5.7725,5450.21
1533831720,5.7805,5.7712,5.7712,5.7776,10750.83
1533831780,5.7832,5.7778,5.7782,5.7801,9564.62
1533831840,5.7896,5.7778,5.7809,5.7846,6404.34
1533831900,5.788,5.7852,5.7878,5.788,14786.81
1533831960,5.7943,5.7857,5.7857,5.7881,10333.89
1533832020,5.7903,5.772,5.7903,5.7821,12557.52
1533832080,5.7921,5.782,5.7824,5.7875,4258.21
1533832140,5.7881,5.7822,5.7866,5.7843,1909.16
1533832200,5.7918,5.7827,5.7914,5.7913,3020.1
1533832260,5.7918,5.785,5.785,5.7884,6059.04
1533832320,5.7887,5.7817,5.7867,5.7817,14582.94
1533832380,5.7865,5.7835,5.7837,5.7865,8742.06
1533832440,5.7918,5.7825,5.7856,5.7918,6311.59
1533832500,5.8003,5.7921,5.7921,5.8003,12232.16
1533832560,5.807,5.7996,5.7996,5.8041,9318.61
1533832620,5.8117,5.803,5.803,5.8067,10192.74
1533832680,5.8111,5.8073,5.81,5.8073,5935.37
1533832740,5.8084,5.8011,5.8067,5.802,11835.67
1533832800,5.8117,5.799,5.802,5.7991,10880.8
1533832860,5.8093,5.799,5.804,5.8069,3660.51
1533832920,5.8173,5.8053,5.8069,5.8148,8567.02
1533832980,5.829,5.813,5.815,5.829,6307.07
1533833040,5.8192,5.8148,5.8189,5.8163,9249.97
1533833100,5.8255,5.8139,5.8158,5.8221,7052.08
1533833160,5.8289,5.8193,5.8253,5.8195,4868.97
1533833220,5.8248,5.8142,5.8215,5.8159,10312.13
1533833280,5.8184,5.8159,5.8159,5.8159,14771.89
1533833340,5.8214,5.8159,5.8179,5.8186,5162.42
1533833400,5.8228,5.8081,5.8228,5.8099,12431.59
1533833460,5.8129,5.8043,5.8081,5.8056,14180.27
1533833520,5.8068,5.7954,5.8057,5.7954,2589.52
1533833580,5.8086,5.7954,5.7954,5.8086,7417.18
1533833640,5.809,5.7932,5.8047,5.7944,3329.92
1533833700,5.7988,5.7929,5.7988,5.7938,634.04
1533833760,5.8033,5.7939,5.7939,5.7963,4335.25
1533833820,5.8009,5.7901,5.8002,5.7901,8071.63
1533833880,5.7966,5.7854,5.79,5.7918,9900.15
1533833940,5.7954,5.7903,5.794,5.7903,245.75
1533834000,5.798,5.7855,5.7855,5.796,8626.1
1533834060,5.8047,5.7942,5.7962,5.8001,6321.59
1533834120,5.802,5.8001,5.8001,5.8002,8965.32
1533834180,5.8033,5.7984,5.8033,5.7995,3663.42
1533834240,5.8036,5.7973,5.8,5.8002,16332.78
1533834300,5.8025,5.7894,5.8025,5.7928,6195.27
1533834360,5.8,5.7917,5.7947,5.8,8049.31
1533834420,5.7996,5.7945,5.7987,5.7945,10875.89
1533834480,5.7973,5.7944,5.7954,5.7949,17574.53
1533834540,5.7985,5.7932,5.7962,5.7946,13103.88
1533834600,5.7932,5.7893,5.7932,5.7893,6051
1533834660,5.7937,5.7863,5.7874,5.7907,3997
1533834720,5.7988,5.7855,5.7855,5.7977,12609.83
1533834780,5.7999,5.7854,5.7924,5.7855,8132.38
1533834840,5.807,5.7855,5.7855,5.7992,7395.12
1533834900,5.8016,5.7898,5.8016,5.7922,3817.85
1533834960,5.7933,5.7871,5.7921,5.7885,4608.17
1533835020,5.7886,5.78,5.7871,5.78,8013.13
1533835080,5.7843,5.7782,5.78,5.7799,3232.58
1533835140,5.7834,5.7807,5.7807,5.7813,6068.77
1533835200,5.7819,5.7774,5.7799,5.7789,5996.51
1533835260,5.7828,5.7763,5.7774,5.7822,7904.02
1533835320,5.7977,5.7801,5.7817,5.7977,7135.8
1533835380,5.8004,5.7917,5.7945,5.8004,2407.16
1533835440,5.807,5.7965,5.7981,5.807,8046.71
1533835500,5.8069,5.7987,5.8065,5.8033,11335.89
1533835560,5.809,5.7994,5.8033,5.809,5145.65
1533835620,5.8212,5.8043,5.8055,5.8068,13285.73
1533835680,5.8216,5.8039,5.8153,5.8146,7128.91
1533835740,5.8123,5.8054,5.8113,5.8063,6767.14
1533835800,5.8179,5.81,5.8112,5.8179,2807.62
1533835860,5.8183,5.807,5.8115,5.8166,6895.49
1533835920,5.8198,5.8112,5.8149,5.8163,8149.37
1533835980,5.8199,5.8,5.8162,5.808,6036.32
1533836040,5.817,5.8069,5.8081,5.8123,2596.2
1533836100,5.8162,5.798,5.8117,5.8047,9222.38
1533836160,5.8074,5.7989,5.8046,5.804,5490.78
1533836220,5.82,5.8058,5.8058,5.8154,10728.56
1533836280,5.8208,5.8128,5.8155,5.8147,2672.54
1533836340,5.818,5.8103,5.813,5.818,7790.48
1533836400,5.818,5.8121,5.818,5.8161,3917.31
1533836460,5.8173,5.8039,5.8159,5.8097,6470.36
1533836520,5.8181,5.809,5.8097,5.814,2127.96
1533836580,5.8175,5.8085,5.8135,5.8162,5196.06
1533836640,5.8213,5.8,5.8096,5.817,8117.17
1533836700,5.8233,5.8131,5.8139,5.8233,6329.65
1533836760,5.824,5.8169,5.8172,5.823,5405.04
1533836820,5.8272,5.8201,5.824,5.8202,5790.24
1533836880,5.8273,5.8202,5.8226,5.8226,7564.29
1533836940,5.829,5.824,5.8272,5.8244,8735.33
1533837000,5.836,5.8249,5.829,5.8356,6361.63
1533837060,5.8529,5.8326,5.8356,5.8503,6537.83
1533837120,5.8607,5.8478,5.849,5.8561,11280.95
1533837180,5.86,5.8486,5.8571,5.8492,3948.32
1533837240,5.8542,5.838,5.8484,5.84,4775.2
1533837300,5.8406,5.8293,5.838,5.8386,2693.55
1533837360,5.8418,5.8349,5.8361,5.8404,7146.96
1533837420,5.8417,5.8279,5.8405,5.8318,7507.01
1533837480,5.8314,5.8273,5.831,5.8314,5910.41
1533837540,5.8292,5.8252,5.8292,5.827,9554.46
1533837600,5.83,5.8254,5.827,5.8285,5375.55
1533837660,5.8412,5.8256,5.8256,5.8371,10398.39
1533837720,5.8416,5.837,5.8381,5.8382,7633.86
1533837780,5.8399,5.8293,5.8399,5.8309,9443.46
1533837840,5.8402,5.8352,5.8353,5.8369,6623.89
1533837900,5.8347,5.83,5.8338,5.83,8893.22
1533837960,5.8398,5.8291,5.8301,5.8343,8935.6
1533838020,5.8352,5.8253,5.8299,5.8288,4091.04
1533838080,5.834,5.8253,5.8289,5.8253,11896.94
1533838140,5.8254,5.8103,5.8253,5.8183,7664.1
1533838200,5.8341,5.818,5.819,5.8251,9082.95
1533838260,5.8264,5.821,5.8249,5.8264,5793.48
1533838320,5.8259,5.8214,5.8259,5.8256,4127.67
1533838380,5.8256,5.822,5.8238,5.8245,8197.04
1533838440,5.8252,5.82,5.8236,5.8224,11826.73
1533838500,5.8224,5.8196,5.8212,5.8196,11272.39
1533838560,5.8302,5.8185,5.8196,5.8227,5299.54
1533838620,5.8228,5.8204,5.8204,5.8228,12112.71
1533838680,5.8261,5.8215,5.8261,5.8232,3204.57
1533838740,5.823,5.8183,5.823,5.8227,18358.16
1533838800,5.8206,5.8153,5.8191,5.818,3672.83
1533838860,5.8233,5.8176,5.8176,5.8229,9485.61
1533838920,5.8229,5.8177,5.8177,5.8185,5820.46
1533838980,5.8188,5.8162,5.817,5.8188,3738.52
1533839040,5.823,5.8174,5.8174,5.823,14467.67
1533839100,5.8229,5.8191,5.8216,5.8191,7445.36
1533839160,5.8294,5.8207,5.8207,5.8294,9675.76
1533839220,5.8253,5.8217,5.8243,5.8251,9304.98
1533839280,5.8284,5.8213,5.8231,5.8284,4196.64
1533839340,5.8275,5.82,5.8275,5.82,8824.4
1533839400,5.8246,5.8201,5.8205,5.8205,10740.13
1533839460,5.8229,5.8202,5.8204,5.8202,14959.32
1533839520,5.8291,5.8206,5.8206,5.8218,7685.67
1533839580,5.8246,5.8207,5.8246,5.8217,11425.16
1533839640,5.8215,5.8101,5.8208,5.8151,11093.13
1533839700,5.8182,5.8119,5.8151,5.8182,7481.41
1533839760,5.8131,5.8084,5.813,5.8131,3591.18
1533839820,5.8206,5.8133,5.8133,5.8186,6182.52
1533839880,5.8205,5.8095,5.8152,5.8177,5055.77
1533839940,5.8153,5.8096,5.8136,5.8098,13506.56
1533840000,5.8131,5.8095,5.8096,5.8131,7089.62
1533840060,5.8193,5.8127,5.8129,5.8193,6765.49
1533840120,5.8219,5.8101,5.8219,5.8101,4787.22
1533840180,5.8171,5.8136,5.8144,5.8171,7345.46
1533840240,5.8171,5.8102,5.8145,5.8169,8374.97
1533840300,5.8205,5.809,5.8166,5.8171,9289.99
1533840360,5.8165,5.8126,5.8146,5.8126,3362.51
1533840420,5.8175,5.8126,5.8135,5.8175,3457.16
1533840480,5.8201,5.815,5.8175,5.8185,2717.32
1533840540,5.8223,5.8119,5.8222,5.8121,4332.41
1533840600,5.8166,5.807,5.8117,5.8079,6263.62
1533840660,5.82,5.8139,5.8169,5.8161,9476.73
1533840720,5.8203,5.8172,5.82,5.8172,3982.9
1533840780,5.825,5.8174,5.8174,5.8202,4322.01
1533840840,5.8237,5.8206,5.8206,5.8213,10623.74
1533840900,5.825,5.8204,5.8214,5.8212,5587.32
1533840960,5.8282,5.8239,5.825,5.8239,733.28
1533841020,5.8256,5.8193,5.8256,5.8193,3857.21
1533841080,5.8239,5.8174,5.8197,5.8207,8282.45
1533841140,5.8261,5.8194,5.8231,5.8194,2329.45
1533841200,5.8194,5.8187,5.8194,5.8187,5454.6
1533841260,5.8268,5.8194,5.8194,5.8268,120.19
1533841320,5.8284,5.8235,5.826,5.8257,10360.32
1533841380,5.8291,5.8247,5.8247,5.8291,8284.75
1533841440,5.8289,5.8256,5.8289,5.8264,2227.73
1533841500,5.8257,5.8218,5.8248,5.8223,4288.69
1533841560,5.8288,5.8257,5.8257,5.8288,15871.42
1533841620,5.8607,5.8281,5.8281,5.849,14881.8
1533841680,5.8588,5.8396,5.8479,5.852,12802.11
1533841740,5.8616,5.8464,5.8509,5.86,14579.52
1533841800,5.8746,5.8527,5.8597,5.8628,16454.49
1533841860,5.8696,5.8621,5.8655,5.864,4433.26
1533841920,5.8724,5.859,5.8682,5.8681,10207.92
1533841980,5.878,5.8563,5.8644,5.8597,12994.81
1533842040,5.865,5.853,5.86,5.853,5393.68
1533842100,5.853,5.8432,5.853,5.8457,2298.77
1533842160,5.9,5.836,5.8451,5.8475,22835.18
1533842220,5.8489,5.8303,5.8478,5.8332,9359.95
1533842280,5.8441,5.8351,5.8351,5.8401,7931.67
1533842340,5.8439,5.8355,5.8419,5.8409,7137.02
1533842400,5.8427,5.824,5.84,5.8301,6506.69
1533842460,5.8417,5.824,5.8304,5.831,9124.83
1533842520,5.84,5.82,5.8293,5.8241,11956.93
1533842580,5.8309,5.8247,5.8292,5.8247,14096.41
1533842640,5.83,5.8177,5.8225,5.8197,10535.84
1533842700,5.819,5.8043,5.8177,5.8121,10607.04
1533842760,5.8162,5.8129,5.8154,5.8129,5744.57
1533842820,5.8217,5.8129,5.8132,5.8212,12743.79
1533842880,5.8218,5.8051,5.82,5.8118,11839.55
1533842940,5.8145,5.81,5.8125,5.813,2393.59
1533843000,5.819,5.8116,5.8141,5.8149,8327.26
1533843060,5.815,5.8121,5.8126,5.8125,12064.6
1533843120,5.8149,5.803,5.8149,5.8098,5180.22
1533843180,5.8149,5.8048,5.8087,5.8149,6446.69
1533843240,5.8234,5.8131,5.8149,5.8161,9073.23
1533843300,5.8201,5.8104,5.8155,5.8122,9469.43
1533843360,5.8154,5.8101,5.8113,5.8103,14061.16
1533843420,5.8109,5.8072,5.8109,5.8072,6564.9
1533843480,5.8098,5.7978,5.8072,5.7978,12763.28
1533843540,5.8031,5.7978,5.7978,5.8031,4941.8
1533843600,5.8073,5.8034,5.8049,5.8051,4417.09
1533843660,5.8039,5.7996,5.8039,5.7996,8798.99
1533843720,5.7985,5.795,5.7978,5.795,1440.3
1533843780,5.7999,5.795,5.7965,5.795,11911.82
1533843840,5.8,5.7951,5.8,5.7964,8549.09
1533843900,5.8096,5.7954,5.7976,5.8081,15010.37
1533843960,5.8142,5.8052,5.8096,5.8081,4439.3
1533844020,5.8056,5.801,5.8036,5.801,347.52
1533844080,5.8088,5.8019,5.8019,5.8087,10343.33
1533844140,5.8177,5.8073,5.8073,5.8177,5239.79
1533844200,5.8292,5.8177,5.8177,5.8221,2817.76
1533844260,5.8228,5.8167,5.8228,5.82,12960.44
1533844320,5.8205,5.8175,5.8175,5.8205,3192.21
1533844380,5.8199,5.8135,5.818,5.8189,5528.06
1533844440,5.8244,5.8164,5.8164,5.8242,11381.15
1533844500,5.8294,5.8218,5.8218,5.8225,6059.75
1533844560,5.8269,5.8226,5.8226,5.8261,4418.75
1533844620,5.8276,5.8181,5.8261,5.8214,7221.28
1533844680,5.8219,5.8096,5.819,5.8116,3067.16
1533844740,5.8129,5.8088,5.8127,5.8109,7172.59
1533844800,5.8111,5.7943,5.811,5.811,9154.72
1533844860,5.816,5.8101,5.8127,5.8143,8628.87
1533844920,5.8286,5.8088,5.8148,5.8137,8633.23
1533844980,5.8217,5.8142,5.8142,5.8176,6413.62
1533845040,5.82,5.8176,5.8176,5.8177,6506.16
1533845100,5.8262,5.8175,5.8194,5.8198,6890.75
1533845160,5.8258,5.822,5.822,5.8249,4395.03
1533845220,5.8263,5.8227,5.8227,5.8263,6257.33
1533845280,5.836,5.8211,5.8259,5.8247,10344.01
1533845340,5.8378,5.8269,5.8299,5.8322,8070.91
1533845400,5.8352,5.8287,5.8341,5.8293,17601.33
1533845460,5.836,5.8174,5.8326,5.8226,12236.27
1533845520,5.8417,5.8223,5.8223,5.8295,7674.48
1533845580,5.8375,5.8298,5.8298,5.8303,8515.54
1533845640,5.8371,5.8258,5.8302,5.8371,5157.96
1533845700,5.8424,5.8347,5.8347,5.8424,9132.06
1533845760,5.849,5.8398,5.8398,5.8461,8660.48
1533845820,5.8423,5.8353,5.8423,5.8418,5012.51
1533845880,5.8419,5.8296,5.8419,5.8348,7656.84
1533845940,5.832,5.8269,5.8299,5.8318,5460.39
1533846000,5.8375,5.8294,5.8294,5.8374,12747.85
1533846060,5.8388,5.829,5.8373,5.829,2774.6
1533846120,5.8322,5.8292,5.8292,5.8322,11998.53
1533846180,5.8372,5.8302,5.8322,5.8372,13361.93
1533846240,5.8362,5.8325,5.8334,5.8362,5799.75
1533846300,5.8439,5.8327,5.8361,5.8439,7053.42
1533846360,5.85,5.8384,5.8426,5.85,3199.73
1533846420,5.859,5.85,5.85,5.859,2144.62
1533846480,5.8566,5.84,5.8566,5.8458,8919.71
1533846540,5.848,5.8427,5.8427,5.848,5762.73
1533846600,5.8489,5.8435,5.8474,5.8452,7506.91
1533846660,5.8479,5.8434,5.8435,5.8444,12926.28
1533846720,5.8495,5.8444,5.8461,5.8471,14023.49
1533846780,5.8549,5.8471,5.8492,5.8497,9107.89
1533846840,5.8534,5.8483,5.8534,5.8483,3139.46
1533846900,5.8534,5.8487,5.8534,5.8504,7631.67
1533846960,5.8556,5.8505,5.8528,5.8537,10623.93
1533847020,5.8537,5.8471,5.8537,5.8471,8694.08
1533847080,5.8526,5.8471,5.8471,5.8525,5160.84
1533847140,5.8532,5.85,5.85,5.8503,12074.36
1533847200,5.8569,5.8488,5.8521,5.8534,5584.04
1533847260,5.8539,5.848,5.8534,5.851,9896.85
1533847320,5.853,5.8501,5.8518,5.8524,13373.46
1533847380,5.8536,5.8502,5.8513,5.8527,6110.74
1533847440,5.8541,5.8253,5.8541,5.83,17964.15
1533847500,5.8449,5.84,5.8411,5.8416,6437.93
1533847560,5.8418,5.8276,5.8418,5.8365,8738.6
1533847620,5.8367,5.8266,5.836,5.8307,3386.97
1533847680,5.8321,5.8275,5.8302,5.8315,5535.28
1533847740,5.8329,5.8275,5.8316,5.8329,12423.23
1533847800,5.8566,5.833,5.833,5.8454,4314.72
1533847860,5.86,5.8479,5.8512,5.8479,3181.09
1533847920,5.8497,5.8414,5.844,5.8454,2767.11
1533847980,5.8497,5.8483,5.8483,5.8497,212.49
1533848040,5.853,5.8411,5.8503,5.8468,9241.55
1533848100,5.8468,5.821,5.8468,5.8221,8073.18
1533848160,5.8254,5.8221,5.8237,5.825,4711.26
1533848220,5.8266,5.82,5.822,5.823,2885.71
1533848280,5.8281,5.8202,5.828,5.8268,4800.54
1533848340,5.8268,5.8189,5.8216,5.8268,3560.82
1533848400,5.8415,5.8216,5.8268,5.8415,499.82
1533848460,5.8449,5.8214,5.8369,5.8339,5775.63
1533848520,5.8623,5.8321,5.8343,5.8623,9816
1533848580,5.905,5.8512,5.8621,5.893,12836.36
1533848640,5.9233,5.881,5.9047,5.8813,26509.64
1533848700,5.8945,5.8613,5.8813,5.8701,20118.67
1533848760,5.8784,5.8616,5.8701,5.8679,9974.54
1533848820,5.8779,5.8503,5.8677,5.87,7597.64
1533848880,5.8782,5.8545,5.8743,5.8545,9278.67
1533848940,5.8592,5.841,5.8561,5.841,8006.03
1533849000,5.8588,5.8425,5.8476,5.854,13975.18
1533849060,5.873,5.8563,5.8604,5.8619,5438.3
1533849120,5.873,5.8643,5.8648,5.8703,2394.41
1533849180,5.875,5.8671,5.8715,5.8704,4514.59
1533849240,5.8808,5.8683,5.8728,5.8808,5319.72
1533849300,5.881,5.8706,5.8748,5.8809,6341.94
1533849360,5.8897,5.8761,5.8809,5.8889,13440.61
1533849420,5.89,5.8822,5.8888,5.8869,1272.62
1533849480,5.896,5.8836,5.8852,5.8891,4744.83
1533849540,5.8995,5.8844,5.8958,5.8919,4018.39
1533849600,5.9,5.8859,5.8917,5.886,14202.94
1533849660,5.9,5.886,5.886,5.8948,4968.78
1533849720,5.9,5.8956,5.8997,5.8999,3645.8
1533849780,5.8999,5.89,5.8963,5.8983,7296.36
1533849840,5.9,5.8947,5.8981,5.8947,20137.18
1533849900,5.8999,5.8936,5.8947,5.8938,16403.39
1533849960,5.8999,5.8903,5.8941,5.8999,5006.05
1533850020,5.8999,5.8957,5.8957,5.8999,2495.42
1533850080,5.9004,5.899,5.899,5.9004,3831.2
1533850140,5.9086,5.9,5.9036,5.9016,6442.7
1533850200,5.9037,5.9001,5.9016,5.9002,12489.56
1533850260,5.9058,5.9002,5.9028,5.9058,8014.41
1533850320,5.9109,5.7656,5.9053,5.9024,58954.81
1533850380,5.9025,5.8934,5.8965,5.9025,12115.56
1533850440,5.9072,5.9006,5.9026,5.9006,4363.41
1533850500,5.91,5.9018,5.9045,5.91,13947.43
1533850560,5.915,5.904,5.9099,5.9084,7231.14
1533850620,5.9197,5.9051,5.9093,5.9138,4471.25
1533850680,5.9193,5.9107,5.914,5.9147,2129.77
1533850740,5.9185,5.9101,5.9133,5.9154,13201.14
1533850800,5.9151,5.9025,5.9109,5.9118,8136.21
1533850860,5.9118,5.9,5.9118,5.9,4852.95
1533850920,5.9057,5.896,5.901,5.8961,12614.35
1533850980,5.8971,5.8849,5.896,5.8902,8548.31
1533851040,5.8863,5.8716,5.8851,5.88,7880.54
1533851100,5.8939,5.8845,5.8867,5.8939,1096.98
1533851160,5.8914,5.8847,5.8866,5.8848,3877.01
1533851220,5.8855,5.8754,5.8817,5.8754,2949.25
1533851280,5.878,5.8682,5.8757,5.878,8192.65
1533851340,5.878,5.8697,5.8767,5.8697,3859.86
1533851400,5.8755,5.8715,5.8722,5.8715,1044.19
1533851460,5.8847,5.875,5.8798,5.877,957.21
1533851520,5.8855,5.871,5.8772,5.8749,9599.84
1533851580,5.8882,5.8746,5.875,5.8746,5844.31
1533851640,5.8878,5.8713,5.8772,5.8801,658.24
1533851700,5.8898,5.8839,5.8895,5.8842,3627.85
1533851760,5.8882,5.8835,5.8843,5.8882,3081.27
1533851820,5.8908,5.8834,5.8859,5.8908,1541.13
1533851880,5.8947,5.8877,5.8947,5.8877,551.57
1533851940,5.8924,5.8868,5.8896,5.8868,12928.26
1533852000,5.8919,5.8868,5.8889,5.8869,5053.83
1533852060,5.8894,5.8845,5.8892,5.8867,14784.49
1533852120,5.8906,5.8829,5.8868,5.8829,84.22
1533852180,5.8833,5.8729,5.8829,5.8729,1255.08
1533852240,5.8822,5.875,5.8783,5.8758,1482.38
1533852300,5.8799,5.8758,5.8762,5.8759,11859.13
1533852360,5.8762,5.8712,5.8758,5.8762,11493.28
1533852420,5.8762,5.8727,5.8742,5.8761,12218.83
1533852480,5.8776,5.87,5.8744,5.87,8487.49
1533852540,5.8773,5.86,5.875,5.8727,15948.7
1533852600,5.8719,5.8678,5.87,5.8699,6880.82
1533852660,5.8727,5.8693,5.8699,5.8727,11396.14
1533852720,5.8727,5.8671,5.8713,5.8699,13372.48
1533852780,5.8708,5.8671,5.8688,5.8671,4294.28
1533852840,5.8723,5.8671,5.8708,5.8672,7862.68
1533852900,5.8723,5.8672,5.8696,5.8723,4982.58
1533852960,5.8727,5.8679,5.8723,5.8727,8560.11
1533853020,5.8727,5.8685,5.8686,5.8727,10727.97
1533853080,5.8727,5.8702,5.8727,5.8727,3801.53
1533853140,5.8788,5.8704,5.8715,5.8788,9486.72
1533853200,5.895,5.8756,5.8792,5.8875,11585.89
1533853260,5.892,5.8838,5.8852,5.889,3833.31
1533853320,5.8892,5.88,5.884,5.885,8038.05
1533853380,5.8852,5.8751,5.885,5.8837,2878.99
1533853440,5.8853,5.8774,5.8774,5.8815,3166.99
1533853500,5.8844,5.8795,5.8844,5.8795,5586.13
1533853560,5.8844,5.8794,5.8817,5.8837,6460.88
1533853620,5.8865,5.881,5.8822,5.8811,10963.41
1533853680,5.8896,5.8809,5.8811,5.8896,8221.02
1533853740,5.8865,5.8827,5.883,5.8848,10363.41
1533853800,5.8847,5.8797,5.8847,5.8835,6138.03
1533853860,5.8857,5.8814,5.8835,5.8842,7242.35
1533853920,5.8893,5.879,5.8825,5.8846,9441.8
1533853980,5.8893,5.8843,5.8845,5.8846,13469.75
1533854040,5.8891,5.8824,5.8841,5.884,6516.47
1533854100,5.8841,5.8804,5.8839,5.8832,14963.46
1533854160,5.89,5.8832,5.8835,5.8868,15591.73
1533854220,5.8948,5.8887,5.8887,5.8896,10483.44
1533854280,5.8945,5.8905,5.8929,5.8918,4814.1
1533854340,5.8959,5.8899,5.8926,5.8902,10396.29
1533854400,5.8941,5.8902,5.8925,5.8923,14763.64
1533854460,5.8953,5.8927,5.894,5.8942,11125.49
1533854520,5.9096,5.8953,5.8953,5.9081,7775.7
1533854580,5.9148,5.905,5.9076,5.9079,4213.4
1533854640,5.9222,5.9114,5.9119,5.9211,16527.78
1533854700,5.9215,5.9088,5.9211,5.9115,5315.55
1533854760,5.9153,5.9066,5.9066,5.9127,11756.42
1533854820,5.916,5.9071,5.9126,5.916,3150.41
1533854880,5.925,5.9109,5.9131,5.9201,10194.85
1533854940,5.9287,5.9205,5.9257,5.9287,4741.75
1533855000,5.9416,5.9218,5.9295,5.9218,8339.61
1533855060,5.93,5.9174,5.9235,5.9246,7509.59
1533855120,5.9254,5.9175,5.9233,5.9254,6056.35
1533855180,5.923,5.9156,5.9201,5.9196,6331.76
1533855240,5.9289,5.9212,5.9248,5.9246,9699.14
1533855300,5.9241,5.9202,5.9202,5.9238,9779.59
1533855360,5.9238,5.9187,5.9224,5.9187,10580.89
1533855420,5.93,5.9132,5.9209,5.9215,31309.62
1533855480,5.9179,5.9154,5.9179,5.9154,495.27
1533855540,5.9168,5.9109,5.911,5.913,7322.74
1533855600,5.9162,5.9013,5.916,5.9013,7781.2
1533855660,5.9117,5.9,5.9013,5.9017,8942.08
1533855720,5.9052,5.8985,5.9001,5.8986,8567.12
1533855780,5.9015,5.8972,5.8986,5.8992,11618.29
1533855840,5.9,5.8961,5.8991,5.8992,6270.48
1533855900,5.9029,5.8961,5.8997,5.8961,8721.96
1533855960,5.9,5.896,5.8981,5.8961,5058.47
1533856020,5.8961,5.8901,5.896,5.8902,3953.39
1533856080,5.8961,5.8829,5.8952,5.8847,5680.87
1533856140,5.8847,5.8737,5.8847,5.8813,5018.93
1533856200,5.8836,5.8774,5.8774,5.8781,3981.87
1533856260,5.8833,5.8778,5.8803,5.8826,10074.31
1533856320,5.8856,5.8821,5.8845,5.8856,14777.34
1533856380,5.8868,5.8835,5.885,5.8858,18537.73
1533856440,5.8914,5.8857,5.8857,5.8872,7814.38
1533856500,5.8951,5.8875,5.8915,5.8875,4111.23
1533856560,5.8871,5.8858,5.8869,5.887,4494.59
1533856620,5.8872,5.8796,5.8871,5.8796,14184.84
1533856680,5.8793,5.8712,5.8791,5.8712,8770.89
1533856740,5.8756,5.87,5.8711,5.87,10847.82
1533856800,5.8714,5.8661,5.8714,5.8698,9842.26
1533856860,5.8758,5.8661,5.8696,5.8746,5151.18
1533856920,5.8741,5.8686,5.8741,5.8688,11915.43
1533856980,5.8751,5.8635,5.8736,5.8666,7783.76
1533857040,5.8707,5.8667,5.8678,5.8691,10396.37
1533857100,5.8698,5.8564,5.8658,5.8618,20089.68
1533857160,5.8655,5.8575,5.8619,5.858,12722.75
1533857220,5.8587,5.8535,5.858,5.854,11845.62
1533857280,5.854,5.8175,5.8535,5.8201,42163.75
1533857340,5.8363,5.8229,5.8255,5.831,6559.44
1533857400,5.831,5.8201,5.831,5.8256,6736.53
1533857460,5.8248,5.7645,5.8246,5.8127,51794.86
1533857520,5.8139,5.8041,5.8125,5.8104,9623.28
1533857580,5.8136,5.7988,5.8004,5.8063,9738.21
1533857640,5.8057,5.7912,5.8057,5.795,9000.26
1533857700,5.8052,5.7918,5.795,5.8023,10912.12
1533857760,5.8117,5.8,5.8023,5.8,24948.77
1533857820,5.8109,5.7938,5.7953,5.799,4455.17
1533857880,5.811,5.7996,5.7996,5.81,3828
1533857940,5.822,5.8088,5.8088,5.8197,9149.85
1533858000,5.8217,5.8076,5.8197,5.8128,4330.99
1533858060,5.8186,5.8112,5.8131,5.8151,3938.35
1533858120,5.8213,5.8112,5.8153,5.8112,6431.83
1533858180,5.8173,5.8101,5.8101,5.8124,7762.19
1533858240,5.8167,5.81,5.8135,5.8136,9474.33
1533858300,5.8175,5.8136,5.8145,5.8139,13314.56
1533858360,5.8173,5.8101,5.8135,5.8131,10296.97
1533858420,5.814,5.8002,5.814,5.8082,2716.73
1533858480,5.8083,5.8034,5.8082,5.8065,14342.26
1533858540,5.8051,5.8,5.8051,5.802,1984.68
1533858600,5.8025,5.7929,5.8001,5.7929,6844.02
1533858660,5.798,5.7898,5.793,5.7911,8712.78
1533858720,5.7951,5.7886,5.7886,5.789,10217.33
1533858780,5.79,5.7794,5.7893,5.7848,7885.74
1533858840,5.7857,5.7723,5.781,5.7799,4574.92
1533858900,5.7786,5.75,5.7725,5.755,14302.92
1533858960,5.7582,5.7104,5.7559,5.7282,26424.39
1533859020,5.7515,5.7167,5.7282,5.75,11966.9
1533859080,5.7678,5.7444,5.7487,5.7615,10294.44
1533859140,5.7648,5.7524,5.7607,5.7581,10678.5
1533859200,5.7843,5.7522,5.7548,5.78,32783.4
1533859260,5.7889,5.78,5.78,5.7805,13499.2
1533859320,5.7876,5.7688,5.781,5.7713,7518.74
1533859380,5.7713,5.7638,5.7712,5.7713,3213.97
1533859440,5.7794,5.7726,5.7726,5.7788,10515.8
1533859500,5.789,5.7757,5.7801,5.7757,5144.06
1533859560,5.7875,5.7812,5.7812,5.7875,6555.63
1533859620,5.8016,5.785,5.789,5.7865,6744.5
1533859680,5.7971,5.7815,5.7971,5.7882,3362.02
1533859740,5.785,5.7778,5.7821,5.7803,21570.61
1533859800,5.7961,5.7805,5.7805,5.7868,5090.4
1533859860,5.7978,5.7868,5.7901,5.7869,4891.96
1533859920,5.7934,5.7869,5.7934,5.7875,5810
1533859980,5.7944,5.787,5.792,5.7888,5716.56
1533860040,5.7931,5.7869,5.7888,5.787,11702.35
1533860100,5.7944,5.7874,5.7915,5.792,1130.96
1533860160,5.8131,5.792,5.792,5.8061,3990.03
1533860220,5.8122,5.796,5.8062,5.7972,7857.15
1533860280,5.805,5.7941,5.8006,5.7993,13021.84
1533860340,5.7988,5.7932,5.794,5.7967,3553.49
1533860400,5.8006,5.7941,5.795,5.7982,8411.12
1533860460,5.8008,5.7938,5.8008,5.7938,5414.41
1533860520,5.7993,5.79,5.7947,5.7993,6878.96
1533860580,5.804,5.7933,5.7933,5.8027,4186.83
1533860640,5.8033,5.8,5.8007,5.8002,11312.96
1533860700,5.8002,5.791,5.8002,5.7922,1285.25
1533860760,5.7913,5.7845,5.7913,5.7886,7928.01
1533860820,5.7895,5.7863,5.7868,5.7883,7015.09
1533860880,5.796,5.7824,5.7893,5.7903,4562.81
1533860940,5.7962,5.7891,5.7909,5.7891,3979.26
1533861000,5.7929,5.7873,5.7891,5.7891,5180.42
1533861060,5.7938,5.7824,5.7928,5.7938,6855.23
1533861120,5.7937,5.7893,5.7937,5.7909,7131.91
1533861180,5.7926,5.7894,5.7918,5.7894,4710.99
1533861240,5.7926,5.78,5.7894,5.78,5387.87
1533861300,5.7882,5.7806,5.7858,5.786,3598.08
1533861360,5.7898,5.7834,5.7857,5.787,8295.17
1533861420,5.7964,5.7862,5.7862,5.7924,9312.92
1533861480,5.7899,5.7847,5.7875,5.7851,20286.09
1533861540,5.7883,5.7858,5.7878,5.787,10211
1533861600,5.7887,5.7849,5.787,5.7853,8518.61
1533861660,5.7901,5.7856,5.7856,5.7865,9814
1533861720,5.7899,5.7865,5.7882,5.7868,8771.19
1533861780,5.7899,5.7857,5.7879,5.7867,9313.38
1533861840,5.7887,5.783,5.7858,5.7887,6732.47
1533861900,5.7888,5.783,5.7836,5.783,6060.63
1533861960,5.7915,5.7838,5.7839,5.7915,4932.93
1533862020,5.796,5.7874,5.7913,5.796,4468.02
1533862080,5.7988,5.7924,5.7969,5.795,5735.34
1533862140,5.7999,5.7968,5.7983,5.7976,6234.49
1533862200,5.8034,5.7976,5.7976,5.8,9166.24
1533862260,5.8029,5.8,5.8013,5.8,8532.53
1533862320,5.804,5.8001,5.8001,5.8001,15004.62
1533862380,5.8054,5.7948,5.8,5.7948,8863.36
1533862440,5.804,5.7946,5.7947,5.804,10742.36
1533862500,5.8034,5.7951,5.8034,5.7976,8978.86
1533862560,5.8,5.7966,5.7976,5.7971,8653.28
1533862620,5.8022,5.7971,5.7995,5.7976,3696.65
1533862680,5.8,5.7983,5.7999,5.7983,10366.52
1533862740,5.7984,5.7889,5.7984,5.7934,11242.86
1533862800,5.7954,5.7882,5.7895,5.7919,6728.84
1533862860,5.8006,5.7874,5.7874,5.7998,8507.06
1533862920,5.7927,5.7872,5.7927,5.7924,9396.76
1533862980,5.7924,5.7879,5.7879,5.79,6778.15
1533863040,5.7925,5.784,5.7897,5.7856,1803.23
1533863100,5.7917,5.78,5.7838,5.785,4855.35
1533863160,5.7888,5.7848,5.7888,5.7872,4815.67
1533863220,5.7872,5.78,5.7872,5.7839,11795.9
1533863280,5.7867,5.7812,5.7837,5.7861,3189.86
1533863340,5.7872,5.7841,5.786,5.7851,4557.76
1533863400,5.787,5.7851,5.7865,5.7861,7145.77
1533863460,5.786,5.7814,5.7855,5.7814,11588.38
1533863520,5.787,5.7814,5.7814,5.787,12189.81
1533863580,5.7904,5.7838,5.787,5.7883,10579.39
1533863640,5.7902,5.7838,5.7841,5.7859,9178.42
1533863700,5.7868,5.7831,5.7859,5.7865,10072.06
1533863760,5.7866,5.78,5.7846,5.7809,27985.3
1533863820,5.781,5.7781,5.781,5.7781,8397.79
1533863880,5.7776,5.77,5.7764,5.7726,7130.09
1533863940,5.7726,5.7614,5.7726,5.7615,16316.53
1533864000,5.768,5.7576,5.7626,5.7584,31013.01
1533864060,5.7631,5.757,5.7578,5.7601,4527.03
1533864120,5.7606,5.754,5.7571,5.7586,6012.43
1533864180,5.7585,5.74,5.7585,5.7472,21042.89
1533864240,5.7497,5.7349,5.7491,5.7416,18907.37
1533864300,5.7476,5.7341,5.7418,5.7422,17542.2
1533864360,5.75,5.7211,5.7424,5.7348,10907.66
1533864420,5.749,5.7364,5.7371,5.7381,23768.01
1533864480,5.742,5.7322,5.7398,5.7335,7157.19
1533864540,5.7443,5.7307,5.7359,5.7376,21765.72
1533864600,5.7467,5.7349,5.7376,5.737,3660.41
1533864660,5.7422,5.7322,5.7396,5.7375,11883.6
1533864720,5.7405,5.73,5.7383,5.7318,10804.66
1533864780,5.7353,5.7284,5.7309,5.7284,10370.32
1533864840,5.7322,5.72,5.7271,5.7249,12076.2
1533864900,5.7288,5.716,5.7201,5.7194,7143.75
1533864960,5.7282,5.7175,5.7182,5.7227,8220.88
1533865020,5.7313,5.7025,5.7228,5.725,19955.02
1533865080,5.726,5.7124,5.726,5.7194,1652.16
1533865140,5.7298,5.7155,5.7185,5.7279,14407.29
1533865200,5.7395,5.7202,5.7273,5.7338,17209.64
1533865260,5.7373,5.7293,5.7338,5.7311,3521.64
1533865320,5.7362,5.7298,5.7311,5.7343,8877.38
1533865380,5.7397,5.7161,5.7353,5.7316,8208.25
1533865440,5.7366,5.7258,5.7366,5.7306,3988.42
1533865500,5.7295,5.7269,5.7279,5.7271,8272.57
1533865560,5.734,5.7241,5.727,5.7279,6425.23
1533865620,5.7283,5.7185,5.727,5.7185,8517.51
1533865680,5.726,5.7185,5.7207,5.72,4690.11
1533865740,5.7249,5.7214,5.7232,5.7248,12168.6
1533865800,5.726,5.7221,5.7234,5.7259,14828.97
1533865860,5.726,5.7188,5.7255,5.7259,6752.92
1533865920,5.7259,5.7182,5.7244,5.7199,5218.97
1533865980,5.7257,5.7199,5.7199,5.7199,7651.53
1533866040,5.7284,5.7199,5.7199,5.7259,4280.91
1533866100,5.7297,5.7259,5.7259,5.7295,4242.61
1533866160,5.7322,5.7272,5.7293,5.7272,12333.1
1533866220,5.7312,5.7282,5.7295,5.73,16920.9
1533866280,5.7317,5.7294,5.7299,5.7307,6901.3
1533866340,5.7344,5.7299,5.7305,5.7305,7630.24
1533866400,5.7325,5.7224,5.7299,5.7227,4269.92
1533866460,5.7278,5.7232,5.7232,5.7253,15689.84
1533866520,5.7311,5.7253,5.7279,5.7311,8912.66
1533866580,5.7302,5.7241,5.7286,5.7241,10855.98
1533866640,5.725,5.7201,5.7231,5.725,13108.99
1533866700,5.725,5.7207,5.725,5.7232,10511.29
1533866760,5.7245,5.719,5.7207,5.72,6893.43
1533866820,5.7225,5.717,5.7205,5.7181,6804.66
1533866880,5.7181,5.716,5.717,5.717,8053.23
1533866940,5.7179,5.71,5.717,5.711,10191.81
1533867000,5.7147,5.71,5.711,5.7103,3755.57
1533867060,5.7126,5.7043,5.7126,5.7098,10507.72
1533867120,5.7098,5.7084,5.7097,5.7096,9735.83
1533867180,5.7096,5.704,5.7096,5.7044,9976.81
1533867240,5.7094,5.7043,5.706,5.7044,10422
1533867300,5.7069,5.704,5.7069,5.704,14432.52
1533867360,5.704,5.6815,5.704,5.6859,15286.37
1533867420,5.6899,5.6631,5.6898,5.67,19431.29
1533867480,5.67,5.6114,5.67,5.6458,42599.11
1533867540,5.6579,5.6361,5.6458,5.6579,6823.92
1533867600,5.66,5.65,5.6578,5.65,5868.86
1533867660,5.6599,5.6485,5.6539,5.6486,6099.73
1533867720,5.6499,5.6445,5.6492,5.6462,10600.07
1533867780,5.6461,5.64,5.6461,5.64,12029.21
1533867840,5.64,5.6179,5.64,5.6379,9568.5
1533867900,5.6393,5.6256,5.6361,5.6392,13924.59
1533867960,5.6391,5.6311,5.6341,5.6391,15287.73
1533868020,5.641,5.6351,5.6351,5.636,6967.68
1533868080,5.6367,5.6256,5.6359,5.6367,11623.85
1533868140,5.6374,5.6256,5.6374,5.6308,3154.84
1533868200,5.65,5.6342,5.6342,5.6498,2957.01
1533868260,5.6576,5.6498,5.6498,5.656,9655.88
1533868320,5.656,5.6507,5.656,5.651,3310.3
1533868380,5.6545,5.65,5.6528,5.65,6001.48
1533868440,5.66,5.65,5.6501,5.66,5148.9
1533868500,5.6696,5.66,5.66,5.6602,3310.75
1533868560,5.67,5.6603,5.6681,5.6603,7167.37
1533868620,5.6623,5.6568,5.6604,5.6568,4856.66
1533868680,5.6638,5.6516,5.6637,5.6517,6977.98
1533868740,5.655,5.6518,5.6534,5.6526,10223.16
1533868800,5.6569,5.6509,5.6537,5.651,12386.39
1533868860,5.6553,5.65,5.6532,5.65,11186.24
1533868920,5.6509,5.6453,5.6509,5.6467,17063.03
1533868980,5.6499,5.6461,5.6469,5.6463,6420.69
1533869040,5.649,5.641,5.6423,5.6472,5195.87
1533869100,5.65,5.6411,5.647,5.643,10739.07
1533869160,5.6645,5.6409,5.6435,5.66,20311.99
1533869220,5.6617,5.6552,5.6561,5.6583,525.62
1533869280,5.6572,5.6519,5.6524,5.6529,5773.32
1533869340,5.6543,5.641,5.652,5.6414,11332.57
1533869400,5.6469,5.6409,5.6451,5.6419,6546.57
1533869460,5.6466,5.6417,5.6418,5.6466,11107.73
1533869520,5.6571,5.6466,5.6466,5.652,6390.2
1533869580,5.6542,5.6523,5.6536,5.6538,3025.33
1533869640,5.6544,5.6472,5.6544,5.6472,6557.72
1533869700,5.6517,5.6472,5.6517,5.6516,11782.46
1533869760,5.6575,5.6495,5.6495,5.6551,6119.05
1533869820,5.6552,5.6551,5.6551,5.6551,509.72
1533869880,5.66,5.6551,5.6575,5.66,5064.32
1533869940,5.6655,5.66,5.66,5.6655,668.49
1533870000,5.671,5.662,5.6656,5.671,7177.82
1533870060,5.683,5.6709,5.6726,5.6787,6943.79
1533870120,5.6831,5.6767,5.683,5.6816,9272.57
1533870180,5.686,5.6802,5.682,5.6827,25117.12
1533870240,5.6827,5.6751,5.6817,5.6803,12791.75
1533870300,5.6934,5.6731,5.6731,5.6923,7585.83
1533870360,5.7,5.6923,5.6923,5.6948,7243.47
1533870420,5.698,5.6923,5.6949,5.6979,7449.62
1533870480,5.6979,5.687,5.6933,5.6891,11827.67
1533870540,5.6891,5.6862,5.6891,5.6862,2317.14
1533870600,5.6963,5.6863,5.6863,5.6945,9060.93
1533870660,5.6945,5.6896,5.6934,5.6921,11950.52
1533870720,5.6871,5.678,5.6871,5.6841,13438.02
1533870780,5.6868,5.6797,5.6856,5.6868,6072.11
1533870840,5.6869,5.6808,5.6869,5.6808,8798.97
1533870900,5.684,5.6808,5.6816,5.6808,3397.12
1533870960,5.685,5.6808,5.6808,5.6811,7278
1533871020,5.683,5.679,5.6827,5.6798,14757.9
1533871080,5.6792,5.6765,5.679,5.6791,6818.14
1533871140,5.685,5.6771,5.6771,5.6811,4652.85
1533871200,5.6836,5.6805,5.6836,5.6805,8652.12
1533871260,5.6826,5.6803,5.6809,5.6804,13637.64
1533871320,5.6826,5.6701,5.6821,5.6703,3363.5
1533871380,5.683,5.6774,5.6793,5.683,2505.7
1533871440,5.6831,5.6804,5.683,5.6821,12531.93
1533871500,5.6821,5.6736,5.6807,5.6801,2828.48
1533871560,5.68,5.6775,5.6775,5.68,623.76
1533871620,5.6762,5.6609,5.6762,5.664,5113.87
1533871680,5.6689,5.658,5.6639,5.664,10616.3
1533871740,5.6599,5.6561,5.6598,5.6574,8797.76
1533871800,5.6598,5.6577,5.6588,5.6595,13530.03
1533871860,5.6595,5.6526,5.6595,5.6591,5219.3
1533871920,5.6628,5.6555,5.6557,5.66,3725.6
1533871980,5.6649,5.6601,5.6624,5.6601,9601.65
1533872040,5.663,5.6557,5.6601,5.663,8941.6
1533872100,5.671,5.6629,5.6629,5.671,827.23
1533872160,5.6753,5.6689,5.6739,5.6752,9918.23
1533872220,5.6779,5.6751,5.6752,5.6754,2910.36
1533872280,5.679,5.6752,5.679,5.6752,8316.54
1533872340,5.6775,5.6684,5.6775,5.6684,12230.34
1533872400,5.6734,5.6676,5.6699,5.6677,16565.12
1533872460,5.6702,5.6672,5.6702,5.6672,12836.46
1533872520,5.6677,5.6599,5.6677,5.6655,11775.17
1533872580,5.6631,5.6631,5.6631,5.6631,5.52
1533872640,5.6663,5.6598,5.6624,5.6631,4171.99
1533872700,5.6631,5.6592,5.6631,5.6592,10282.5
1533872760,5.6592,5.656,5.6592,5.6589,7963.78
1533872820,5.6586,5.6552,5.6561,5.6552,12947.58
1533872880,5.6566,5.652,5.6552,5.6566,18572.98
1533872940,5.652,5.6385,5.652,5.6421,7833.75
1533873000,5.6466,5.6388,5.6421,5.6444,11948.48
1533873060,5.6449,5.641,5.641,5.641,20.98
1533873120,5.6551,5.6393,5.641,5.653,5897.61
1533873180,5.654,5.6491,5.6538,5.6496,11141.32
1533873240,5.6523,5.6424,5.6495,5.6446,4046.08
1533873300,5.6577,5.6452,5.6452,5.654,2526.4
1533873360,5.655,5.641,5.654,5.6413,3942.5
1533873420,5.652,5.6479,5.6479,5.652,1986.99
1533873480,5.6574,5.6432,5.652,5.6513,7904.88
1533873540,5.6575,5.6435,5.6513,5.65,6583.04
1533873600,5.6595,5.6452,5.6547,5.6481,5864.92
1533873660,5.6519,5.641,5.6519,5.641,4466.23
1533873720,5.6449,5.6384,5.6448,5.6385,8850.7
1533873780,5.6446,5.6229,5.6385,5.6398,11117.62
1533873840,5.6394,5.634,5.635,5.634,6965.97
1533873900,5.635,5.627,5.634,5.628,7259.26
1533873960,5.6298,5.6182,5.6298,5.6182,12446.95
1533874020,5.6225,5.616,5.6195,5.616,10683.69
1533874080,5.6239,5.6125,5.6176,5.618,7432.82
1533874140,5.6329,5.6125,5.6184,5.6327,3316.61
1533874200,5.6279,5.62,5.6244,5.6279,3517.01
1533874260,5.6233,5.6141,5.6228,5.6141,3917.56
1533874320,5.619,5.6125,5.6143,5.6149,4554.66
1533874380,5.6387,5.6204,5.6204,5.6322,4044.38
1533874440,5.652,5.6322,5.6322,5.6467,7916.85
1533874500,5.6528,5.642,5.6449,5.6448,1878.77
1533874560,5.6473,5.63,5.6447,5.6411,6630.89
1533874620,5.6509,5.641,5.641,5.6509,14950.78
1533874680,5.6575,5.6483,5.6501,5.6559,12723.56
1533874740,5.6707,5.6561,5.6592,5.6689,8808.51
1533874800,5.67,5.659,5.6651,5.67,4134.24
1533874860,5.6682,5.66,5.6659,5.6635,7399.92
1533874920,5.6669,5.651,5.6635,5.651,743.73
1533874980,5.6557,5.6503,5.651,5.653,5387.6
1533875040,5.6544,5.6479,5.6544,5.6479,103.99
1533875100,5.6489,5.6412,5.6479,5.6488,10711.97
1533875160,5.6489,5.644,5.6465,5.644,5793.99
1533875220,5.6537,5.644,5.644,5.65,12863.4
1533875280,5.6527,5.6422,5.6475,5.6453,9114.46
1533875340,5.6491,5.6415,5.6453,5.6415,9402.9
1533875400,5.646,5.6371,5.6416,5.6438,8233.26
1533875460,5.6436,5.6371,5.6436,5.6432,4879.14
1533875520,5.65,5.6427,5.6433,5.6467,5689.4
1533875580,5.6638,5.6472,5.65,5.6485,6184.69
1533875640,5.66,5.6521,5.6524,5.6586,2444.39
1533875700,5.6626,5.6481,5.6594,5.6511,6457.89
1533875760,5.661,5.641,5.659,5.6441,4074.32
1533875820,5.6506,5.63,5.6373,5.6421,9254.06
1533875880,5.648,5.6361,5.639,5.6468,3172.76
1533875940,5.6562,5.6466,5.647,5.6466,7970.18
1533876000,5.6466,5.6416,5.6466,5.6416,4241.73
1533876060,5.6458,5.63,5.645,5.6355,8789.4
1533876120,5.642,5.6314,5.636,5.6411,7001.21
1533876180,5.641,5.6342,5.6361,5.637,10493.63
1533876240,5.6383,5.5811,5.6383,5.6333,28925.93
1533876300,5.637,5.6334,5.6334,5.637,3906.34
1533876360,5.638,5.6269,5.6325,5.638,10679.46
1533876420,5.6512,5.638,5.6417,5.6481,4709.31
1533876480,5.6516,5.646,5.6496,5.646,11154.72
1533876540,5.6466,5.6416,5.6461,5.6466,6223.7
1533876600,5.6456,5.6417,5.6444,5.6417,7694.04
1533876660,5.6519,5.6395,5.6416,5.6469,10713.92
1533876720,5.6484,5.6419,5.6469,5.645,955.33
1533876780,5.6561,5.645,5.6496,5.6481,9493.43
1533876840,5.6561,5.6488,5.6519,5.655,6895.47
1533876900,5.6646,5.6549,5.6549,5.6619,4264.43
1533876960,5.6646,5.6622,5.6634,5.6641,6676.04
1533877020,5.6729,5.6641,5.6643,5.6681,5684.08
1533877080,5.671,5.6634,5.67,5.6676,9602.39
1533877140,5.6728,5.6652,5.6671,5.6662,9199.22
1533877200,5.6697,5.6633,5.6684,5.6653,5802.74
1533877260,5.6697,5.6653,5.6678,5.6696,6898.06
1533877320,5.6697,5.6633,5.6657,5.666,7709.77
1533877380,5.6693,5.6628,5.665,5.6693,5386.05
1533877440,5.6736,5.6671,5.6682,5.6721,9256.28
1533877500,5.68,5.6722,5.6724,5.6744,9456.3
1533877560,5.679,5.6743,5.6744,5.6749,6507.95
1533877620,5.6811,5.6744,5.678,5.6744,10387.27
1533877680,5.6816,5.6712,5.6743,5.6768,6408.44
1533877740,5.6784,5.6711,5.6779,5.6784,3278.06
1533877800,5.6726,5.6637,5.6726,5.6678,4113.47
1533877860,5.6703,5.6636,5.6678,5.6657,3176.39
1533877920,5.6697,5.664,5.6681,5.6647,12394.69
1533877980,5.672,5.6646,5.6647,5.672,11403.86
1533878040,5.6795,5.6692,5.6723,5.6781,11380.25
1533878100,5.6767,5.6755,5.6767,5.6755,1413.66
1533878160,5.6792,5.6675,5.6753,5.678,5366.23
1533878220,5.6831,5.67,5.6731,5.6787,8660.74
1533878280,5.6816,5.6717,5.6786,5.6717,1337.54
1533878340,5.6807,5.656,5.6773,5.664,5435.29
1533878400,5.6671,5.6593,5.6671,5.6658,5898.27
1533878460,5.6659,5.6586,5.6608,5.6586,6321.58
1533878520,5.6645,5.6551,5.6643,5.6596,5377.98
1533878580,5.6601,5.656,5.6601,5.656,8644.85
1533878640,5.6599,5.656,5.6561,5.6567,6948.04
1533878700,5.6582,5.656,5.657,5.6561,6397.62
1533878760,5.6649,5.6523,5.6561,5.6601,5659.05
1533878820,5.6628,5.6508,5.6599,5.6622,5648.96
1533878880,5.658,5.6508,5.6561,5.6538,3487.12
1533878940,5.659,5.65,5.6534,5.6548,10790.52
1533879000,5.6559,5.6486,5.6548,5.6486,7668.14
1533879060,5.6489,5.6422,5.6485,5.647,12336.82
1533879120,5.6531,5.6415,5.6472,5.6478,5998.25
1533879180,5.6526,5.641,5.6475,5.6434,7368.67
1533879240,5.6471,5.641,5.6434,5.641,19020.84
1533879300,5.6596,5.6411,5.6417,5.6542,3799.84
1533879360,5.6635,5.655,5.6574,5.6635,2900.49
1533879420,5.6646,5.6516,5.6579,5.659,3500.99
1533879480,5.6758,5.662,5.6637,5.6699,2863.06
1533879540,5.6777,5.6625,5.6699,5.6625,6805.46
1533879600,5.6828,5.6678,5.6765,5.6748,5875.29
1533879660,5.6818,5.6685,5.6747,5.674,4911.86
1533879720,5.6774,5.6673,5.6728,5.6724,4685.1
1533879780,5.6727,5.6651,5.6677,5.6718,530.81
1533879840,5.674,5.6672,5.6726,5.6715,6518.61
1533879900,5.6736,5.6653,5.6714,5.6653,2906.7
1533879960,5.6737,5.6626,5.6686,5.6654,11499.46
1533880020,5.6703,5.6653,5.6703,5.6653,9591.64
1533880080,5.6707,5.6685,5.6685,5.6707,202.87
1533880140,5.6687,5.6604,5.6654,5.6633,5302.48
1533880200,5.6741,5.6632,5.6635,5.6662,1913.12
1533880260,5.6736,5.6618,5.6663,5.6692,3686.14
1533880320,5.6798,5.665,5.665,5.6798,3952.83
1533880380,5.6854,5.6605,5.6798,5.666,12465.26
1533880440,5.6697,5.6619,5.6666,5.6629,9154.67
1533880500,5.6732,5.6617,5.6653,5.6732,8403.52
1533880560,5.6734,5.6689,5.6707,5.6734,732.86
1533880620,5.674,5.6601,5.6734,5.6676,8542.1
1533880680,5.6695,5.6576,5.6676,5.6672,3357.03
1533880740,5.6687,5.6561,5.6618,5.6561,14102.18
1533880800,5.6624,5.6561,5.6607,5.6624,5111.64
1533880860,5.6691,5.6628,5.6632,5.6686,3285.02
1533880920,5.6763,5.6625,5.6662,5.676,7361.38
1533880980,5.6853,5.671,5.6731,5.6853,14885.24
1533881040,5.722,5.6727,5.6793,5.715,34743.79
1533881100,5.7349,5.7083,5.7107,5.7178,16279.71
1533881160,5.7309,5.7149,5.7178,5.7239,9827.13
1533881220,5.7284,5.7198,5.7236,5.7198,13358.63
1533881280,5.75,5.7232,5.7232,5.7491,8467.32
1533881340,5.7464,5.7314,5.7422,5.7359,5929.91
1533881400,5.7501,5.7362,5.7362,5.7406,8473.32
1533881460,5.7406,5.7261,5.7406,5.7281,2546.17
1533881520,5.7312,5.7233,5.7305,5.727,8830.61
1533881580,5.7301,5.715,5.727,5.715,1314.03
1533881640,5.7202,5.711,5.7191,5.7185,3551.97
1533881700,5.7166,5.7114,5.7126,5.7114,2872.17
1533881760,5.7272,5.7114,5.7134,5.7272,7474.59
1533881820,5.733,5.7177,5.73,5.7302,35680.53
1533881880,5.7473,5.7269,5.7426,5.7394,4224.46
1533881940,5.7418,5.7317,5.7394,5.7353,8600.6
1533882000,5.7354,5.7165,5.7354,5.7166,4770.96
1533882060,5.7374,5.7167,5.7167,5.7295,2699.89
1533882120,5.7347,5.7271,5.7295,5.7274,2859.1
1533882180,5.7319,5.727,5.7273,5.7271,9278.85
1533882240,5.73,5.7194,5.7285,5.7194,3446.99
1533882300,5.7296,5.7195,5.7235,5.7296,4510.32
1533882360,5.7317,5.72,5.7283,5.7215,1708.81
1533882420,5.7317,5.7201,5.7284,5.7201,8593.9
1533882480,5.7251,5.716,5.7202,5.716,6760.61
1533882540,5.716,5.7146,5.716,5.7158,17368.9
1533882600,5.7211,5.7113,5.7135,5.7178,5538.76
1533882660,5.7226,5.7159,5.7189,5.7187,19601.99
1533882720,5.7355,5.7175,5.7187,5.725,3675.29
1533882780,5.733,5.7269,5.733,5.73,1503.08
1533882840,5.7316,5.7285,5.7316,5.7285,76.38
1533882900,5.7324,5.725,5.7324,5.725,6742.58
1533882960,5.7434,5.7322,5.7322,5.7434,139.42
1533883020,5.7459,5.7459,5.7459,5.7459,26.69
1533883080,5.75,5.7408,5.7457,5.75,2503.71
1533883140,5.757,5.743,5.75,5.7529,11495.3
1533883200,5.7523,5.7372,5.7523,5.739,219.91
1533883260,5.7397,5.7311,5.7311,5.7397,1975.87
1533883320,5.7399,5.731,5.7367,5.7399,4751.89
1533883380,5.7478,5.74,5.74,5.7446,12669.71
1533883440,5.7558,5.7422,5.7422,5.7449,13964.84
1533883500,5.7475,5.7449,5.745,5.7449,6232.78
1533883560,5.745,5.7338,5.7449,5.7368,13704.7
1533883620,5.743,5.7333,5.7391,5.7391,6125.88
1533883680,5.7428,5.74,5.7422,5.7406,16058.83
1533883740,5.7409,5.738,5.7397,5.738,7036.18
1533883800,5.7406,5.7333,5.7406,5.7335,5052.43
1533883860,5.7369,5.7332,5.7355,5.7369,13842.34
1533883920,5.7368,5.731,5.7351,5.7312,8059.9
1533883980,5.735,5.731,5.7312,5.7337,4349.99
1533884040,5.7342,5.7283,5.7311,5.7283,13805.12
1533884100,5.7313,5.726,5.7307,5.7306,15300.2
1533884160,5.7313,5.726,5.73,5.7313,10617.04
1533884220,5.7305,5.7214,5.73,5.7266,2505.75
1533884280,5.7327,5.726,5.7288,5.7327,3335.39
1533884340,5.7367,5.7306,5.7306,5.7365,6669.84
1533884400,5.7405,5.732,5.7343,5.7405,2994.11
1533884460,5.744,5.7362,5.7376,5.739,2915.88
1533884520,5.745,5.7412,5.7439,5.745,3615.54
1533884580,5.7591,5.745,5.745,5.7508,3728.3
1533884640,5.7683,5.7509,5.7509,5.7656,9824.39
1533884700,5.7723,5.762,5.7647,5.7719,11291.4
1533884760,5.8,5.7704,5.7741,5.7877,17607.3
1533884820,5.7873,5.7784,5.7842,5.779,6265.21
1533884880,5.7837,5.7673,5.7819,5.7721,3609.99
1533884940,5.7759,5.7705,5.7749,5.7755,4526.87
1533885000,5.7884,5.7743,5.7756,5.7861,10755.26
1533885060,5.7921,5.7863,5.7908,5.7874,802.26
1533885120,5.7916,5.783,5.7887,5.783,13596.46
1533885180,5.7852,5.7816,5.783,5.7821,1670.51
1533885240,5.7912,5.7789,5.7818,5.7837,5528.19
1533885300,5.7919,5.7769,5.7842,5.7814,4153.48
1533885360,5.7953,5.773,5.7836,5.7752,3582.13
1533885420,5.7858,5.7696,5.7765,5.7697,7237.88
1533885480,5.7797,5.7697,5.7755,5.7755,4828.43
1533885540,5.7839,5.7703,5.7756,5.776,6327.84
1533885600,5.7812,5.7709,5.7719,5.771,9152.27
1533885660,5.7751,5.7696,5.7711,5.7709,5390.73
1533885720,5.7746,5.7638,5.7709,5.7711,14046.52
1533885780,5.7783,5.7576,5.7639,5.7679,7173.73
1533885840,5.7777,5.7606,5.7693,5.7729,6240.15
1533885900,5.7726,5.7463,5.7725,5.759,12962.95
1533885960,5.7708,5.7476,5.7482,5.756,18120.32
1533886020,5.7698,5.746,5.756,5.7604,11904.44
1533886080,5.7692,5.7541,5.7601,5.7602,11103.84
1533886140,5.7732,5.7541,5.7647,5.766,7825.86
1533886200,5.7702,5.761,5.766,5.7649,4902.31
1533886260,5.765,5.754,5.7649,5.7576,11302.55
1533886320,5.7685,5.7549,5.7636,5.765,7594.17
1533886380,5.7654,5.754,5.7551,5.7611,11718.73
1533886440,5.7632,5.7459,5.7608,5.7467,14968.71
1533886500,5.7621,5.745,5.7467,5.7621,11588.83
1533886560,5.7619,5.7414,5.7451,5.7414,7335.33
1533886620,5.75,5.7377,5.7414,5.7378,12435.65
1533886680,5.7426,5.73,5.7426,5.7361,7134.06
1533886740,5.7385,5.72,5.736,5.7201,9179.91
1533886800,5.7255,5.71,5.7201,5.7117,7143.77
1533886860,5.7237,5.71,5.711,5.7125,13455.51
1533886920,5.7179,5.702,5.7179,5.7021,19175.69
1533886980,5.7191,5.7001,5.7021,5.7181,15250.16
1533887040,5.746,5.7094,5.72,5.735,10953.03
1533887100,5.75,5.7206,5.7353,5.75,7304.5
1533887160,5.7649,5.7516,5.7516,5.7612,6807.24
1533887220,5.7598,5.7491,5.7598,5.7491,4276.98
1533887280,5.7505,5.7371,5.7505,5.7498,11625.92
1533887340,5.761,5.7434,5.7499,5.7434,7217.16
1533887400,5.7464,5.731,5.7451,5.7311,9466.75
1533887460,5.7359,5.725,5.7311,5.725,8231.54
1533887520,5.7278,5.7208,5.7249,5.7271,1882.75
1533887580,5.7293,5.713,5.7293,5.7208,15785.67
1533887640,5.7165,5.706,5.7152,5.7127,6608.49
1533887700,5.7229,5.7061,5.7179,5.7061,11649.67
1533887760,5.7181,5.7075,5.7102,5.7087,6281.02
1533887820,5.7145,5.704,5.7091,5.7087,10490.1
1533887880,5.7246,5.7145,5.7145,5.7246,4098.13
1533887940,5.7273,5.7211,5.7266,5.7226,2177.91
1533888000,5.725,5.7083,5.722,5.7154,13191.82
1533888060,5.7216,5.71,5.7155,5.7101,7717.02
1533888120,5.7216,5.7103,5.7181,5.7216,1733.24
1533888180,5.725,5.704,5.7213,5.7049,14272.95
1533888240,5.72,5.704,5.705,5.71,20597.09
1533888300,5.7164,5.689,5.71,5.6944,13742.97
1533888360,5.7005,5.6765,5.6944,5.686,23539.9
1533888420,5.6859,5.67,5.6802,5.6738,15941.19
1533888480,5.6786,5.6573,5.6785,5.6623,8665.33
1533888540,5.6771,5.6624,5.6685,5.6667,10896.15
1533888600,5.6792,5.6653,5.6679,5.666,11633.07
1533888660,5.681,5.6653,5.666,5.6754,15488.17
1533888720,5.6767,5.6685,5.6685,5.6727,3711.15
1533888780,5.674,5.669,5.6727,5.669,12577.69
1533888840,5.6738,5.6653,5.669,5.6653,24632.26
1533888900,5.666,5.6287,5.6653,5.6287,23621.64
1533888960,5.6421,5.581,5.6368,5.5952,65070.24
1533889020,5.6,5.529,5.5952,5.5294,72888.23
1533889080,5.5461,5.5,5.5461,5.5089,42088.34
1533889140,5.509,5.456,5.5002,5.4853,30243.46
1533889200,5.4999,5.47,5.4856,5.4876,29875.49
1533889260,5.5008,5.4669,5.4897,5.5005,23674.51
1533889320,5.5286,5.492,5.5005,5.5254,21862.06
1533889380,5.5499,5.5105,5.5255,5.5416,22984.74
1533889440,5.5469,5.5,5.5415,5.5167,18432.9
1533889500,5.5391,5.5,5.5045,5.5253,19553.66
1533889560,5.5313,5.5081,5.5228,5.519,22626.06
1533889620,5.53,5.5085,5.53,5.5218,16588.59
1533889680,5.5349,5.5147,5.5242,5.5219,11183.69
1533889740,5.5217,5.4802,5.5217,5.4816,21387.64
1533889800,5.494,5.445,5.4816,5.4649,51194.7
1533889860,5.49,5.4568,5.4649,5.4874,20828.21
1533889920,5.5,5.4823,5.4874,5.5,24536.02
1533889980,5.5075,5.4865,5.5,5.4931,16869.37
1533890040,5.5084,5.4828,5.4931,5.4985,10446.99
1533890100,5.5073,5.485,5.5073,5.4974,16693.92
1533890160,5.4995,5.4801,5.497,5.4834,9410.88
1533890220,5.4942,5.4824,5.4852,5.488,7195.62
1533890280,5.5,5.488,5.488,5.498,3954.51
1533890340,5.5019,5.497,5.4979,5.499,9540.54
1533890400,5.5045,5.4972,5.4989,5.5,6848.95
1533890460,5.5002,5.4961,5.5,5.5,10294.69
1533890520,5.5242,5.4991,5.5,5.5242,6737.22
1533890580,5.5239,5.5073,5.5239,5.5104,8014.3
1533890640,5.5129,5.503,5.5104,5.5045,7315.99
1533890700,5.525,5.5047,5.5047,5.5244,25332.39
1533890760,5.5184,5.5033,5.5183,5.5071,19932.15
1533890820,5.51,5.4993,5.5033,5.51,11775.25
1533890880,5.516,5.51,5.51,5.5111,2687.92
1533890940,5.5182,5.5111,5.5111,5.5133,5556.4
1533891000,5.5142,5.4993,5.5142,5.5043,8189.16
1533891060,5.5082,5.4993,5.505,5.5004,17060.45
1533891120,5.4994,5.4852,5.497,5.4958,3709.3
1533891180,5.494,5.4867,5.494,5.4903,6159.32
1533891240,5.4954,5.4867,5.4903,5.4936,10535.29
1533891300,5.5,5.4905,5.4936,5.5,8050.53
1533891360,5.5184,5.4946,5.5013,5.5134,6219.18
1533891420,5.5151,5.5092,5.5118,5.5151,3950.44
1533891480,5.515,5.514,5.514,5.5146,5293.63
1533891540,5.5145,5.5,5.5132,5.5004,11408.44
1533891600,5.515,5.4922,5.5003,5.5034,5721.2
1533891660,5.5071,5.5002,5.5034,5.5006,6777.28
1533891720,5.5005,5.485,5.5,5.4862,13745.42
1533891780,5.4883,5.4401,5.4862,5.47,32693.28
1533891840,5.4842,5.4698,5.4746,5.4833,21512.86
1533891900,5.4829,5.4633,5.4818,5.4659,8588.24
1533891960,5.4669,5.4555,5.4633,5.4669,21575.37
1533892020,5.4863,5.4679,5.4713,5.4764,12055.57
1533892080,5.4765,5.4679,5.4765,5.4681,13190.93
1533892140,5.4735,5.4611,5.4708,5.4663,19721.71
1533892200,5.4745,5.4583,5.4663,5.4677,19511.33
1533892260,5.4924,5.4722,5.4722,5.4878,10979.21
1533892320,5.502,5.488,5.4923,5.502,18643.9
1533892380,5.506,5.4997,5.5027,5.4998,7607.8
1533892440,5.5,5.489,5.4995,5.489,13306.93
1533892500,5.4992,5.4862,5.489,5.4938,10527.72
1533892560,5.5035,5.4901,5.4937,5.5035,10385.08
1533892620,5.499,5.4897,5.499,5.4946,3714.66
1533892680,5.4938,5.4882,5.4882,5.4938,374.71
1533892740,5.4937,5.484,5.4841,5.4872,1291.26
1533892800,5.498,5.4865,5.4902,5.4969,2550.67
1533892860,5.4982,5.493,5.4958,5.4982,9837.97
1533892920,5.4972,5.4951,5.4971,5.4963,2217.23
1533892980,5.4949,5.4786,5.4875,5.4788,7347.65
1533893040,5.491,5.4611,5.4788,5.4623,16976.87
1533893100,5.4794,5.4604,5.4613,5.4604,16850.3
1533893160,5.4619,5.45,5.4604,5.4588,9850.05
1533893220,5.4705,5.4566,5.4566,5.4634,8947.99
1533893280,5.4809,5.4639,5.4699,5.4809,3011.56
1533893340,5.474,5.467,5.4715,5.4688,6775.55
1533893400,5.485,5.4692,5.4739,5.4801,3280.45
1533893460,5.4851,5.4765,5.4802,5.485,8879.15
1533893520,5.4899,5.4735,5.4896,5.4798,6655.57
1533893580,5.4882,5.4839,5.4878,5.4882,2339.47
1533893640,5.4928,5.4869,5.4899,5.491,3922.79
1533893700,5.497,5.4911,5.4911,5.497,4471.68
1533893760,5.5056,5.4927,5.5,5.5056,8319.87
1533893820,5.52,5.4963,5.4963,5.52,10991.26
1533893880,5.521,5.5,5.52,5.5003,12556.07
1533893940,5.5043,5.5001,5.5043,5.5027,3661.7
1533894000,5.5005,5.4899,5.5005,5.4913,6556.45
1533894060,5.5001,5.4971,5.4971,5.4992,6711.15
1533894120,5.506,5.4988,5.4994,5.5005,6856.77
1533894180,5.5147,5.4987,5.5001,5.4996,9751.14
1533894240,5.508,5.5031,5.504,5.5042,10249.27
1533894300,5.5064,5.4989,5.5041,5.506,6475.29
1533894360,5.5101,5.505,5.5064,5.5058,4087.68
1533894420,5.5057,5.4995,5.5041,5.4995,5422.05
1533894480,5.5042,5.5001,5.5018,5.501,9266.5
1533894540,5.5058,5.4984,5.5009,5.5019,13623.42
1533894600,5.5027,5.4948,5.5007,5.4948,6480.27
1533894660,5.499,5.493,5.4961,5.4933,9703.51
1533894720,5.4984,5.491,5.496,5.4931,7964
1533894780,5.4993,5.4933,5.4933,5.496,4553.94
1533894840,5.5001,5.49,5.496,5.4963,6548.09
1533894900,5.4992,5.4928,5.4987,5.4992,6717.43
1533894960,5.5114,5.498,5.4985,5.5114,9322.49
1533895020,5.5095,5.5064,5.5094,5.5072,1531.6
1533895080,5.504,5.4908,5.5016,5.4967,9908.9
1533895140,5.4987,5.4961,5.4976,5.4983,4858.89
1533895200,5.4993,5.4847,5.4986,5.4993,7867.83
1533895260,5.5004,5.4987,5.4987,5.4993,1333.83
1533895320,5.5025,5.4901,5.4987,5.4969,12359.85
1533895380,5.505,5.4964,5.4964,5.5027,10187.71
1533895440,5.513,5.5049,5.5049,5.5095,6537.91
1533895500,5.5137,5.5024,5.5096,5.5136,12620.97
1533895560,5.5164,5.5108,5.5136,5.5142,9515.1
1533895620,5.5314,5.5151,5.5183,5.5247,11251.74
1533895680,5.5489,5.5253,5.5317,5.5469,11671.65
1533895740,5.5469,5.5286,5.5469,5.534,5979.97
1533895800,5.5386,5.5326,5.5348,5.5386,15991.99
1533895860,5.5412,5.5326,5.5394,5.5372,2843.45
1533895920,5.55,5.536,5.536,5.5381,7289.22
1533895980,5.5463,5.5409,5.5409,5.5441,7881.61
1533896040,5.5487,5.54,5.5451,5.54,8915.68
1533896100,5.5407,5.533,5.54,5.533,2850.3
1533896160,5.5364,5.5259,5.5349,5.528,8337.36
1533896220,5.5294,5.5272,5.5272,5.5294,3147.75
1533896280,5.529,5.523,5.5262,5.523,6644.41
1533896340,5.5269,5.5216,5.523,5.5269,6925.44
1533896400,5.5389,5.5263,5.5263,5.5281,6786.4
1533896460,5.5344,5.5241,5.5314,5.5299,8492.77
1533896520,5.5325,5.5244,5.527,5.5285,3018.69
1533896580,5.5411,5.5295,5.5295,5.5368,7547.24
1533896640,5.5416,5.5352,5.5379,5.5415,2571.25
1533896700,5.5432,5.5369,5.5426,5.5417,5631.87
1533896760,5.5417,5.5355,5.5417,5.5371,1548.93
1533896820,5.5383,5.523,5.5383,5.525,2265.55
1533896880,5.524,5.5154,5.524,5.5154,3595.69
1533896940,5.5204,5.515,5.515,5.5203,13499.89
1533897000,5.5247,5.51,5.5181,5.5197,13305.15
1533897060,5.5373,5.52,5.5246,5.5373,4292.55
1533897120,5.5373,5.5327,5.535,5.5353,6045.52
1533897180,5.5452,5.5373,5.5373,5.544,582.76
1533897240,5.5442,5.5403,5.5442,5.5432,3921.81
1533897300,5.5521,5.5451,5.5451,5.5521,7378.8
1533897360,5.56,5.5517,5.5517,5.5571,5253.87
1533897420,5.56,5.5504,5.5572,5.5519,7994.53
1533897480,5.5599,5.5486,5.5519,5.5599,10366.28
1533897540,5.569,5.5547,5.5599,5.5614,6296.98
1533897600,5.5665,5.5526,5.5615,5.5531,10556.28
1533897660,5.5573,5.5528,5.5558,5.556,9504.97
1533897720,5.5582,5.553,5.5544,5.5573,7466.4
1533897780,5.5555,5.5466,5.5524,5.5555,1617.41
1533897840,5.5615,5.5524,5.5531,5.5605,5736.48
1533897900,5.5679,5.5547,5.5571,5.5679,5568.06
1533897960,5.5743,5.5631,5.5679,5.5655,5699
1533898020,5.5653,5.5604,5.5631,5.5614,9466.65
1533898080,5.56,5.5557,5.56,5.558,6418.09
1533898140,5.558,5.5543,5.5561,5.5559,14219.34
1533898200,5.5563,5.5511,5.556,5.5511,11089.34
1533898260,5.5511,5.5495,5.5511,5.551,5248.57
1533898320,5.551,5.54,5.551,5.5406,2566.72
1533898380,5.5455,5.5385,5.5455,5.5421,12050.15
1533898440,5.5472,5.5391,5.5432,5.5391,5449.22
1533898500,5.5441,5.5386,5.5413,5.5414,10297.69
1533898560,5.5435,5.536,5.5415,5.5369,8562.87
1533898620,5.5371,5.52,5.537,5.52,12053.3
1533898680,5.5313,5.52,5.5279,5.5252,7834.91
1533898740,5.5316,5.5261,5.5269,5.5268,13275.52
1533898800,5.5385,5.5286,5.5311,5.5385,10563.81
1533898860,5.5428,5.5361,5.5385,5.5374,10310.44
1533898920,5.5394,5.5276,5.5374,5.5307,3775.34
1533898980,5.5344,5.5325,5.5325,5.5332,2017.23
1533899040,5.5357,5.531,5.531,5.5357,13494.17
1533899100,5.54,5.5215,5.5345,5.537,4869.47
1533899160,5.5361,5.5314,5.5337,5.5326,13563.49
1533899220,5.5363,5.5326,5.5348,5.5326,5304.57
1533899280,5.5393,5.5326,5.5344,5.5344,9960.97
1533899340,5.5371,5.5295,5.5356,5.5295,9605.79
1533899400,5.5311,5.5226,5.5264,5.5269,327
1533899460,5.5269,5.52,5.524,5.52,8521.6
1533899520,5.5241,5.5135,5.52,5.5135,4740.25
1533899580,5.5229,5.51,5.5162,5.5229,4095.89
1533899640,5.5292,5.5177,5.5205,5.5177,4907.72
1533899700,5.5286,5.5175,5.5214,5.525,8221.49
1533899760,5.5333,5.5235,5.5272,5.5333,880.9
1533899820,5.5416,5.533,5.5333,5.5361,5955.12
1533899880,5.542,5.5361,5.5362,5.5419,13032.51
1533899940,5.5565,5.5395,5.5418,5.5546,9848.34
1533900000,5.557,5.5414,5.5546,5.5433,6149.94
1533900060,5.553,5.5442,5.5446,5.5497,1345.07
1533900120,5.5515,5.5446,5.5515,5.5485,3750.56
1533900180,5.543,5.5405,5.543,5.5405,4527.87
1533900240,5.5411,5.5347,5.5405,5.535,5933.6
1533900300,5.5396,5.5318,5.534,5.5378,6613.5
1533900360,5.5453,5.5418,5.5418,5.5435,4077.79
1533900420,5.5396,5.5368,5.5396,5.5368,4178.46
1533900480,5.5448,5.534,5.5367,5.5448,9885.76
1533900540,5.5458,5.5353,5.5389,5.5458,7606.92
1533900600,5.5442,5.5416,5.5416,5.5419,6777.74
1533900660,5.5456,5.5419,5.5442,5.5447,6229.69
1533900720,5.5434,5.536,5.5421,5.5394,8930.54
1533900780,5.5418,5.535,5.5417,5.535,13043.67
1533900840,5.5352,5.531,5.534,5.531,69.58
1533900900,5.531,5.521,5.531,5.5301,4548.78
1533900960,5.5301,5.513,5.5289,5.5278,11542.81
1533901020,5.5277,5.5149,5.5228,5.5149,7556.91
1533901080,5.5257,5.523,5.5257,5.5238,2678.36
1533901140,5.5346,5.5279,5.5279,5.5299,1375.39
1533901200,5.5321,5.5228,5.53,5.523,2639.36
1533901260,5.5279,5.5169,5.5226,5.5225,6489.35
1533901320,5.5257,5.5201,5.5225,5.5225,8261.12
1533901380,5.5218,5.513,5.5213,5.5179,6390.98
1533901440,5.5187,5.5031,5.5187,5.5114,13243.48
1533901500,5.5147,5.5081,5.5114,5.5081,14667.51
1533901560,5.5113,5.5025,5.5113,5.5026,8980.29
1533901620,5.5068,5.5025,5.505,5.5068,5137.46
1533901680,5.5055,5.5017,5.5037,5.5023,7112.17
1533901740,5.5079,5.5024,5.5069,5.5026,13323.52
1533901800,5.5086,5.5028,5.507,5.5029,10047.13
1533901860,5.505,5.5005,5.505,5.5006,14636.06
1533901920,5.5032,5.4926,5.5022,5.4926,18246.31
1533901980,5.4934,5.4726,5.4926,5.4763,13235.23
1533902040,5.4807,5.446,5.4722,5.446,20228.38
1533902100,5.446,5.4167,5.446,5.4345,21588.33
1533902160,5.4467,5.424,5.4328,5.4467,14911.33
1533902220,5.451,5.4404,5.4494,5.451,14945.43
1533902280,5.4666,5.4461,5.4485,5.4665,30620.54
1533902340,5.4679,5.4518,5.4665,5.4518,11285.89
1533902400,5.4591,5.4324,5.4524,5.435,10248.15
1533902460,5.4521,5.433,5.4386,5.4466,12270.03
1533902520,5.4563,5.4476,5.4523,5.4536,3755.9
1533902580,5.48,5.454,5.454,5.4743,3672.88
1533902640,5.4951,5.475,5.4788,5.4948,7135.48
1533902700,5.5618,5.4874,5.4874,5.5507,37885.65
1533902760,5.6096,5.5489,5.5598,5.586,49735.96
1533902820,5.6354,5.5848,5.5849,5.6237,21415.52
1533902880,5.6325,5.609,5.6239,5.6222,20757.21
1533902940,5.6254,5.603,5.6222,5.6045,12991.1
1533903000,5.6185,5.6047,5.6047,5.614,7975.41
1533903060,5.6335,5.6139,5.6179,5.6302,19489.43
1533903120,5.6375,5.6281,5.63,5.6301,19806.22
1533903180,5.6353,5.6,5.6308,5.6101,4623.15
1533903240,5.6206,5.6075,5.6105,5.6121,10240.33
1533903300,5.64,5.6183,5.6211,5.6331,15298.57
1533903360,5.6392,5.6283,5.6383,5.6352,11853.22
1533903420,5.6364,5.63,5.6332,5.6301,10818.45
1533903480,5.6445,5.6332,5.6347,5.634,9319.3
1533903540,5.65,5.6183,5.6351,5.6274,11653
1533903600,5.63,5.6259,5.6279,5.6271,4709.11
1533903660,5.6304,5.6274,5.6274,5.6304,2209.45
1533903720,5.6388,5.6289,5.6366,5.6309,10290.07
1533903780,5.6307,5.611,5.6307,5.611,14652.02
1533903840,5.615,5.5945,5.6117,5.5994,7683.63
1533903900,5.6109,5.5993,5.5995,5.6077,10460.23
1533903960,5.6216,5.6076,5.6076,5.616,10139.19
1533904020,5.6209,5.6162,5.6162,5.6189,3052.5
1533904080,5.6536,5.6189,5.6238,5.6417,18148.04
1533904140,5.6449,5.6289,5.6417,5.6289,8636.47
1533904200,5.6301,5.62,5.6294,5.6251,11956.51
1533904260,5.6472,5.6253,5.6253,5.6471,31517.38
1533904320,5.658,5.6361,5.6471,5.6471,15976.92
1533904380,5.6494,5.6361,5.6472,5.6395,10283.38
1533904440,5.6411,5.62,5.641,5.62,5610.31
1533904500,5.6273,5.6182,5.62,5.6228,26952.21
1533904560,5.6184,5.611,5.6184,5.613,5950.64
1533904620,5.6187,5.6124,5.6129,5.6187,7170.86
1533904680,5.62,5.5912,5.6189,5.6081,13781.26
1533904740,5.612,5.6004,5.612,5.6057,3955.64
1533904800,5.62,5.6059,5.6059,5.62,3918.94
1533904860,5.6259,5.62,5.6218,5.62,3930.41
1533904920,5.621,5.6155,5.621,5.6204,15129.89
1533904980,5.6212,5.6155,5.6206,5.6207,4553.74
1533905040,5.6207,5.6102,5.6207,5.6102,9781.31
1533905100,5.62,5.6112,5.6132,5.6166,1411.44
1533905160,5.6185,5.6157,5.6166,5.6158,3739.99
1533905220,5.625,5.6158,5.6181,5.6214,4198.34
1533905280,5.6251,5.6181,5.6228,5.6206,15726.69
1533905340,5.6209,5.6157,5.6209,5.6157,7546.39
1533905400,5.6178,5.6162,5.6178,5.6164,11130.62
1533905460,5.6201,5.6166,5.6191,5.6199,7156.74
1533905520,5.641,5.6195,5.6195,5.6388,12316.55
1533905580,5.6375,5.625,5.6375,5.6316,333.64
1533905640,5.6376,5.6215,5.631,5.626,5765.04
1533905700,5.6558,5.626,5.626,5.6558,7784.21
1533905760,5.6563,5.6405,5.6558,5.6451,15644.99
1533905820,5.6446,5.6369,5.6446,5.6369,7592.34
1533905880,5.6414,5.6365,5.6391,5.6398,7035.45
1533905940,5.6499,5.6373,5.6398,5.6403,8639.16
1533906000,5.6429,5.6317,5.6427,5.6317,10245.88
1533906060,5.635,5.62,5.6319,5.62,3751.54
1533906120,5.6202,5.61,5.6202,5.6158,7626.33
1533906180,5.6155,5.6101,5.6155,5.6104,6374.75
1533906240,5.6124,5.5995,5.6104,5.6096,10894.76
1533906300,5.6212,5.603,5.6088,5.6147,5835.34
1533906360,5.615,5.6091,5.615,5.61,2082.39
1533906420,5.6147,5.6101,5.6124,5.6101,11417.53
1533906480,5.6108,5.6031,5.6101,5.6036,6889.32
1533906540,5.6046,5.5924,5.6046,5.5964,4951.97
1533906600,5.6053,5.5925,5.5964,5.5979,16041.81
1533906660,5.6066,5.5925,5.5979,5.6063,7845.36
1533906720,5.6092,5.602,5.6063,5.602,5128.35
1533906780,5.602,5.5948,5.602,5.5948,4584.18
1533906840,5.5963,5.5847,5.5925,5.5963,5955.25
1533906900,5.5991,5.5932,5.5964,5.5934,14056.89
1533906960,5.5981,5.5942,5.5963,5.5978,11690.52
1533907020,5.599,5.5956,5.5956,5.599,18199.77
1533907080,5.6019,5.5989,5.5989,5.5993,7199.47
1533907140,5.6019,5.596,5.6019,5.6012,5125.03
1533907200,5.6019,5.5977,5.5996,5.5992,7644.92
1533907260,5.6324,5.6019,5.6019,5.6187,15824.17
1533907320,5.6201,5.6,5.6188,5.6071,9725.37
1533907380,5.6083,5.6037,5.6054,5.6082,11846.25
1533907440,5.6129,5.6038,5.6082,5.6093,8796.24
1533907500,5.6179,5.6101,5.6101,5.6139,5732.56
1533907560,5.6177,5.6129,5.6139,5.6177,5013.54
1533907620,5.6241,5.6177,5.6178,5.6236,13344.79
1533907680,5.6298,5.6192,5.6236,5.6236,10622.33
1533907740,5.6297,5.6139,5.6236,5.6176,13328.78
1533907800,5.6275,5.6075,5.6176,5.6126,11283.31
1533907860,5.6186,5.608,5.6123,5.6123,13698.27
1533907920,5.6236,5.6123,5.6123,5.6125,1323.98
1533907980,5.6146,5.606,5.6146,5.607,9235.91
1533908040,5.6112,5.6071,5.608,5.6071,8071.55
1533908100,5.6109,5.6071,5.6109,5.609,8066.72
1533908160,5.6169,5.6088,5.6091,5.6169,1392.58
1533908220,5.63,5.6143,5.6169,5.6259,1214.17
1533908280,5.63,5.613,5.6266,5.6288,6731.74
1533908340,5.63,5.6215,5.6229,5.6238,11293.75
1533908400,5.6286,5.6239,5.6286,5.6272,7809.78
1533908460,5.6261,5.62,5.6235,5.6228,11032.48
1533908520,5.6272,5.6158,5.6208,5.6272,5500.75
1533908580,5.6322,5.6229,5.6272,5.6283,15438.89
1533908640,5.636,5.6159,5.6321,5.6259,10514.48
1533908700,5.6261,5.6149,5.6261,5.6178,5305.52
1533908760,5.6213,5.6183,5.6194,5.6189,2043.21
1533908820,5.6239,5.6139,5.6239,5.6139,6187.51
1533908880,5.6187,5.6121,5.6187,5.6121,2425.62
1533908940,5.6196,5.6111,5.6122,5.6165,7023.02
1533909000,5.6215,5.619,5.6213,5.619,4462.13
1533909060,5.6237,5.619,5.6211,5.6237,12456.16
1533909120,5.6238,5.6201,5.621,5.6204,11838.66
1533909180,5.6299,5.6205,5.6223,5.6299,7525
1533909240,5.633,5.6276,5.6288,5.6313,2209.99
1533909300,5.6341,5.6189,5.6327,5.6189,7762.11
1533909360,5.6231,5.6119,5.6231,5.6149,3677.11
1533909420,5.6167,5.611,5.6119,5.6167,5969.1
1533909480,5.6193,5.6114,5.6114,5.6193,2867.48
1533909540,5.6189,5.61,5.615,5.6119,3400.48
1533909600,5.6102,5.6022,5.6101,5.6022,7555.38
1533909660,5.6067,5.5975,5.6044,5.5976,6302.7
1533909720,5.6072,5.5975,5.5977,5.6051,12764.45
1533909780,5.6096,5.6058,5.6096,5.607,3376.01
1533909840,5.6131,5.6059,5.6078,5.6086,7246.16
1533909900,5.6098,5.6023,5.6086,5.607,6322.81
1533909960,5.6048,5.5874,5.6048,5.5874,11330.61
1533910020,5.588,5.5633,5.5845,5.5668,17650.91
1533910080,5.5728,5.53,5.5701,5.5317,33018.04
1533910140,5.5397,5.525,5.5317,5.536,23248.39
1533910200,5.5439,5.526,5.526,5.54,5712.33
1533910260,5.5422,5.525,5.5401,5.5256,9672.45
1533910320,5.5358,5.525,5.5308,5.5357,12522.27
1533910380,5.5358,5.5295,5.5357,5.5339,6948.63
1533910440,5.5404,5.5339,5.5351,5.5404,5616.51
1533910500,5.5387,5.5339,5.5358,5.5372,6316.9
1533910560,5.5441,5.5362,5.5372,5.5384,14142.41
1533910620,5.5385,5.5328,5.5383,5.533,11020.84
1533910680,5.5328,5.5141,5.5328,5.5201,11429.88
1533910740,5.5184,5.504,5.5184,5.5114,13168.36
1533910800,5.5224,5.5043,5.5114,5.5157,5624.35
1533910860,5.5311,5.5199,5.52,5.5299,3864.86
1533910920,5.5297,5.5259,5.5282,5.5297,3783.29
1533910980,5.5291,5.5263,5.5263,5.5291,3502.23
1533911040,5.5319,5.5275,5.5319,5.5275,8961.73
1533911100,5.536,5.5253,5.5257,5.5279,5658.69
1533911160,5.5394,5.5352,5.5352,5.5376,950.61
1533911220,5.539,5.5333,5.539,5.5367,4052.6
1533911280,5.5364,5.53,5.5327,5.5343,7863.53
1533911340,5.5402,5.5284,5.531,5.537,3835.69
1533911400,5.5417,5.5368,5.5401,5.5392,6054.44
1533911460,5.5401,5.5284,5.5393,5.5306,12120.2
1533911520,5.5353,5.5302,5.5315,5.5352,9480.5
1533911580,5.5353,5.531,5.5332,5.5353,13723.36
1533911640,5.5354,5.5307,5.534,5.5354,3305.36
1533911700,5.5369,5.5255,5.533,5.5307,11661.36
1533911760,5.5315,5.525,5.5305,5.5251,10696.28
1533911820,5.5275,5.517,5.5275,5.52,7909.42
1533911880,5.52,5.5122,5.52,5.5137,5479.11
1533911940,5.5188,5.5105,5.5138,5.5173,8898.92
1533912000,5.5204,5.5134,5.5174,5.518,5484.77
1533912060,5.5182,5.5152,5.5182,5.5153,16919.68
1533912120,5.521,5.5153,5.5166,5.5207,5105.09
1533912180,5.5193,5.5152,5.5152,5.5185,9453.15
1533912240,5.5196,5.5157,5.5185,5.5167,5608
1533912300,5.52,5.51,5.5196,5.5179,7051.42
1533912360,5.5173,5.5107,5.5164,5.5173,4213.36
1533912420,5.5172,5.504,5.5172,5.508,11855.51
1533912480,5.5149,5.5052,5.5095,5.507,4343.61
1533912540,5.5156,5.504,5.5051,5.504,5148.72
1533912600,5.5116,5.4884,5.5063,5.4886,11428.01
1533912660,5.4971,5.488,5.4886,5.4947,17857.75
1533912720,5.5,5.4892,5.4892,5.498,16881.2
1533912780,5.506,5.4974,5.4998,5.5055,14494.31
1533912840,5.5076,5.5011,5.5034,5.5028,7645.48
1533912900,5.5126,5.5028,5.5033,5.5102,5925.62
1533912960,5.514,5.5052,5.512,5.5067,6746.11
1533913020,5.5084,5.5045,5.508,5.5049,9321.77
1533913080,5.5068,5.5022,5.5042,5.5068,13260.66
1533913140,5.5109,5.506,5.5084,5.5063,10241.69
1533913200,5.5087,5.5019,5.5062,5.5023,6230.27
1533913260,5.5097,5.5,5.507,5.5087,8618.1
1533913320,5.5118,5.5007,5.5085,5.5118,13622.45
1533913380,5.5109,5.5031,5.5108,5.5031,12512.07
1533913440,5.5086,5.503,5.5031,5.5079,11596.58
1533913500,5.5058,5.5009,5.5033,5.5014,10669.19
1533913560,5.5038,5.5012,5.5038,5.5017,6488.84
1533913620,5.5017,5.4997,5.5017,5.5017,15973.17
1533913680,5.5078,5.5016,5.5016,5.5063,7813.78
1533913740,5.5078,5.503,5.5064,5.5051,8325.18
1533913800,5.5107,5.5051,5.506,5.5107,5702.56
1533913860,5.5137,5.5107,5.5107,5.5118,8341.49
1533913920,5.5251,5.5118,5.5118,5.5221,6235.47
1533913980,5.523,5.5055,5.522,5.5196,6535.18
1533914040,5.52,5.516,5.5184,5.5199,15401.54
1533914100,5.523,5.5196,5.5197,5.523,6059.97
1533914160,5.524,5.52,5.523,5.524,11930.68
1533914220,5.5337,5.5234,5.524,5.5289,5287.85
1533914280,5.5278,5.5233,5.5278,5.5233,692.92
1533914340,5.5342,5.5239,5.5254,5.5305,12060.3
1533914400,5.5434,5.531,5.5335,5.5434,8354.49
1533914460,5.553,5.541,5.5441,5.5503,2194.45
1533914520,5.553,5.5472,5.552,5.55,7949.88
1533914580,5.553,5.55,5.5501,5.553,11353.29
1533914640,5.5567,5.5529,5.5554,5.5565,4631.22
1533914700,5.5566,5.5523,5.5524,5.5566,5428.55
1533914760,5.5566,5.5524,5.5544,5.5526,9981.72
1533914820,5.5577,5.5522,5.5526,5.5537,4996.1
1533914880,5.5585,5.5545,5.5579,5.5576,6584.8
1533914940,5.5577,5.5544,5.5562,5.5574,11261.83
1533915000,5.5576,5.555,5.5557,5.555,7013.81
1533915060,5.5577,5.5551,5.5576,5.5576,3795.8
1533915120,5.5585,5.5551,5.5576,5.5551,4350.5
1533915180,5.5583,5.555,5.5561,5.5551,12098.77
1533915240,5.556,5.5532,5.555,5.5549,19212.73
1533915300,5.5599,5.554,5.555,5.5599,16583.33
1533915360,5.5801,5.5588,5.5588,5.5782,11444.26
1533915420,5.5847,5.5721,5.5782,5.5807,8072
1533915480,5.5929,5.582,5.582,5.5929,7973.8
1533915540,5.6106,5.5939,5.5939,5.5964,11794.55
1533915600,5.5998,5.5916,5.5996,5.5948,10054.77
1533915660,5.6038,5.584,5.5993,5.5971,8658.99
1533915720,5.6118,5.6,5.6018,5.6041,4226.89
1533915780,5.61,5.6038,5.6046,5.61,7379.66
1533915840,5.613,5.6082,5.6126,5.6129,2807.7
1533915900,5.617,5.6129,5.6129,5.6159,1538.71
1533915960,5.6185,5.6138,5.6161,5.6182,5002.63
1533916020,5.6321,5.6181,5.6181,5.6297,9181
1533916080,5.6388,5.6278,5.6299,5.6378,11253.31
1533916140,5.6367,5.6322,5.6348,5.6325,2309.4
1533916200,5.6346,5.616,5.6344,5.617,11253.52
1533916260,5.617,5.5888,5.614,5.5992,13462.63
1533916320,5.5989,5.582,5.5988,5.5865,10715.08
1533916380,5.5862,5.5711,5.5821,5.5776,2341.47
1533916440,5.583,5.5704,5.5783,5.5706,3864.53
1533916500,5.5749,5.5614,5.5749,5.5614,1608.1
1533916560,5.5733,5.5631,5.5668,5.571,9225.06
1533916620,5.5785,5.5662,5.5691,5.5699,5826.43
1533916680,5.5775,5.5664,5.5774,5.5753,9685.23
1533916740,5.5801,5.5711,5.5753,5.5749,7872.21
