1529942400,83.29,82.76,82.85,83.15,223.92101
1529942460,83.43,83.2,83.28,83.33,79.63711
1529942520,83.56,83.3,83.33,83.43,102.29453
1529942580,83.58,83.43,83.43,83.47,200.22378
1529942640,84,83.46,83.58,84,223.30681
1529942700,84.38,83.76,83.99,84.32,335.64383
1529942760,84.35,83.91,84.16,83.94,149.81749
1529942820,84.11,83.95,84.06,84.06,72.88134
1529942880,84.1,83.94,84.03,83.95,525.3905
1529942940,84.09,83.64,84.09,83.75,179.00572
1529943000,83.75,83.61,83.75,83.72,97.817
1529943060,83.73,83.61,83.66,83.7,85.93656
1529943120,83.7,83.65,83.65,83.7,64.02641
1529943180,84.03,83.62,83.69,83.79,301.11353
1529943240,83.84,83.75,83.84,83.82,148.86986
1529943300,83.82,83.7,83.75,83.82,62.06344
1529943360,83.83,83.7,83.82,83.81,116.73394
1529943420,83.82,83.71,83.76,83.8,74.80543
1529943480,83.8,83.71,83.75,83.79,94.00191
1529943540,83.79,83.58,83.75,83.7,199.52798
1529943600,83.7,83.54,83.69,83.63,44.04836
1529943660,83.64,83.35,83.64,83.49,157.57043
1529943720,83.49,83.35,83.43,83.38,209.57162
1529943780,83.48,83.25,83.38,83.35,240.73522
1529943840,83.25,83.07,83.25,83.1,120.95193
1529943900,83.18,83,83.1,83.06,330.78943
1529943960,83.11,82.97,83.06,83,90.30947
1529944020,83.08,83,83.01,83,102.30489
1529944080,83.1,83.01,83.06,83.05,61.75625
1529944140,83.05,82.97,83.02,82.99,138.1558
1529944200,83.09,82.94,82.99,82.98,248.81625
1529944260,83.06,82.96,82.98,82.96,97.51775
1529944320,83.01,82.92,83.01,82.96,169.60298
1529944380,82.96,82.9,82.96,82.9,70.79221
1529944440,82.95,82.64,82.95,82.75,301.68256
1529944500,82.79,82.46,82.75,82.64,203.18801
1529944560,82.64,82.39,82.55,82.6,204.91809
1529944620,82.55,82.4,82.47,82.53,61.37602
1529944680,82.55,82.09,82.54,82.18,229.68893
1529944740,82.39,82.09,82.17,82.3,193.8375
1529944800,82.34,82.16,82.3,82.23,137.43145
1529944860,82.67,82.18,82.29,82.5,261.04128
1529944920,82.96,82.55,82.63,82.96,89.19091
1529944980,83.11,82.87,82.88,83.01,147.95823
1529945040,82.91,82.85,82.88,82.87,103.81187
1529945100,82.9,82.6,82.86,82.74,157.71943
1529945160,82.84,82.68,82.68,82.73,79.66486
1529945220,82.9,82.68,82.8,82.86,104.73838
1529945280,82.9,82.74,82.8,82.89,143.07001
1529945340,82.89,82.85,82.87,82.89,166.36651
1529945400,82.9,82.85,82.87,82.86,112.94671
1529945460,82.89,82.85,82.89,82.89,88.13587
1529945520,82.89,82.83,82.89,82.88,118.68188
1529945580,82.88,82.78,82.87,82.79,93.95496
1529945640,82.84,82.67,82.84,82.67,98.62211
1529945700,82.8,82.77,82.79,82.79,26.26959
1529945760,82.79,82.76,82.79,82.76,43.55001
1529945820,82.78,82.73,82.76,82.74,113.08959
1529945880,82.9,82.73,82.77,82.74,150.52666
1529945940,82.8,82.74,82.74,82.74,195.62511
1529946000,82.89,82.73,82.74,82.75,175.62526
1529946060,82.86,82.73,82.75,82.86,80.74424
1529946120,82.86,82.76,82.77,82.78,57.58588
1529946180,82.84,82.68,82.84,82.8,100.28797
1529946240,82.8,82.71,82.8,82.79,111.98108
1529946300,82.76,82.18,82.71,82.18,319.08785
1529946360,82.38,82.15,82.24,82.24,222.49995
1529946420,82.29,82.18,82.18,82.18,100.27925
1529946480,82.3,82.18,82.18,82.26,98.41356
1529946540,82.25,82.09,82.21,82.16,160.97954
1529946600,82.25,82.13,82.19,82.21,83.11404
1529946660,82.25,82.08,82.25,82.08,126.86575
1529946720,82.2,82.06,82.2,82.08,58.70636
1529946780,82.2,82.06,82.08,82.18,126.8977
1529946840,82.2,82.12,82.18,82.19,114.03121
1529946900,82.6,82.19,82.2,82.52,259.19263
1529946960,82.53,82.47,82.47,82.48,111.96898
1529947020,82.53,82.5,82.5,82.53,95.27048
1529947080,82.54,82.41,82.48,82.41,72.00857
1529947140,82.53,82.38,82.53,82.51,49.79106
1529947200,82.47,82.35,82.35,82.47,124.23085
1529947260,82.47,82.41,82.47,82.47,40.66709
1529947320,82.58,82.41,82.41,82.46,43.07616
1529947380,82.57,82.43,82.51,82.5,109.70557
1529947440,82.51,82.22,82.43,82.39,58.20352
1529947500,82.34,82.14,82.23,82.28,141.66321
1529947560,82.24,82.22,82.22,82.23,32.60863
1529947620,82.45,82.23,82.23,82.39,129.93358
1529947680,82.5,82.33,82.39,82.5,115.8854
1529947740,82.47,82.24,82.43,82.47,184.44414
1529947800,82.36,82.36,82.36,82.36,11.17608
1529947860,82.6,82.45,82.45,82.45,47.96816
1529947920,82.54,82.45,82.45,82.45,177.94959
1529947980,82.6,82.45,82.45,82.6,42.823
1529948040,82.6,82.44,82.6,82.46,168.46737
1529948100,82.59,82.32,82.59,82.35,187.55003
1529948160,82.47,82.36,82.4,82.46,74.53386
1529948220,82.48,82.4,82.48,82.45,105.0715
1529948280,82.46,82.41,82.45,82.46,70.93955
1529948340,82.57,82.44,82.44,82.57,41.43246
1529948400,82.58,82.5,82.54,82.58,33.38926
1529948460,82.57,82.47,82.57,82.57,77.59141
1529948520,82.58,82.46,82.51,82.46,130.70197
1529948580,82.58,82.46,82.57,82.46,135.81144
1529948640,82.57,82.48,82.57,82.49,28.55032
1529948700,82.58,82.49,82.53,82.57,65.09541
1529948760,82.57,82.46,82.57,82.56,179.49915
1529948820,82.57,82.46,82.56,82.57,58.2536
1529948880,82.58,82.5,82.5,82.57,173.95886
1529948940,82.57,82.5,82.5,82.51,95.4681
1529949000,82.55,82.51,82.51,82.52,102.1338
1529949060,82.6,82.45,82.55,82.45,206.66934
1529949120,82.55,82.49,82.49,82.53,52.63835
1529949180,82.48,82.32,82.48,82.39,69.3578
1529949240,82.47,82.41,82.42,82.47,72.15474
1529949300,82.47,82.35,82.41,82.47,104.54852
1529949360,82.47,82.3,82.41,82.3,122.18335
1529949420,82.42,82.36,82.36,82.42,85.28844
1529949480,82.45,82.35,82.37,82.38,140.57511
1529949540,82.45,82.39,82.39,82.45,262.43473
1529949600,82.46,82.38,82.45,82.46,90.36437
1529949660,82.51,82.44,82.44,82.45,132.67367
1529949720,82.46,82.44,82.45,82.45,40.6565
1529949780,82.5,82.45,82.45,82.45,108.34216
1529949840,82.5,82.44,82.5,82.46,93.52971
1529949900,82.58,82.45,82.46,82.46,32.56496
1529949960,82.6,82.45,82.48,82.5,51.67045
1529950020,82.67,82.47,82.51,82.67,143.24685
1529950080,82.95,82.64,82.66,82.83,169.79679
1529950140,82.79,82.62,82.78,82.66,213.33177
1529950200,82.68,82.56,82.66,82.68,90.06903
1529950260,82.63,82.46,82.63,82.6,80.6422
1529950320,82.76,82.59,82.59,82.72,60.07738
1529950380,82.76,82.73,82.73,82.75,62.39535
1529950440,82.82,82.67,82.72,82.82,160.9819
1529950500,82.8,82.7,82.73,82.8,133.48353
1529950560,82.8,82.75,82.8,82.8,97.20109
1529950620,82.81,82.7,82.77,82.7,57.43161
1529950680,82.81,82.7,82.81,82.7,15.55314
1529950740,82.87,82.71,82.81,82.71,127.0996
1529950800,82.91,82.75,82.8,82.77,126.86847
1529950860,82.83,82.77,82.83,82.78,45.0421
1529950920,82.89,82.76,82.78,82.76,42.96376
1529950980,82.83,82.64,82.73,82.68,114.70619
1529951040,82.8,82.63,82.74,82.69,126.1622
1529951100,82.67,82.62,82.67,82.66,70.2844
1529951160,82.66,82.57,82.62,82.64,42.69904
1529951220,82.66,82.53,82.59,82.63,134.61282
1529951280,82.63,82.51,82.63,82.63,85.08189
1529951340,82.63,82.5,82.56,82.5,91.67108
1529951400,82.62,82.55,82.62,82.6,195.07676
1529951460,82.61,82.51,82.61,82.6,57.82631
1529951520,82.6,82.51,82.6,82.6,137.1224
1529951580,82.61,82.55,82.55,82.59,68.00321
1529951640,82.59,82.5,82.55,82.5,95.99132
1529951700,82.55,82.5,82.55,82.5,75.97382
1529951760,82.56,82.5,82.5,82.52,46.51482
1529951820,82.55,82.51,82.54,82.52,144.91187
1529951880,82.54,82.51,82.51,82.52,84.13763
1529951940,82.52,82.44,82.51,82.44,173.32564
1529952000,82.5,82.4,82.45,82.41,196.61158
1529952060,82.47,82.4,82.4,82.41,148.79418
1529952120,82.41,82.41,82.41,82.41,3.804
1529952180,82.44,81.69,82.4,81.92,1010.31108
1529952240,82.3,81.8,81.92,82.22,100.26796
1529952300,82.34,82.14,82.21,82.14,63.35735
1529952360,82.26,82.07,82.26,82.07,74.83756
1529952420,82.14,81.71,82,81.95,118.00114
1529952480,82.05,81.92,81.92,82.01,74.37062
1529952540,82.22,82,82,82.22,147.80639
1529952600,82.23,82.11,82.22,82.18,84.26797
1529952660,82.19,82.12,82.18,82.18,91.71608
1529952720,82.3,82.17,82.17,82.17,166.08727
1529952780,82.25,82.18,82.24,82.21,97.78426
1529952840,82.35,82.22,82.3,82.22,92.5794
1529952900,82.35,82.26,82.26,82.27,65.09626
1529952960,82.35,82.17,82.3,82.29,964.46351
1529953020,82.29,82.16,82.29,82.22,92.84869
1529953080,82.16,82.02,82.16,82.15,1.0224
1529953140,82.14,82,82.14,82.11,122.499
1529953200,82.16,82,82,82.16,57.14064
1529953260,82.24,82.12,82.23,82.24,90.93172
1529953320,82.33,82.09,82.24,82.18,57.96173
1529953380,82.32,82.16,82.32,82.28,29.35507
1529953440,82.38,82.25,82.25,82.38,106.16545
1529953500,82.39,82.3,82.3,82.31,78.44476
1529953560,82.36,82.22,82.33,82.3,133.98317
1529953620,82.36,82.22,82.29,82.34,92.80865
1529953680,82.34,82.28,82.34,82.34,66.62033
1529953740,82.34,82.25,82.28,82.3,94.58359
1529953800,82.3,82.11,82.21,82.15,30.33006
1529953860,82.17,82,82.15,82.14,35.03325
1529953920,82.25,82.13,82.13,82.18,94.76227
1529953980,82.2,82.06,82.15,82.09,149.45448
1529954040,82.14,82.07,82.09,82.08,77.60173
1529954100,82.15,82.07,82.08,82.1,103.01207
1529954160,82.15,82.1,82.12,82.15,101.83924
1529954220,82.07,81.66,82.07,81.79,87.86503
1529954280,81.78,81.59,81.78,81.75,151.6329
1529954340,81.75,81.71,81.75,81.74,46.99365
1529954400,81.76,81.65,81.73,81.65,104.37443
1529954460,81.88,81.73,81.74,81.73,88.74696
1529954520,81.86,81.73,81.73,81.79,72.05793
1529954580,81.86,81.2,81.78,81.49,502.18588
1529954640,81.85,81.28,81.49,81.78,277.47985
1529954700,81.79,81.57,81.69,81.57,76.43085
1529954760,81.86,81.47,81.67,81.82,485.59163
1529954820,82.06,81.57,81.86,81.62,28.22033
1529954880,81.66,81.5,81.6,81.59,249.4426
1529954940,81.66,81.47,81.62,81.59,253.99119
1529955000,81.6,81.51,81.56,81.51,87.59932
1529955060,81.66,81.53,81.54,81.54,115.87743
1529955120,81.59,81.5,81.54,81.59,116.00549
1529955180,81.58,81.45,81.58,81.45,3.41985
1529955240,81.48,81.33,81.47,81.48,46.81051
1529955300,81.5,81.33,81.42,81.33,46.72801
1529955360,81.5,81.3,81.3,81.46,43.61381
1529955420,81.45,81.31,81.45,81.33,103.83257
1529955480,81.61,81.4,81.44,81.4,145.24266
1529955540,81.43,81.4,81.4,81.41,7.83095
1529955600,81.55,81.38,81.49,81.38,62.33095
1529955660,81.87,81.38,81.42,81.7,215.2804
1529955720,81.82,81.59,81.66,81.59,91.03017
1529955780,81.78,81.62,81.69,81.62,90.47435
1529955840,81.7,81.62,81.62,81.62,59.3337
1529955900,81.82,81.6,81.82,81.69,213.46841
1529955960,81.76,81.61,81.69,81.64,48.66039
1529956020,81.76,81.62,81.76,81.62,70.79725
1529956080,81.76,81.6,81.68,81.61,119.73721
1529956140,81.67,81.67,81.67,81.67,21.4698
1529956200,81.99,81.71,81.76,81.84,334.1787
1529956260,81.97,81.84,81.96,81.87,17.33398
1529956320,82.01,81.81,81.87,82.01,125.26518
1529956380,82,81.78,81.99,81.78,63.73289
1529956440,81.79,81.75,81.79,81.75,62.26739
1529956500,81.77,81.69,81.76,81.7,72.38438
1529956560,81.83,81.65,81.7,81.67,58.5666
1529956620,81.82,81.59,81.67,81.67,140.95892
1529956680,81.81,81.71,81.71,81.74,81.56461
1529956740,81.81,81.62,81.75,81.73,31.97164
1529956800,81.75,81.58,81.62,81.75,88.78061
1529956860,81.75,81.6,81.67,81.75,142.2693
1529956920,81.95,81.75,81.75,81.95,74.68539
1529956980,81.99,81.8,81.8,81.96,81.89721
1529957040,81.96,81.81,81.89,81.81,13.74925
1529957100,81.94,81.71,81.75,81.73,190.41097
1529957160,81.94,81.69,81.73,81.71,31.86396
1529957220,81.87,81.71,81.71,81.74,49.21866
1529957280,81.78,81.7,81.78,81.7,89.56225
1529957340,81.7,81.66,81.7,81.7,6.31781
1529957400,81.7,81.58,81.66,81.69,130.92554
1529957460,81.66,81.6,81.65,81.62,146.8684
1529957520,81.94,81.63,81.7,81.83,70.24947
1529957580,81.88,81.82,81.88,81.82,41.48276
1529957640,81.83,81.81,81.82,81.82,58.15147
1529957700,81.9,81.79,81.86,81.81,129.66547
1529957760,81.87,81.81,81.87,81.83,90.73659
1529957820,81.85,81.8,81.83,81.81,64.11663
1529957880,81.82,81.74,81.82,81.75,68.12249
1529957940,81.92,81.75,81.75,81.92,89.78118
1529958000,81.87,81.78,81.78,81.83,115.20312
1529958060,81.88,81.84,81.84,81.85,88.34827
1529958120,81.89,81.82,81.85,81.88,89.82614
1529958180,81.9,81.69,81.86,81.89,67.68105
1529958240,81.88,81.67,81.85,81.7,138.22416
1529958300,81.87,81.76,81.87,81.86,102.67634
1529958360,81.9,81.75,81.75,81.87,85.88477
1529958420,81.92,81.76,81.9,81.78,95.704
1529958480,81.86,81.76,81.76,81.8,72.75361
1529958540,81.93,81.81,81.92,81.81,46.15492
1529958600,81.91,81.75,81.9,81.76,144.89056
1529958660,81.93,81.85,81.93,81.89,56.71928
1529958720,81.89,81.77,81.88,81.88,38.91353
1529958780,81.88,81.78,81.78,81.88,88.21457
1529958840,81.87,81.78,81.83,81.86,74.44364
1529958900,81.9,81.8,81.83,81.9,126.23971
1529958960,82.14,81.9,81.91,81.94,170.51097
1529959020,82.15,82,82,82.14,16.12304
1529959080,82.24,82.1,82.14,82.24,111.77429
1529959140,82.31,82.1,82.31,82.1,136.87296
1529959200,82.11,82.02,82.02,82.02,92.82029
1529959260,82.05,81.99,82.02,81.99,51.63178
1529959320,82.04,81.98,81.99,81.99,53.05294
1529959380,82.01,81.92,81.99,82.01,110.56423
1529959440,82.06,81.9,82.05,81.9,28.31118
1529959500,81.97,81.9,81.95,81.9,27.92512
1529959560,82.02,81.89,81.97,81.99,70.17897
1529959620,81.95,81.81,81.9,81.89,99.67616
1529959680,81.89,81.81,81.81,81.89,65.37553
1529959740,81.9,81.8,81.9,81.81,150.98666
1529959800,81.91,81.81,81.86,81.81,99.78149
1529959860,81.94,81.81,81.81,81.82,54.78179
1529959920,81.9,81.76,81.82,81.89,74.2678
1529959980,81.89,81.76,81.8,81.76,411.46846
1529960040,81.88,81.75,81.76,81.75,44.2761
1529960100,81.89,81.75,81.87,81.88,100.54642
1529960160,81.88,81.74,81.88,81.78,64.76091
1529960220,81.89,81.74,81.89,81.74,61.82417
1529960280,81.89,81.81,81.81,81.89,82.8983
1529960340,81.89,81.83,81.83,81.89,106.36431
1529960400,81.89,81.74,81.81,81.89,173.64364
1529960460,81.89,81.81,81.81,81.89,120.03135
1529960520,81.89,81.76,81.89,81.85,35.85723
1529960580,81.93,81.83,81.83,81.93,85.46206
1529960640,81.92,81.77,81.86,81.79,72.63846
1529960700,81.97,81.79,81.79,81.8,79.45255
1529960760,82,81.9,81.99,81.9,126.51306
1529960820,81.99,81.83,81.83,81.84,182.7797
1529960880,81.89,81.82,81.87,81.89,182.10525
1529960940,81.89,81.88,81.89,81.89,55.1609
1529961000,81.89,81.83,81.89,81.88,107.97352
1529961060,81.94,81.81,81.89,81.94,120.59918
1529961120,81.93,81.81,81.87,81.91,197.64953
1529961180,81.92,81.77,81.91,81.91,65.43553
1529961240,81.92,81.77,81.91,81.92,82.09797
1529961300,81.95,81.79,81.79,81.95,96.61059
1529961360,81.95,81.78,81.95,81.91,71.56703
1529961420,81.91,81.77,81.81,81.91,94.74825
1529961480,81.88,81.78,81.79,81.88,30.02411
1529961540,81.88,81.82,81.82,81.88,77.64053
1529961600,81.82,81.74,81.77,81.81,34.0283
1529961660,81.8,81.67,81.67,81.8,104.70111
1529961720,81.8,81.73,81.8,81.79,58.841
1529961780,81.78,81.69,81.69,81.76,119.01275
1529961840,81.77,81.64,81.65,81.65,6.558
1529961900,81.79,81.69,81.73,81.7,49.27045
1529961960,81.8,81.7,81.7,81.71,69.16503
1529962020,81.8,81.7,81.71,81.79,41.44936
1529962080,81.76,81.7,81.76,81.7,65.51597
1529962140,81.79,81.71,81.71,81.79,130.49249
1529962200,81.8,81.7,81.77,81.7,51.18127
1529962260,81.71,81.71,81.71,81.71,0.00169
1529962320,81.79,81.71,81.75,81.72,60.57476
1529962380,81.9,81.75,81.75,81.76,139.98397
1529962440,81.9,81.73,81.88,81.88,128.43572
1529962500,81.88,81.74,81.74,81.79,79.54688
1529962560,81.79,81.69,81.74,81.69,146.08278
1529962620,81.7,81.64,81.69,81.7,108.77212
1529962680,81.7,81.61,81.7,81.61,65.62817
1529962740,81.61,81.61,81.61,81.61,0
1529962800,81.66,81.65,81.66,81.66,63.25049
1529962860,81.77,81.69,81.69,81.77,73.08242
1529962920,81.77,81.64,81.77,81.64,37.65704
1529962980,81.64,81.64,81.64,81.64,0
1529963040,81.71,81.65,81.65,81.65,60.5601
1529963100,81.85,81.66,81.66,81.67,48.18812
1529963160,81.78,81.67,81.67,81.78,41.66893
1529963220,81.85,81.67,81.73,81.85,65.67305
1529963280,81.87,81.77,81.84,81.87,41.10103
1529963340,81.87,81.79,81.87,81.83,100.64142
1529963400,81.87,81.79,81.79,81.86,47.62819
1529963460,81.86,81.79,81.79,81.85,129.98658
1529963520,82.02,81.77,81.85,82.02,115.45645
1529963580,82.06,81.89,82.04,81.89,87.44917
1529963640,82.06,81.98,82.02,82.06,52.23275
1529963700,82.06,81.97,82.06,82.05,81.41355
1529963760,82.1,81.94,82.03,81.94,92.17848
1529963820,82.05,81.95,81.99,82.04,96.39128
1529963880,82.04,81.99,82.04,82.04,106.11167
1529963940,82.04,81.97,82.04,81.97,90.11743
1529964000,82.04,81.97,81.97,82.04,30.23813
1529964060,82.05,81.99,82,82.04,122.69248
1529964120,82.04,81.99,82.01,82.04,107.89492
1529964180,82.05,82,82,82.05,91.92583
1529964240,82.05,82,82.05,82.04,185.87482
1529964300,82.05,81.92,82,82.04,70.25478
1529964360,82.03,82,82.03,82.02,59.57874
1529964420,82.04,82.02,82.02,82.04,54.36536
1529964480,82.05,82.03,82.05,82.04,78.18003
1529964540,82.05,81.97,82.04,82.04,228.3884
1529964600,82.04,81.97,82.01,82.04,73.35143
1529964660,82.04,82,82,82.04,96.34485
1529964720,82.04,82,82,82.03,97.78012
1529964780,82.04,81.97,82.03,82.03,122.44787
1529964840,81.97,81.76,81.97,81.93,57.07527
1529964900,81.95,81.86,81.95,81.95,127.80307
1529964960,81.98,81.88,81.88,81.98,89.5417
1529965020,81.99,81.85,81.99,81.99,139.40351
1529965080,81.99,81.93,81.99,81.99,116.55991
1529965140,81.99,81.9,81.94,81.99,86.08551
1529965200,81.99,81.94,81.94,81.98,112.53593
1529965260,81.98,81.89,81.94,81.98,143.30226
1529965320,81.98,81.83,81.9,81.95,43.02269
1529965380,81.98,81.85,81.98,81.97,68.45132
1529965440,81.97,81.91,81.97,81.96,82.54685
1529965500,81.96,81.9,81.96,81.96,67.39022
1529965560,82.05,81.9,81.9,82.04,126.60996
1529965620,82.04,81.9,81.9,82.04,30.59232
1529965680,82.03,81.96,81.96,82.03,12.9133
1529965740,82.01,81.9,81.9,82.01,13.89402
1529965800,82.02,81.85,81.97,81.98,112.27658
1529965860,82,81.85,81.97,81.99,50.10461
1529965920,81.99,81.89,81.99,81.99,82.46882
1529965980,81.92,81.77,81.92,81.89,180.15765
1529966040,81.89,81.77,81.83,81.89,50.28745
1529966100,81.85,81.78,81.85,81.78,59.45415
1529966160,81.78,81.78,81.78,81.78,8.124
1529966220,81.89,81.78,81.78,81.88,61.21224
1529966280,81.9,81.78,81.88,81.89,162.09249
1529966340,81.89,81.75,81.89,81.75,360.384
1529966400,81.85,81.61,81.8,81.61,42.24494
1529966460,81.71,81.62,81.67,81.62,106.38616
1529966520,81.88,81.62,81.62,81.81,233.9011
1529966580,81.88,81.69,81.88,81.88,93.84633
1529966640,81.88,81.69,81.88,81.7,58.96098
1529966700,81.81,81.71,81.71,81.79,73.15751
1529966760,81.8,81.78,81.8,81.78,65.84983
1529966820,81.78,81.68,81.78,81.78,59.08178
1529966880,81.78,81.68,81.73,81.69,123.73178
1529966940,81.72,81.63,81.69,81.69,97.24042
1529967000,81.72,81.45,81.72,81.61,164.33974
1529967060,81.62,81.44,81.62,81.55,58.24667
1529967120,81.52,81.46,81.52,81.52,51.31116
1529967180,81.53,81.33,81.52,81.34,178.9835
1529967240,81.51,81.28,81.36,81.28,194.57118
1529967300,81.48,81.33,81.33,81.38,110.97479
1529967360,81.5,81.4,81.48,81.4,108.17213
1529967420,81.75,81.38,81.38,81.75,202.25768
1529967480,81.78,81.57,81.6,81.57,42.85107
1529967540,81.74,81.58,81.74,81.72,17.94828
1529967600,81.71,81.57,81.71,81.71,68.34293
1529967660,81.79,81.66,81.71,81.66,62.03829
1529967720,81.77,81.66,81.71,81.66,94.21105
1529967780,81.75,81.69,81.73,81.72,93.96821
1529967840,81.79,81.72,81.73,81.72,90.90546
1529967900,81.75,81.66,81.72,81.67,64.93295
1529967960,81.72,81.64,81.72,81.64,73.93558
1529968020,81.79,81.64,81.64,81.65,156.70308
1529968080,81.73,81.64,81.65,81.67,161.09062
1529968140,81.86,81.67,81.67,81.86,79.43683
1529968200,81.83,81.75,81.81,81.75,76.21069
1529968260,81.8,81.75,81.75,81.76,72.87554
1529968320,81.84,81.76,81.77,81.84,142.91635
1529968380,81.84,81.57,81.76,81.57,75.85275
1529968440,81.57,81.41,81.57,81.53,41.66958
1529968500,81.6,81.53,81.54,81.6,134.3605
1529968560,81.61,81.53,81.55,81.61,104.06454
1529968620,81.68,81.54,81.61,81.54,15.21872
1529968680,81.63,81.5,81.55,81.5,104.23915
1529968740,81.65,81.55,81.6,81.62,189.62356
1529968800,81.63,81.57,81.62,81.57,265.16307
1529968860,81.66,81.57,81.57,81.66,52.48409
1529968920,81.66,81.58,81.59,81.58,33.88453
1529968980,81.76,81.59,81.68,81.61,52.37374
1529969040,81.69,81.61,81.61,81.64,80.3583
1529969100,81.71,81.69,81.69,81.71,29.3182
1529969160,81.71,81.62,81.66,81.71,80.41575
1529969220,81.72,81.64,81.71,81.64,79.72377
1529969280,81.78,81.61,81.71,81.69,49.7491
1529969340,81.8,81.74,81.8,81.74,75.82335
1529969400,81.79,81.74,81.77,81.76,92.19668
1529969460,81.78,81.73,81.76,81.77,141.02488
1529969520,81.8,81.65,81.77,81.72,81.56629
1529969580,81.69,81.58,81.69,81.58,57.41631
1529969640,81.7,81.6,81.61,81.61,87.83504
1529969700,81.65,81.53,81.61,81.58,101.24392
1529969760,81.59,81.5,81.51,81.52,48.30113
1529969820,81.68,81.52,81.54,81.68,106.05324
1529969880,81.67,81.59,81.64,81.59,38.84552
1529969940,81.66,81.58,81.62,81.66,48.33587
1529970000,81.68,81.59,81.62,81.67,150.39426
1529970060,81.95,81.59,81.67,81.95,231.17637
1529970120,81.95,81.79,81.95,81.79,20.69454
1529970180,81.91,81.64,81.85,81.81,137.05827
1529970240,81.81,81.78,81.81,81.8,60.7018
1529970300,81.8,81.74,81.75,81.74,151.85907
1529970360,81.8,81.72,81.72,81.8,13.70685
1529970420,81.8,81.73,81.78,81.73,56.82043
1529970480,81.8,81.79,81.79,81.8,5.7981
1529970540,81.8,81.49,81.8,81.49,229.35577
1529970600,81.57,81.42,81.42,81.55,24.62168
1529970660,81.55,81.52,81.55,81.54,51.15617
1529970720,81.55,81.42,81.53,81.55,130.64672
1529970780,81.52,81.42,81.43,81.5,20.28713
1529970840,81.5,81.45,81.5,81.49,21.93714
1529970900,81.49,81.42,81.49,81.49,86.27987
1529970960,81.49,81.45,81.49,81.49,65.84766
1529971020,81.5,81.42,81.49,81.48,129.12947
1529971080,81.54,81.45,81.45,81.48,121.83706
1529971140,81.57,81.47,81.48,81.48,61.54433
1529971200,81.55,81.47,81.48,81.48,79.76288
1529971260,81.75,81.55,81.55,81.71,45.93328
1529971320,81.77,81.65,81.75,81.74,104.28572
1529971380,81.78,81.66,81.75,81.77,66.73284
1529971440,81.8,81.66,81.78,81.79,93.10985
1529971500,81.79,81.71,81.71,81.78,38.11445
1529971560,81.99,81.73,81.73,81.99,110.00844
1529971620,81.98,81.86,81.86,81.96,67.25405
1529971680,81.96,81.88,81.88,81.96,54.39639
1529971740,81.96,81.83,81.96,81.83,148.07736
1529971800,81.93,81.86,81.93,81.92,84.30044
1529971860,81.93,81.8,81.93,81.91,60.22942
1529971920,81.92,81.8,81.91,81.91,73.93597
1529971980,81.91,81.63,81.91,81.71,184.01761
1529972040,81.71,81.71,81.71,81.71,0
1529972100,81.72,81.56,81.64,81.64,65.24088
1529972160,81.64,81.52,81.56,81.6,99.12386
1529972220,81.73,81.48,81.52,81.51,314.01101
1529972280,81.77,81.6,81.6,81.68,99.71145
1529972340,81.79,81.69,81.69,81.76,101.61241
1529972400,81.83,81.75,81.77,81.76,85.18233
1529972460,81.8,81.77,81.8,81.77,14.38574
1529972520,81.83,81.77,81.8,81.8,213.74145
1529972580,81.83,81.77,81.77,81.78,80.93465
1529972640,81.86,81.77,81.78,81.77,62.37913
1529972700,81.86,81.78,81.79,81.78,27.18578
1529972760,81.82,81.76,81.78,81.77,58.30965
1529972820,81.89,81.75,81.8,81.89,108.46523
1529972880,81.89,81.84,81.84,81.85,108.21954
1529972940,81.89,81.77,81.8,81.79,155.76332
1529973000,81.81,81.73,81.77,81.75,169.13822
1529973060,81.82,81.57,81.82,81.6,955.86406
1529973120,81.65,81.62,81.63,81.64,68.12797
1529973180,81.78,81.63,81.78,81.63,29.69063
1529973240,81.7,81.7,81.7,81.7,28.36368
1529973300,81.7,81.37,81.66,81.37,218.25572
1529973360,81.57,81.26,81.37,81.49,133.43297
1529973420,81.61,81.38,81.53,81.55,35.65521
1529973480,81.55,81.44,81.55,81.55,71.66334
1529973540,81.62,81.48,81.56,81.54,134.723
1529973600,81.61,81.45,81.57,81.52,198.78564
1529973660,81.59,81.46,81.54,81.59,79.47221
1529973720,81.53,81.37,81.45,81.52,105.57557
1529973780,81.45,81.37,81.45,81.45,63.63128
1529973840,81.46,81.22,81.43,81.4,110.75438
1529973900,81.39,81.2,81.39,81.28,62.01328
1529973960,81.37,81.24,81.27,81.24,214.68201
1529974020,81.4,81.25,81.31,81.28,410.91664
1529974080,81.4,81.34,81.34,81.38,47.08998
1529974140,81.4,81.3,81.38,81.37,138.73705
1529974200,81.44,81.36,81.39,81.44,24.48788
1529974260,81.44,81.4,81.4,81.44,88.04004
1529974320,81.43,81.33,81.33,81.36,72.0278
1529974380,81.43,81.32,81.38,81.32,46.84792
1529974440,81.31,81.26,81.31,81.26,130.25154
1529974500,81.32,81.24,81.3,81.32,87.93517
1529974560,81.32,81.25,81.25,81.31,55.94606
1529974620,81.32,81.23,81.26,81.23,56.56727
1529974680,81.31,81.15,81.23,81.26,122.49919
1529974740,81.26,80.7,81.26,80.95,603.51232
1529974800,81.37,80.76,80.95,80.94,377.75044
1529974860,81.22,80.99,81.22,81.02,49.00783
1529974920,81.1,80.92,81.1,81.07,32.94625
1529974980,81.06,80.88,80.88,81.03,1.53828
1529975040,81.08,80.97,81.04,81.08,116.50149
1529975100,81.12,80.94,81.08,81.02,131.86983
1529975160,81.18,80.95,80.96,81.15,225.96465
1529975220,81.18,81.02,81.16,81.02,102.84835
1529975280,81.17,81.02,81.03,81.04,101.20536
1529975340,81.31,81.02,81.02,81.25,56.54424
1529975400,81.37,81.14,81.26,81.14,107.66447
1529975460,81.23,81.04,81.13,81.18,77.58161
1529975520,81.15,80.99,81.07,80.99,55.54134
1529975580,81.12,80.74,81.12,80.97,113.1606
1529975640,81.04,80.89,80.89,81.04,157.01427
1529975700,81.12,80.78,80.98,81.1,226.72948
1529975760,81.18,81.06,81.17,81.06,62.37007
1529975820,81.22,81.06,81.06,81.08,68.67238
1529975880,81.45,81.12,81.2,81.44,105.3144
1529975940,81.44,81.29,81.3,81.31,72.22917
1529976000,81.45,81.35,81.35,81.45,26.18437
1529976060,81.45,81.28,81.41,81.37,149.66653
1529976120,81.4,81.26,81.37,81.39,147.82708
1529976180,81.39,81.3,81.39,81.36,106.72319
1529976240,81.42,81.3,81.33,81.37,67.86426
1529976300,81.63,81.26,81.38,81.51,100.71959
1529976360,81.59,81.53,81.53,81.59,93.87816
1529976420,81.58,81.47,81.48,81.58,47.89266
1529976480,81.59,81.47,81.58,81.49,143.1663
1529976540,81.55,81.47,81.55,81.49,74.13293
1529976600,81.55,81.47,81.52,81.49,118.70391
1529976660,81.52,81.52,81.52,81.52,24.96491
1529976720,81.44,81.37,81.37,81.44,4.12062
1529976780,81.44,81.34,81.37,81.43,57.15146
1529976840,81.49,81.41,81.46,81.47,46.57253
1529976900,81.65,81.4,81.49,81.65,154.72196
1529976960,81.63,81.43,81.58,81.52,55.4284
1529977020,81.63,81.51,81.51,81.53,71.17754
1529977080,81.53,81.52,81.53,81.53,46.82246
1529977140,81.6,81.52,81.53,81.6,113.88909
1529977200,81.7,81.63,81.63,81.68,28.00723
1529977260,81.8,81.55,81.68,81.55,3172.2828
1529977320,81.61,81.31,81.55,81.37,48.65588
1529977380,81.39,81.33,81.34,81.37,110.55969
1529977440,81.38,81.37,81.38,81.37,35.09999
1529977500,81.41,81.38,81.39,81.41,31.21953
1529977560,81.44,81.27,81.44,81.27,88.84021
1529977620,81.41,81.33,81.33,81.36,79.04446
1529977680,81.46,81.38,81.38,81.45,57.71082
1529977740,81.49,81.42,81.49,81.48,134.71895
1529977800,81.48,81.4,81.44,81.46,79.92103
1529977860,81.47,81.26,81.45,81.26,31.73689
1529977920,81.45,81.34,81.44,81.34,30.64641
1529977980,81.44,81.41,81.41,81.44,26.89224
1529978040,81.47,81.41,81.46,81.46,48.36476
1529978100,81.48,81.38,81.38,81.4,66.95786
1529978160,81.5,81.34,81.43,81.36,46.78696
1529978220,81.37,81.35,81.36,81.37,30.27917
1529978280,81.42,81.34,81.34,81.42,66.15481
1529978340,81.48,81.34,81.43,81.44,75.08269
1530014400,81.47,80.68,81.33,80.68,362.10227
1530014460,81.05,80.44,80.96,80.74,269.43979
1530014520,80.84,80.78,80.8,80.84,26.32822
1530014580,80.82,79.68,80.82,80.41,3687.33455
1530014640,80.56,80.46,80.46,80.56,95.0323
1530014700,80.56,80.51,80.56,80.55,41.56949
1530014760,80.73,80.53,80.55,80.73,433.37179
1530014820,80.88,80.69,80.72,80.88,105.48568
1530014880,80.88,80.73,80.73,80.73,66.97083
1530014940,80.82,80.62,80.82,80.68,20.62308
1530015000,80.81,80.65,80.65,80.74,64.44383
1530015060,80.77,80.59,80.63,80.77,72.94396
1530015120,80.77,80.66,80.77,80.76,104.08644
1530015180,80.77,80.75,80.77,80.76,79.47828
1530015240,80.79,80.75,80.76,80.77,70.34314
1530015300,80.83,80.77,80.82,80.77,103.91031
1530015360,80.8,80.77,80.8,80.77,108.77672
1530015420,80.83,80.76,80.78,80.76,191.03617
1530015480,80.8,80.66,80.77,80.66,172.8005
1530015540,80.78,80.66,80.67,80.71,56.12445
1530015600,80.78,80.65,80.65,80.66,109.34147
1530015660,80.78,80.52,80.65,80.68,181.21995
1530015720,80.79,80.58,80.63,80.7,166.24683
1530015780,80.71,80.62,80.65,80.65,84.97402
1530015840,80.72,80.55,80.65,80.67,110.53628
1530015900,80.68,80.61,80.68,80.68,89.70812
1530015960,80.72,80.6,80.64,80.61,22.08521
1530016020,80.67,80.54,80.67,80.61,101.83837
1530016080,80.78,80.61,80.62,80.62,126.29846
1530016140,80.99,80.71,80.77,80.84,132.33889
1530016200,80.84,80.78,80.84,80.78,9.09326
1530016260,80.97,80.78,80.78,80.86,55.54306
1530016320,80.92,80.85,80.86,80.85,85.08496
1530016380,80.96,80.85,80.96,80.87,96.29745
1530016440,81.06,80.85,80.86,80.87,172.31331
1530016500,81.08,80.88,80.88,80.89,88.56861
1530016560,81,80.87,80.89,80.87,82.45431
1530016620,80.96,80.87,80.87,80.88,98.78747
1530016680,81.01,80.79,80.95,80.79,218.92628
1530016740,80.98,80.78,80.98,80.8,46.5758
1530016800,80.87,80.78,80.8,80.79,97.482
1530016860,80.93,80.78,80.79,80.78,74.06437
1530016920,80.88,80.78,80.79,80.88,143.30024
1530016980,80.88,80.77,80.83,80.88,119.37431
1530017040,80.88,80.77,80.77,80.78,94.36819
1530017100,80.88,80.78,80.78,80.88,235.03424
1530017160,80.88,80.81,80.88,80.82,113.15465
1530017220,80.89,80.72,80.81,80.85,139.33886
1530017280,80.9,80.79,80.85,80.81,68.64471
1530017340,80.9,80.8,80.8,80.83,159.38389
1530017400,80.9,80.83,80.9,80.84,63.72895
1530017460,80.9,80.83,80.9,80.83,119.20378
1530017520,80.88,80.72,80.84,80.72,53.2398
1530017580,80.89,80.81,80.89,80.83,81.61161
1530017640,80.91,80.8,80.8,80.88,79.95387
1530017700,80.89,80.77,80.86,80.77,135.5141
1530017760,80.88,80.76,80.88,80.87,184.84886
1530017820,80.85,80.72,80.72,80.85,60.88733
1530017880,80.86,80.76,80.85,80.8,97.86751
1530017940,80.85,80.72,80.85,80.84,128.28535
1530018000,80.86,80.71,80.8,80.74,133.3343
1530018060,80.83,80.73,80.8,80.8,82.52286
1530018120,80.8,80.72,80.8,80.73,86.21916
1530018180,80.76,80.71,80.73,80.72,123.09828
1530018240,80.75,80.71,80.72,80.71,127.32495
1530018300,80.73,80.69,80.72,80.69,167.56407
1530018360,80.92,80.65,80.68,80.92,452.20441
1530018420,80.92,80.82,80.92,80.85,179.51849
1530018480,80.92,80.84,80.86,80.85,126.71119
1530018540,80.92,80.85,80.88,80.86,84.25642
1530018600,81.1,80.85,80.89,81.1,312.01273
1530018660,81.46,81.01,81.06,81.22,422.57921
1530018720,81.28,81.07,81.22,81.07,97.87889
1530018780,81.15,81,81.13,81.13,76.38719
1530018840,81.16,81.04,81.12,81.14,138.42986
1530018900,81.14,81.12,81.14,81.13,48.81978
1530018960,81.18,81.1,81.13,81.13,100.89983
1530019020,81.13,80.77,81.08,80.77,131.25982
1530019080,80.97,80.77,80.77,80.97,127.47632
1530019140,80.97,80.77,80.96,80.92,113.42151
1530019200,80.92,80.84,80.84,80.9,36.78245
1530019260,80.94,80.81,80.85,80.94,92.17337
1530019320,80.97,80.82,80.88,80.95,84.75646
1530019380,80.95,80.87,80.87,80.94,85.67248
1530019440,80.95,80.84,80.87,80.91,137.16453
1530019500,80.91,80.82,80.91,80.89,146.43104
1530019560,80.8,80.64,80.76,80.78,70.47334
1530019620,80.74,80.3,80.64,80.47,161.82285
1530019680,80.71,80.39,80.69,80.59,74.76852
1530019740,80.59,80.43,80.45,80.58,97.24546
1530019800,80.59,80.31,80.5,80.31,99.72369
1530019860,80.44,80,80.28,80.25,320.83808
1530019920,80.39,80.04,80.04,80.37,130.3819
1530019980,80.32,80.18,80.32,80.18,46.92605
1530020040,80.24,79.74,80.24,79.9,480.11613
1530020100,80.26,79.87,80.07,80.16,154.08611
1530020160,80.32,80.16,80.31,80.31,83.68237
1530020220,80.31,80.22,80.28,80.29,40.18451
1530020280,80.28,80.16,80.16,80.28,144.37865
1530020340,80.27,80.17,80.22,80.17,129.24566
1530020400,80.28,80.17,80.19,80.2,71.76627
1530020460,80.27,80.19,80.22,80.19,58.10927
1530020520,80.2,79.89,80.17,80.05,117.50887
1530020580,80.19,80.03,80.1,80.03,94.57536
1530020640,80.07,79.67,80.05,79.68,183.17131
1530020700,80,79.54,79.8,79.72,239.96034
1530020760,79.87,79.59,79.72,79.64,246.9562
1530020820,79.84,79.5,79.84,79.6,158.71172
1530020880,79.57,79.31,79.5,79.5,767.45374
1530020940,79.73,79.38,79.5,79.48,184.66302
1530021000,79.58,79.39,79.48,79.48,116.4054
1530021060,79.52,79.42,79.43,79.49,94.66048
1530021120,79.56,79.29,79.45,79.34,142.01192
1530021180,79.49,79.34,79.41,79.44,63.54441
1530021240,79.55,79.4,79.49,79.48,231.09036
1530021300,79.68,79.49,79.5,79.68,54.48315
1530021360,79.79,79.51,79.65,79.79,286.52591
1530021420,79.74,79.56,79.7,79.59,58.67861
1530021480,79.7,79.58,79.64,79.59,59.27296
1530021540,79.64,79.45,79.63,79.45,212.24041
1530021600,79.54,79.35,79.42,79.53,198.67125
1530021660,79.69,79.52,79.56,79.66,89.29224
1530021720,79.7,79.56,79.69,79.68,84.10457
1530021780,79.68,79.61,79.68,79.66,76.81199
1530021840,79.65,79.24,79.6,79.31,56.49016
1530021900,79.51,79.4,79.4,79.4,184.47119
1530021960,79.58,79.47,79.5,79.58,70.40202
1530022020,79.65,79.56,79.58,79.63,53.49681
1530022080,79.65,79.54,79.61,79.65,89.86011
1530022140,79.65,79.57,79.57,79.63,96.7073
1530022200,79.65,79.65,79.65,79.65,2.58978
1530022260,79.65,79.55,79.55,79.64,83.05369
1530022320,79.58,79.48,79.55,79.58,48.50286
1530022380,79.48,79.22,79.43,79.22,195.96949
1530022440,79.34,79.15,79.34,79.27,121.21612
1530022500,79.26,78.16,79.14,78.97,1519.84927
1530022560,78.96,78.3,78.89,78.61,51.88391
1530022620,78.7,78.38,78.61,78.53,77.66798
1530022680,78.58,78.11,78.58,78.34,496.29673
1530022740,78.46,78.21,78.34,78.36,139.46979
1530022800,78.44,78.29,78.44,78.44,82.19966
1530022860,78.66,78.34,78.44,78.66,485.06927
1530022920,78.68,78.52,78.56,78.52,145.35541
1530022980,78.64,78.38,78.5,78.38,273.7173
1530023040,78.63,78.4,78.42,78.4,182.16562
1530023100,78.56,78.47,78.53,78.52,53.27858
1530023160,78.64,78.4,78.5,78.4,101.27434
1530023220,78.63,78.42,78.42,78.45,178.25973
1530023280,78.55,78.35,78.55,78.41,329.23187
1530023340,78.43,78.18,78.43,78.43,196.4577
1530023400,78.42,78.29,78.42,78.3,89.48386
1530023460,78.45,78.21,78.31,78.45,101.41899
1530023520,78.49,78.19,78.4,78.29,69.89298
1530023580,78.34,78.06,78.26,78.22,258.12034
1530023640,78.26,78.15,78.22,78.15,41.68606
1530023700,78.23,78.05,78.12,78.11,130.83174
1530023760,78.43,78.14,78.2,78.3,137.46632
1530023820,78.55,78.25,78.3,78.54,201.10424
1530023880,78.62,78.37,78.42,78.59,113.94508
1530023940,78.63,78.51,78.57,78.63,115.03635
1530024000,78.65,78.47,78.63,78.65,176.67297
1530024060,78.74,78.53,78.6,78.74,395.03825
1530024120,79.03,78.5,78.69,78.97,160.89084
1530024180,79.1,78.78,78.97,79.09,55.78313
1530024240,79.14,78.77,79.09,78.93,168.73172
1530024300,79.05,78.9,78.93,78.93,78.99477
1530024360,78.93,78.83,78.91,78.83,72.98869
1530024420,79.08,78.89,78.92,79.08,173.64553
1530024480,79.16,79.02,79.08,79.05,61.55275
1530024540,79.19,78.96,79.1,79.13,140.09135
1530024600,79.16,79.07,79.07,79.15,76.78902
1530024660,79.25,79.07,79.12,79.07,159.33442
1530024720,79.21,79.06,79.17,79.21,151.03169
1530024780,79.24,79.14,79.14,79.18,119.88423
1530024840,79.25,79.15,79.21,79.16,116.01214
1530024900,79.24,79.16,79.19,79.22,89.65172
1530024960,79.25,79.16,79.24,79.25,996.44724
1530025020,79.25,79.08,79.2,79.16,306.71522
1530025080,79.25,79.13,79.24,79.21,205.48895
1530025140,79.24,79.14,79.19,79.22,82.41376
1530025200,79.19,79.01,79.12,79.07,181.93527
1530025260,79.17,78.94,79.05,79.17,286.59234
1530025320,79.25,79.1,79.12,79.25,25.02803
1530025380,79.27,79.2,79.25,79.2,23.81326
1530025440,79.24,79.14,79.21,79.21,92.6395
1530025500,79.24,79.06,79.22,79.24,136.48159
1530025560,79.25,79.11,79.25,79.21,91.81227
1530025620,79.24,79.14,79.18,79.23,53.65868
1530025680,79.24,79.06,79.15,79.12,71.56583
1530025740,79.23,79.06,79.23,79.15,80.33569
1530025800,79.24,79.06,79.13,79.24,100.27556
1530025860,79.24,79.17,79.24,79.18,164.9448
1530025920,79.25,79.11,79.18,79.25,124.02473
1530025980,79.25,79.16,79.25,79.24,77.56661
1530026040,79.25,79.16,79.24,79.24,70.87606
1530026100,79.25,79.12,79.21,79.12,166.45375
1530026160,79.25,78.86,79.12,79.25,460.51609
1530026220,79.18,79.02,79.15,79.03,276.52298
1530026280,79.15,78.97,79.03,79.03,189.23188
1530026340,79.17,79,79.17,79.01,57.88801
1530026400,79.13,79,79.09,79.13,169.2434
1530026460,79.13,79.01,79.01,79.02,57.95398
1530026520,79.13,79.03,79.13,79.13,39.54991
1530026580,79.08,79,79.03,79.01,1307.65563
1530026640,79.04,79,79,79.01,130.28206
1530026700,79.02,78.87,79.01,78.87,101.29201
1530026760,78.97,78.86,78.97,78.89,27.69631
1530026820,78.95,78.91,78.91,78.91,51.54425
1530026880,79.1,78.91,78.94,79.1,262.29336
1530026940,79.19,79.03,79.14,79.16,480.73345
1530027000,79.25,79.05,79.18,79.25,664.79251
1530027060,79.17,79.04,79.17,79.05,88.5762
1530027120,79.21,79.05,79.05,79.21,110.74743
1530027180,79.21,79.04,79.16,79.16,66.10291
1530027240,79.18,79.03,79.15,79.16,158.54026
1530027300,79.17,79.04,79.17,79.16,50.12086
1530027360,79.18,79.03,79.09,79.13,127.50889
1530027420,79.09,79.02,79.09,79.06,26.67359
1530027480,79.07,78.98,79.07,78.98,716.79363
1530027540,79.02,78.96,78.97,79.02,101.39497
1530027600,79.14,78.89,78.92,78.92,210.41313
1530027660,79.09,78.96,79.02,79.03,191.95215
1530027720,79.08,78.95,78.96,79.08,219.24821
1530027780,79.08,78.95,79.08,78.95,211.263
1530027840,78.95,78.79,78.95,78.86,135.8525
1530027900,78.97,78.75,78.9,78.97,130.10301
1530027960,79.06,78.95,78.98,79.06,166.54163
1530028020,79.1,79,79,79.01,302.91308
1530028080,79.17,79.05,79.13,79.07,80.44579
1530028140,79.17,79.06,79.12,79.11,150.73336
1530028200,79.17,79.06,79.11,79.07,71.18103
1530028260,79.37,79.02,79.07,79.37,366.30068
1530028320,79.4,79.25,79.25,79.28,253.68652
1530028380,79.39,79.28,79.34,79.28,66.57074
1530028440,79.39,79.28,79.33,79.37,101.91004
1530028500,79.5,79.37,79.39,79.44,1430.74328
1530028560,79.54,79.44,79.44,79.51,7.32465
1530028620,79.6,79.5,79.5,79.52,61.28452
1530028680,79.64,79.52,79.53,79.61,119.83001
1530028740,79.65,79.61,79.62,79.64,84.5363
